   h    k    l      d (Å)      F(real)      F(imag)          |F|         2θ          I    M ID(λ) Phase
   1    0    0   4.123000    32.875420     7.078029      33.6287   21.53558   36.57930    6     1     1
   1    0    0   4.123000    32.861969     7.103912       33.621   21.58837   18.18851    6     2     1
   1    1    0   2.915401    56.424699     8.334325      57.0369   30.64078  100.00000   12     1     1
   1    1    0   2.915401    56.412498     8.365479      57.0294   30.71681   49.72135   12     2     1
   1    1    1   2.380415    28.918162     6.872873      29.7237   37.76125   11.48832    8     1     1
   1    1    1   2.380415    28.905102     6.898006      29.7168   37.85618    5.70977    8     2     1
   2    0    0   2.061500    48.437677     8.092755      49.1091   43.88281   16.82593    6     1     1
   2    0    0   2.061500    48.425829     8.123006      49.1024   43.99463    8.36263    6     2     1
   2    1    0   1.843862    26.024837     6.673664      26.8669   49.38682   15.41571   24     1     1
   2    1    0   1.843862    26.012155     6.698068      26.8607   49.51446    7.65919   24     2     1
   2    1    1   1.683208    43.105183     7.858187      43.8156   54.46933   32.80379   24     1     1
   2    1    1   1.683208    43.093679     7.887562      43.8096   54.61222   16.29996   24     2     1
   2    2    0   1.457701    39.159149     7.630419      39.8956   63.79922    9.54120   12     1     1
   2    2    0   1.457701    39.147978     7.658941      39.8901   63.97204    4.74125   12     2     1
   2    2    1   1.374333    21.827148     6.292399       22.716   68.17901    5.36951   24     1     1
   3    0    0   1.374333    21.827148     6.292399       22.716   68.17901    1.34238    6     1     1
   2    2    1   1.374333    21.815191     6.315410      22.7109   68.36694    2.66827   24     2     1
   3    0    0   1.374333    21.815191     6.315410      22.7109   68.36694    0.66707    6     2     1
   3    1    0   1.303807    36.010222     7.409252      36.7646   72.42838   12.45628   24     1     1
   3    1    0   1.303807    35.999375     7.436948      36.7595   72.63174    6.19290   24     2     1
   3    1    1   1.243131    20.160198     6.110015      21.0658   76.58000    3.69115   24     1     1
   3    1    1   1.243131    20.148587     6.132358      21.0611   76.79926    1.83565   24     2     1
   2    2    2   1.190208    33.365393     7.194495      34.1322   80.66090    2.96891    8     1     1
   2    2    2   1.190208    33.354860     7.221388      34.1276   80.89672    1.47760    8     2     1
   3    2    0   1.143514    18.680562     5.932916      19.6001   84.69445    2.74791   24     1     1
   3    2    0   1.143514    18.669288     5.954612      19.5959   84.94766    1.36842   24     2     1
   3    2    1   1.101918    31.069506     6.985963      31.8452   88.70175   13.81290   48     1     1
   3    2    1   1.101918    31.059278     7.012077       31.841   88.97338    6.88595   48     2     1
   4    0    0   1.030750    29.034659     6.783476      29.8166   96.71690    1.44405    6     1     1
   4    0    0   1.030750    29.024728     6.808833      29.8127   97.02951    0.72149    6     2     1
   3    2    2   0.999974    16.164560     5.593971      17.1051  100.76458    1.90339   24     1     1
   4    1    0   0.999974    16.164560     5.593971      17.1051  100.76458    1.90339   24     1     1
   3    2    2   0.999974    16.153930     5.614427      17.1018  101.10043    0.95210   24     2     1
   4    1    0   0.999974    16.153930     5.614427      17.1018  101.10043    0.95210   24     2     1
   3    3    0   0.971800    27.207175     6.586857      27.9932  104.86748    2.59306   12     1     1
   4    1    1   0.971800    27.207175     6.586857      27.9932  104.86748    5.18612   24     1     1
   3    3    0   0.971800    27.197532     6.611479      27.9896  105.22903    1.29911   12     2     1
   4    1    1   0.971800    27.197532     6.611479      27.9896  105.22903    2.59822   24     2     1
   3    3    1   0.945881    15.091553     5.431830      16.0393  109.05008    1.75921   24     1     1
   3    3    1   0.945881    15.081231     5.451693      16.0363  109.44045    0.88261   24     2     1
   4    2    0   0.921931    25.551587     6.395938      26.3399  113.34113    4.97755   24     1     1
   4    2    0   0.921931    25.542223     6.419846      26.3367  113.76433    2.50180   24     2     1
   4    2    1   0.899712    14.123284     5.274389       15.076  117.77592    3.47462   48     1     1
   4    2    1   0.899712    14.113261     5.293676      15.0734  118.23730    1.74949   48     2     1
   3    3    2   0.879027    24.042628     6.210552      24.8318  122.39989    5.10276   24     1     1
   3    3    2   0.879027    24.033536     6.233767      24.8288  122.90674    2.57505   24     2     1
