   h    k    l      d (Å)      F(real)      F(imag)          |F|         2θ          I    M ID(λ) Phase
   1    1    1   3.624028     6.399695     1.436696      6.55898   24.54397    0.60992    8     1     1
   1    1    1   3.624028     6.397273     1.442473      6.55788   24.60434    0.30329    8     2     1
   2    0    0   3.138500   113.006892     6.888098      113.217   28.41504  100.00000    6     1     1
   2    0    0   3.138500   113.008714     6.916524       113.22   28.48530   49.74072    6     2     1
   2    2    0   2.219255    94.935848     6.715477      95.1731   40.61970   64.91497   12     1     1
   2    2    0   2.219255    94.937624     6.743190      95.1768   40.72244   32.27777   12     2     1
   3    1    1   1.892587     5.977228     1.365588      6.13124   48.03394    0.36941   24     1     1
   3    1    1   1.892587     5.974927     1.371079      6.13022   48.15763    0.18357   24     2     1
   2    2    2   1.812014    82.855501     6.547181      83.1138   50.31464   20.36201    8     1     1
   2    2    2   1.812014    82.857233     6.574200      83.1176   50.44502   10.12214    8     2     1
   4    0    0   1.569250    74.211282     6.383103      74.4853   58.79545    8.61098    6     1     1
   4    0    0   1.569250    74.212970     6.409445      74.4892   58.95187    4.28030    6     2     1
   3    3    1   1.440043     4.143207     1.298000      4.34177   64.67593    0.09478   24     1     1
   3    3    1   1.440043     4.141019     1.303220      4.34125   64.85171    0.04710   24     2     1
   4    2    0   1.403580    67.704008     6.223137      67.9894   66.57061   21.84649   24     1     1
   4    2    0   1.403580    67.705654     6.248819      67.9934   66.75290   10.86143   24     2     1
   4    2    2   1.281287    62.595465     6.067180      62.8888   73.91027   15.15065   24     1     1
   4    2    2   1.281287    62.597070     6.092218      62.8928   74.11921    7.53656   24     2     1
   3    3    3   1.208009     2.845863     1.233757      3.10179   79.23477    0.01089    8     1     1
   5    1    1   1.208009     2.845863     1.233757      3.10179   79.23477    0.03266   24     1     1
   3    3    3   1.208009     2.843784     1.238718      3.10186   79.46469    0.00542    8     2     1
   5    1    1   1.208009     2.843784     1.238718      3.10186   79.46469    0.01626   24     2     1
   4    4    0   1.109627    54.937605     5.766892      55.2395   87.92602    4.52527   12     1     1
   4    4    0   1.109627    54.939130     5.790691      55.2435   88.19398    2.25643   12     2     1
   5    3    1   1.061007     2.117855     1.172694      2.42085   93.10508    0.03332   48     1     1
   5    3    1   1.061007     2.115879     1.177410      2.42141   93.39847    0.01664   48     2     1
   4    4    2   1.046167    51.913875     5.622369      52.2174   94.83500    7.69131   24     1     1
   6    0    0   1.046167    51.913875     5.622369      52.2174   94.83500    1.92283    6     1     1
   4    4    2   1.046167    51.915362     5.645572      52.2214   95.13742    3.84220   24     2     1
   6    0    0   1.046167    51.915362     5.645572      52.2214   95.13742    0.96055    6     2     1
   6    2    0   0.992481    49.239204     5.481468      49.5434  101.81561    6.91795   24     1     1
   6    2    0   0.992481    49.240654     5.504089      49.5473  102.15783    3.46360   24     2     1
   5    3    3   0.957234     1.762562     1.114653      2.08544  107.16473    0.01264   24     1     1
   5    3    3   0.957234     1.760683     1.119135      2.08626  107.54175    0.00634   24     2     1
   6    2    2   0.946293    46.828884     5.344097      47.1328  108.98006    6.55791   24     1     1
   6    2    2   0.946293    46.830297     5.366151      47.1367  109.36992    3.29185   24     2     1
   4    4    4   0.906007    44.624812     5.210170      44.9279  116.46911    2.17760    8     1     1
   4    4    4   0.906007    44.626190     5.231671      44.9318  116.91874    1.09638    8     2     1
   7    1    1   0.878956     1.614581     1.059485      1.93116  122.41667    0.01334   24     1     1
   5    5    1   0.878956     1.614581     1.059485      1.93116  122.41667    0.01334   24     1     1
   7    1    1   0.878956     1.612796     1.063745      1.93201  122.92371    0.00674   24     2     1
   5    5    1   0.878956     1.612796     1.063745      1.93201  122.92371    0.00674   24     2     1
   6    4    0   0.870463    42.586567     5.079598      42.8884  124.48508    6.84333   24     1     1
   6    4    0   0.870463    42.587910     5.100561      42.8923  125.01473    3.45850   24     2     1
