   h    k    l      d (Å)      F(real)      F(imag)          |F|         2θ          I    M ID(λ) Phase
   1    1    1   3.256313   -18.462006    -2.252430      18.5989   27.36658    8.80950    8     1     1
   1    1    1   3.256313   -18.462340    -2.261615      18.6003   27.43415    4.38244    8     2     1
   2    0    0   2.820050    84.624511     3.192725      84.6847   31.70358  100.00000    6     1     1
   2    0    0   2.820050    84.628381     3.206161      84.6891   31.78239   49.73803    6     2     1
   2    2    0   1.994076    70.287669     3.093920      70.3557   45.44799   62.31200   12     1     1
   2    2    0   1.994076    70.291420     3.106940      70.3601   45.56424   30.98046   12     2     1
   3    1    1   1.700554   -10.781328    -2.115176      10.9869   53.86852    2.06531   24     1     1
   3    1    1   1.700554   -10.781642    -2.123801      10.9888   54.00957    1.02689   24     2     1
   2    2    2   1.628157    60.818102     2.998172       60.892   56.47267   18.99564    8     1     1
   2    2    2   1.628157    60.821737     3.010789      60.8962   56.62175    9.44257    8     2     1
   4    0    0   1.410025    53.927236     2.905388      54.0054   66.22707    7.87474    6     1     1
   4    0    0   1.410025    53.930758     2.917615      54.0096   66.40817    3.91517    6     2     1
   3    3    1   1.293928    -9.994182    -1.986285      10.1897   73.07039    0.91857   24     1     1
   3    3    1   1.293928    -9.994477    -1.994384      10.1915   73.27615    0.45700   24     2     1
   4    2    0   1.261165    48.589270     2.815475      48.6708   75.29211   19.82442   24     1     1
   4    2    0   1.261165    48.592683     2.827323      48.6749   75.50634    9.86336   24     2     1
   4    2    2   1.151281    44.261874     2.728344      44.3459   83.99188   13.87732   24     1     1
   4    2    2   1.151281    44.265181     2.739826      44.3499   84.24197    6.91394   24     2     1
   3    3    3   1.085438   -10.089816    -1.865248      10.2608   90.41522    0.22971    8     1     1
   5    1    1   1.085438   -10.089816    -1.865248      10.2608   90.41522    0.68912   24     1     1
   3    3    3   1.085438   -10.090093    -1.872854      10.2624   90.69511    0.11463    8     2     1
   5    1    1   1.085438   -10.090093    -1.872854      10.2624   90.69511    0.34389   24     2     1
   4    4    0   0.997038    37.510927     2.562089      37.5983  101.17312    4.49398   12     1     1
   4    4    0   0.997038    37.514033     2.572872      37.6022  101.51143    2.24960   12     2     1
   5    3    1   0.953351   -10.023995    -1.751587      10.1759  107.79971    1.36717   48     1     1
   5    3    1   0.953351   -10.024255    -1.758729      10.1774  108.18116    0.68605   48     2     1
   4    4    2   0.940017    34.775365     2.482801      34.8639  110.05950    8.19716   24     1     1
   6    0    0   0.940017    34.775365     2.482801      34.8639  110.05950    2.04929    6     1     1
   4    4    2   0.940017    34.778375     2.493249      34.8676  110.45728    4.11660   24     2     1
   6    0    0   0.940017    34.778375     2.493249      34.8676  110.45728    1.02915    6     2     1
   6    2    0   0.891778    32.344956     2.405965      32.4343  119.48645    8.07279   24     1     1
   6    2    0   0.891778    32.347872     2.416091       32.438  119.96390    4.07014   24     2     1
   5    3    3   0.860107    -9.691708    -1.644852       9.8303  127.16655    0.85844   24     1     1
   5    3    3   0.860107    -9.691952    -1.651559      9.83166  127.72798    0.43452   24     2     1
