   h    k    l      d (Å)      F(real)      F(imag)          |F|         2θ          I    M ID(λ) Phase
   1    1    1   3.135012    44.455961   -41.812353      61.0295   28.44732  100.00000    8     1     1
   1    1    1   3.135012    44.464219   -41.809002      61.0333   28.51767   49.74362    8     2     1
   2    2    0   1.919795    71.702172     2.643607      71.7509   47.31131   67.73697   12     1     1
   2    2    0   1.919795    71.707078     2.655217      71.7562   47.43290   33.67687   12     2     1
   3    1    1   1.637207    32.341272    34.984879      47.6435   56.13278   40.48647   24     1     1
   3    1    1   1.637207    32.337920    34.993137      47.6473   56.28081   20.12590   24     2     1
   2    2    2   1.567506     0.000000     0.000000 1.18794e-014   58.86730    0.00000    8     1     1
   2    2    2   1.567506     0.000000     0.000000 1.18794e-014   59.02395    0.00000    8     2     1
   4    0    0   1.357500    62.086287     2.643607      62.1425   69.14346   10.90732    6     1     1
   4    0    0   1.357500    62.091193     2.655217      62.1479   69.33482    5.42387    6     2     1
   3    3    1   1.245727    31.068757   -28.425150      42.1101   76.39159   16.55614   24     1     1
   3    3    1   1.245727    31.077015   -28.421798      42.1139   76.61011    8.23847   24     2     1
   4    2    2   1.108394    55.644804     2.643607      55.7076   88.04905   23.78346   24     1     1
   4    2    2   1.108394    55.649711     2.655217       55.713   88.31759   11.86004   24     2     1
   3    3    3   1.045004    25.448043    28.091650      37.9044   94.97383    3.49353    8     1     1
   5    1    1   1.045004    28.091650   -25.448043      37.9044   94.97383   10.48059   24     1     1
   3    3    3   1.045004    25.444691    28.099908      37.9083   95.27699    1.74536    8     2     1
   5    1    1   1.045004    28.099908   -25.444691      37.9083   95.27699    5.23607   24     2     1
   4    4    0   0.959897    50.305229     2.643607      50.3746  106.73476    9.50611   12     1     1
   4    4    0   0.959897    50.310135     2.655217      50.3802  107.10882    4.76800   12     2     1
   5    3    1   0.917837    22.933722    25.577329      34.3534  114.12232   19.12037   48     1     1
   5    3    1   0.917837    22.930370    25.585587      34.3573  114.55191    9.61784   48     2     1
   4    4    2   0.905000    -0.000000     0.000000 3.62237e-014  116.67532    0.00000   24     1     1
   4    4    2   0.905000    -0.000000     0.000000 3.64409e-014  117.12678    0.00000   24     2     1
   6    2    0   0.858558    45.740160     2.643607      45.8165  127.58422   21.53736   24     1     1
   6    2    0   0.858558    45.745066     2.655217      45.8221  128.15087   10.90387   24     2     1
