MIN=0	-0,3	-1	0	
MAX=0,02	0,3	1	25000	
SCALE=1	0,1	0,5	10000	
DEC=5	4	3	0	
DEF="Zeit" t / ms	"Spannung" U_A1 / V	"Spannung" U_B1 / V	"Frequenz" f / Hz	
0	0,00225	-0,012	NAN	
0,02	0,00255	-0,0095	NAN	
0,04	0,0027	-0,008	NAN	
0,06	0,00285	-0,0065	NAN	
0,08	0,0027	-0,004	NAN	
0,1	0,0027	-0,002	NAN	
0,12	0,0027	-0,0005	NAN	
0,14	0,0027	0,0025	NAN	
0,16	0,00285	0,0035	NAN	
0,18	0,0027	0,0055	NAN	
0,2	0,0027	0,007	NAN	
0,22	0,00285	0,009	NAN	
0,24	0,00315	0,012	NAN	
0,26	0,003	0,0135	NAN	
0,28	0,00285	0,0155	NAN	
0,3	0,00285	0,0175	NAN	
0,32	0,003	0,0195	NAN	
0,34	0,00285	0,021	NAN	
0,36	0,003	0,023	NAN	
0,38	0,00315	0,0255	NAN	
0,4	0,00315	0,0275	NAN	
0,42	0,0033	0,029	NAN	
0,44	0,00345	0,0315	NAN	
0,46	0,0033	0,0335	NAN	
0,48	0,0033	0,035	NAN	
0,5	0,00315	0,037	NAN	
0,52	0,00345	0,039	NAN	
0,54	0,00345	0,041	NAN	
0,56	0,00345	0,0425	NAN	
0,58	0,00345	0,045	NAN	
0,6	0,00345	0,047	NAN	
0,62	0,0036	0,049	NAN	
0,64	0,00345	0,051	NAN	
0,66	0,0039	0,0535	NAN	
0,68	0,0036	0,055	NAN	
0,7	0,00345	0,057	NAN	
0,72	0,00405	0,059	NAN	
0,74	0,0039	0,061	NAN	
0,76	0,0039	0,0625	NAN	
0,78	0,00375	0,065	NAN	
0,8	0,0039	0,0665	NAN	
0,82	0,00405	0,0685	NAN	
0,84	0,00375	0,071	NAN	
0,86	0,00405	0,073	NAN	
0,88	0,00405	0,0745	NAN	
0,9	0,00405	0,0765	NAN	
0,92	0,0042	0,079	NAN	
0,94	0,00435	0,0805	NAN	
0,96	0,0042	0,082	NAN	
0,98	0,0042	0,0845	NAN	
1	0,00435	0,087	NAN	
1,02	0,00435	0,088	NAN	
1,04	0,00435	0,0905	NAN	
1,06	0,0045	0,093	NAN	
1,08	0,0045	0,0945	NAN	
1,1	0,00435	0,096	NAN	
1,12	0,0045	0,0985	NAN	
1,14	0,00465	0,1005	NAN	
1,16	0,0045	0,102	NAN	
1,18	0,0045	0,104	NAN	
1,2	0,00465	0,1065	NAN	
1,22	0,00495	0,1085	NAN	
1,24	0,00495	0,11	NAN	
1,26	0,00495	0,112	NAN	
1,28	0,00495	0,114	NAN	
1,3	0,00495	0,116	NAN	
1,32	0,0051	0,118	NAN	
1,34	0,00525	0,12	NAN	
1,36	0,00525	0,1225	NAN	
1,38	0,0051	0,1235	NAN	
1,4	0,0051	0,1255	NAN	
1,42	0,00555	0,128	NAN	
1,44	0,00555	0,13	NAN	
1,46	0,0054	0,1315	NAN	
1,48	0,00555	0,1335	NAN	
1,5	0,0054	0,135	NAN	
1,52	0,0054	0,137	NAN	
1,54	0,00555	0,139	NAN	
1,56	0,0057	0,1415	NAN	
1,58	0,00555	0,143	NAN	
1,6	0,0057	0,1445	NAN	
1,62	0,00615	0,1465	NAN	
1,64	0,00615	0,149	NAN	
1,66	0,00615	0,1505	NAN	
1,68	0,00615	0,152	NAN	
1,7	0,00615	0,1545	NAN	
1,72	0,00645	0,1565	NAN	
1,74	0,00645	0,1575	NAN	
1,76	0,00645	0,16	NAN	
1,78	0,00645	0,162	NAN	
1,8	0,00645	0,1635	NAN	
1,82	0,00675	0,165	NAN	
1,84	0,00675	0,167	NAN	
1,86	0,00675	0,169	NAN	
1,88	0,00675	0,17	NAN	
1,9	0,0069	0,173	NAN	
1,92	0,0072	0,1745	NAN	
1,94	0,0072	0,176	NAN	
1,96	0,0072	0,1785	NAN	
1,98	0,00735	0,18	NAN	
2	0,0075	0,1815	NAN	
2,02	0,00765	0,1825	NAN	
2,04	0,00765	0,185	NAN	
2,06	0,0078	0,187	NAN	
2,08	0,00795	0,1885	NAN	
2,1	0,00795	0,19	NAN	
2,12	0,00825	0,1925	NAN	
2,14	0,00825	0,194	NAN	
2,16	0,00825	0,195	NAN	
2,18	0,0084	0,1975	NAN	
2,2	0,0084	0,1985	NAN	
2,22	0,00885	0,2005	NAN	
2,24	0,009	0,2025	NAN	
2,26	0,0093	0,2045	NAN	
2,28	0,0093	0,2055	NAN	
2,3	0,0093	0,2085	NAN	
2,32	0,0096	0,209	NAN	
2,34	0,00975	0,2105	NAN	
2,36	0,0099	0,212	NAN	
2,38	0,01005	0,214	NAN	
2,4	0,01035	0,216	NAN	
2,42	0,0105	0,217	NAN	
2,44	0,0105	0,219	NAN	
2,46	0,01095	0,221	NAN	
2,48	0,0111	0,2215	NAN	
2,5	0,0111	0,2235	NAN	
2,52	0,0114	0,225	NAN	
2,54	0,0117	0,2265	NAN	
2,56	0,01185	0,228	NAN	
2,58	0,012	0,2295	NAN	
2,6	0,01245	0,2315	NAN	
2,62	0,0129	0,2325	NAN	
2,64	0,0129	0,234	NAN	
2,66	0,0132	0,236	NAN	
2,68	0,0135	0,237	NAN	
2,7	0,01365	0,238	NAN	
2,72	0,01395	0,24	NAN	
2,74	0,0144	0,2415	NAN	
2,76	0,01455	0,243	NAN	
2,78	0,01485	0,244	NAN	
2,8	0,01515	0,2455	NAN	
2,82	0,0159	0,2475	NAN	
2,84	0,0159	0,248	NAN	
2,86	0,0162	0,2495	NAN	
2,88	0,0165	0,2515	NAN	
2,9	0,0168	0,2525	NAN	
2,92	0,01725	0,2535	NAN	
2,94	0,01785	0,255	NAN	
2,96	0,01845	0,257	NAN	
2,98	0,0186	0,2575	NAN	
3	0,01905	0,2585	NAN	
3,02	0,0198	0,26	NAN	
3,04	0,0201	0,2615	NAN	
3,06	0,02055	0,262	NAN	
3,08	0,02115	0,264	NAN	
3,1	0,02175	0,265	NAN	
3,12	0,0222	0,266	NAN	
3,14	0,02265	0,267	NAN	
3,16	0,0231	0,2685	NAN	
3,18	0,0237	0,2695	NAN	
3,2	0,0243	0,2705	NAN	
3,22	0,02505	0,272	NAN	
3,24	0,0258	0,2735	NAN	
3,26	0,0264	0,2745	NAN	
3,28	0,02685	0,2745	NAN	
3,3	0,02775	0,2765	NAN	
3,32	0,0285	0,2775	NAN	
3,34	0,0294	0,279	NAN	
3,36	0,0303	0,28	NAN	
3,38	0,03105	0,281	NAN	
3,4	0,0318	0,2815	NAN	
3,42	0,0327	0,2825	NAN	
3,44	0,0339	0,284	NAN	
3,46	0,03465	0,285	NAN	
3,48	0,03555	0,2855	NAN	
3,5	0,0366	0,287	NAN	
3,52	0,03765	0,288	NAN	
3,54	0,03885	0,2885	NAN	
3,56	0,0402	0,29	NAN	
3,58	0,0414	0,291	NAN	
3,6	0,04245	0,2915	NAN	
3,62	0,0441	0,292	NAN	
3,64	0,04545	0,2935	NAN	
3,66	0,0471	0,294	NAN	
3,68	0,04875	0,295	NAN	
3,7	0,05055	0,296	NAN	
3,72	0,05265	0,297	NAN	
3,74	0,0546	0,2975	NAN	
3,76	0,05655	0,298	NAN	
3,78	0,05925	0,2995	NAN	
3,8	0,06195	0,2995	NAN	
3,82	0,06465	0,301	NAN	
3,84	0,0678	0,302	NAN	
3,86	0,07155	0,303	NAN	
3,88	0,07515	0,303	NAN	
3,9	0,0792	0,3035	NAN	
3,92	0,08385	0,305	NAN	
3,94	0,08865	0,3055	NAN	
3,96	0,0939	0,305	NAN	
3,98	0,09975	0,3065	NAN	
4	0,1065	0,3075	NAN	
4,02	0,114	0,3075	NAN	
4,04	0,1227	0,3085	NAN	
4,06	0,13275	0,3095	NAN	
4,08	0,1437	0,31	NAN	
4,1	0,156	0,31	NAN	
4,12	0,16905	0,3105	NAN	
4,14	0,1827	0,3115	NAN	
4,16	0,19605	0,3115	NAN	
4,18	0,20955	0,3105	NAN	
4,2	0,2229	0,313	NAN	
4,22	0,23565	0,313	NAN	
4,24	0,24795	0,3135	NAN	
4,26	0,25995	0,314	NAN	
4,28	0,2712	0,315	NAN	
4,3	0,28215	0,315	NAN	
4,32	0,2925	0,3155	NAN	
4,34	0,30225	0,316	NAN	
4,36	0,3072	0,3155	NAN	
4,38	0,3072	0,316	NAN	
4,4	0,3072	0,3165	NAN	
4,42	0,3072	0,317	NAN	
4,44	0,3072	0,3175	NAN	
4,46	0,3072	0,317	NAN	
4,48	0,3072	0,3175	NAN	
4,5	0,3072	0,318	NAN	
4,52	0,3072	0,318	NAN	
4,54	0,3072	0,3185	NAN	
4,56	0,3072	0,3185	NAN	
4,58	0,3072	0,3185	NAN	
4,6	0,3072	0,319	NAN	
4,62	0,3072	0,319	NAN	
4,64	0,3072	0,3195	NAN	
4,66	0,3072	0,3195	NAN	
4,68	0,3072	0,3195	NAN	
4,7	0,3072	0,319	NAN	
4,72	0,3072	0,32	NAN	
4,74	0,3072	0,3205	NAN	
4,76	0,3072	0,3205	NAN	
4,78	0,3072	0,3205	NAN	
4,8	0,3072	0,3205	NAN	
4,82	0,3072	0,3205	NAN	
4,84	0,3072	0,3205	NAN	
4,86	0,3072	0,321	NAN	
4,88	0,3072	0,3205	NAN	
4,9	0,3072	0,321	NAN	
4,92	0,3072	0,321	NAN	
4,94	0,3072	0,3205	NAN	
4,96	0,3072	0,321	NAN	
4,98	0,3072	0,321	NAN	
5	0,3072	0,3205	NAN	
5,02	0,3072	0,3205	NAN	
5,04	0,3072	0,3215	NAN	
5,06	0,3072	0,32	NAN	
5,08	0,3072	0,321	NAN	
5,1	0,3072	0,321	NAN	
5,12	0,3072	0,321	NAN	
5,14	0,3072	0,3205	NAN	
5,16	0,3072	0,32	NAN	
5,18	0,3072	0,3205	NAN	
5,2	0,3072	0,3205	NAN	
5,22	0,3072	0,32	NAN	
5,24	0,3072	0,3205	NAN	
5,26	0,3072	0,32	NAN	
5,28	0,3072	0,32	NAN	
5,3	0,3072	0,32	NAN	
5,32	0,3072	0,32	NAN	
5,34	0,3072	0,32	NAN	
5,36	0,3072	0,3195	NAN	
5,38	0,3072	0,32	NAN	
5,4	0,3072	0,3195	NAN	
5,42	0,3072	0,319	NAN	
5,44	0,3072	0,319	NAN	
5,46	0,3072	0,319	NAN	
5,48	0,29565	0,3185	NAN	
5,5	0,2838	0,3185	NAN	
5,52	0,27165	0,3175	NAN	
5,54	0,25965	0,318	NAN	
5,56	0,24765	0,318	NAN	
5,58	0,2358	0,3175	NAN	
5,6	0,22425	0,3175	NAN	
5,62	0,2127	0,317	NAN	
5,64	0,20145	0,3165	NAN	
5,66	0,1908	0,3165	NAN	
5,68	0,1806	0,316	NAN	
5,7	0,17115	0,316	NAN	
5,72	0,16185	0,3155	NAN	
5,74	0,15345	0,3155	NAN	
5,76	0,1455	0,315	NAN	
5,78	0,13845	0,315	NAN	
5,8	0,1323	0,315	NAN	
5,82	0,12645	0,314	NAN	
5,84	0,1209	0,3135	NAN	
5,86	0,11595	0,313	NAN	
5,88	0,1113	0,3125	NAN	
5,9	0,10695	0,312	NAN	
5,92	0,1029	0,312	NAN	
5,94	0,09915	0,312	NAN	
5,96	0,09525	0,311	NAN	
5,98	0,0915	0,3105	NAN	
6	0,08835	0,31	NAN	
6,02	0,0852	0,3095	NAN	
6,04	0,0819	0,3085	NAN	
6,06	0,0789	0,308	NAN	
6,08	0,07605	0,308	NAN	
6,1	0,0735	0,3075	NAN	
6,12	0,0708	0,306	NAN	
6,14	0,0687	0,306	NAN	
6,16	0,06615	0,3055	NAN	
6,18	0,06375	0,3045	NAN	
6,2	0,06165	0,3045	NAN	
6,22	0,0597	0,304	NAN	
6,24	0,05775	0,303	NAN	
6,26	0,05595	0,302	NAN	
6,28	0,0543	0,302	NAN	
6,3	0,05295	0,3015	NAN	
6,32	0,0513	0,3	NAN	
6,34	0,0498	0,3	NAN	
6,36	0,0483	0,299	NAN	
6,38	0,04695	0,2985	NAN	
6,4	0,04545	0,297	NAN	
6,42	0,0444	0,297	NAN	
6,44	0,04305	0,2965	NAN	
6,46	0,0417	0,295	NAN	
6,48	0,0405	0,2945	NAN	
6,5	0,03975	0,294	NAN	
6,52	0,03855	0,293	NAN	
6,54	0,0375	0,292	NAN	
6,56	0,0366	0,2915	NAN	
6,58	0,0354	0,29	NAN	
6,6	0,03435	0,2895	NAN	
6,62	0,0336	0,289	NAN	
6,64	0,0327	0,2885	NAN	
6,66	0,03165	0,287	NAN	
6,68	0,0306	0,2855	NAN	
6,7	0,03	0,285	NAN	
6,72	0,0294	0,2845	NAN	
6,74	0,0285	0,2835	NAN	
6,76	0,02775	0,282	NAN	
6,78	0,02715	0,2815	NAN	
6,8	0,0264	0,2805	NAN	
6,82	0,0255	0,279	NAN	
6,84	0,02505	0,278	NAN	
6,86	0,02415	0,2775	NAN	
6,88	0,0234	0,276	NAN	
6,9	0,0231	0,275	NAN	
6,92	0,0225	0,274	NAN	
6,94	0,0219	0,273	NAN	
6,96	0,0213	0,2725	NAN	
6,98	0,02055	0,271	NAN	
7	0,0201	0,2695	NAN	
7,02	0,0195	0,269	NAN	
7,04	0,01905	0,268	NAN	
7,06	0,0186	0,267	NAN	
7,08	0,01785	0,2655	NAN	
7,1	0,0177	0,2645	NAN	
7,12	0,01725	0,2635	NAN	
7,14	0,01665	0,262	NAN	
7,16	0,01605	0,261	NAN	
7,18	0,0156	0,2605	NAN	
7,2	0,01515	0,2585	NAN	
7,22	0,01485	0,257	NAN	
7,24	0,01425	0,2565	NAN	
7,26	0,01395	0,255	NAN	
7,28	0,0135	0,253	NAN	
7,3	0,01305	0,252	NAN	
7,32	0,0129	0,2515	NAN	
7,34	0,01245	0,2505	NAN	
7,36	0,01215	0,2485	NAN	
7,38	0,0117	0,247	NAN	
7,4	0,0114	0,2465	NAN	
7,42	0,01095	0,2445	NAN	
7,44	0,0105	0,2435	NAN	
7,46	0,0102	0,242	NAN	
7,48	0,0099	0,2405	NAN	
7,5	0,00975	0,239	NAN	
7,52	0,0093	0,2375	NAN	
7,54	0,0093	0,237	NAN	
7,56	0,0087	0,2355	NAN	
7,58	0,00825	0,2335	NAN	
7,6	0,0081	0,233	NAN	
7,62	0,00795	0,231	NAN	
7,64	0,00765	0,229	NAN	
7,66	0,00735	0,228	NAN	
7,68	0,00705	0,227	NAN	
7,7	0,0069	0,225	NAN	
7,72	0,0066	0,2235	NAN	
7,74	0,00645	0,222	NAN	
7,76	0,00615	0,221	NAN	
7,78	0,0057	0,219	NAN	
7,8	0,00555	0,217	NAN	
7,82	0,00555	0,217	NAN	
7,84	0,00525	0,2145	NAN	
7,86	0,00495	0,2125	NAN	
7,88	0,0048	0,2115	NAN	
7,9	0,00465	0,21	NAN	
7,92	0,00435	0,2085	NAN	
7,94	0,0042	0,2065	NAN	
7,96	0,0039	0,2055	NAN	
7,98	0,00375	0,204	NAN	
8	0,0036	0,202	NAN	
8,02	0,00345	0,2005	NAN	
8,04	0,0033	0,199	NAN	
8,06	0,003	0,197	NAN	
8,08	0,00285	0,195	NAN	
8,1	0,003	0,1945	NAN	
8,12	0,0027	0,192	NAN	
8,14	0,00255	0,191	NAN	
8,16	0,0024	0,189	NAN	
8,18	0,0021	0,1875	NAN	
8,2	0,0021	0,186	NAN	
8,22	0,00165	0,184	NAN	
8,24	0,0018	0,1825	NAN	
8,26	0,00165	0,181	NAN	
8,28	0,00135	0,179	NAN	
8,3	0,00135	0,1775	NAN	
8,32	0,0015	0,176	NAN	
8,34	0,00105	0,1735	NAN	
8,36	0,0012	0,172	NAN	
8,38	0,0009	0,1705	NAN	
8,4	0,0009	0,1685	NAN	
8,42	0,0006	0,167	NAN	
8,44	0,0006	0,165	NAN	
8,46	0,00045	0,163	NAN	
8,48	0,00045	0,1615	NAN	
8,5	0,0003	0,1595	NAN	
8,52	0,00015	0,158	NAN	
8,54	0	0,156	NAN	
8,56	0,00015	0,154	NAN	
8,58	0	0,153	NAN	
8,6	-0,00015	0,1505	NAN	
8,62	-0,00015	0,149	NAN	
8,64	-0,00045	0,147	NAN	
8,66	-0,0003	0,146	NAN	
8,68	-0,0003	0,1435	NAN	
8,7	-0,00045	0,1405	NAN	
8,72	-0,00045	0,14	NAN	
8,74	-0,0006	0,138	NAN	
8,76	-0,00075	0,136	NAN	
8,78	-0,00075	0,1345	NAN	
8,8	-0,00075	0,133	NAN	
8,82	-0,0009	0,13	NAN	
8,84	-0,00135	0,13	NAN	
8,86	-0,00105	0,1275	NAN	
8,88	-0,00105	0,125	NAN	
8,9	-0,00135	0,1225	NAN	
8,92	-0,00135	0,121	NAN	
8,94	-0,00135	0,12	NAN	
8,96	-0,0012	0,1175	NAN	
8,98	-0,0015	0,116	NAN	
9	-0,00135	0,114	NAN	
9,02	-0,0015	0,112	NAN	
9,04	-0,0018	0,1095	NAN	
9,06	-0,00165	0,1075	NAN	
9,08	-0,00135	0,1065	NAN	
9,1	-0,00165	0,104	NAN	
9,12	-0,00165	0,1015	NAN	
9,14	-0,00165	0,1	NAN	
9,16	-0,0015	0,0985	NAN	
9,18	-0,00195	0,096	NAN	
9,2	-0,0018	0,0945	NAN	
9,22	-0,00195	0,0925	NAN	
9,24	-0,00195	0,0905	NAN	
9,26	-0,0021	0,09	NAN	
9,28	-0,00195	0,087	NAN	
9,3	-0,0021	0,085	NAN	
9,32	-0,0024	0,0825	NAN	
9,34	-0,0024	0,081	NAN	
9,36	-0,0021	0,0795	NAN	
9,38	-0,00225	0,077	NAN	
9,4	-0,00255	0,076	NAN	
9,42	-0,0024	0,073	NAN	
9,44	-0,0027	0,071	NAN	
9,46	-0,0027	0,0695	NAN	
9,48	-0,00255	0,067	NAN	
9,5	-0,00255	0,0655	NAN	
9,52	-0,0027	0,0635	NAN	
9,54	-0,00285	0,061	NAN	
9,56	-0,00255	0,0595	NAN	
9,58	-0,00285	0,0575	NAN	
9,6	-0,00285	0,0555	NAN	
9,62	-0,00285	0,0535	NAN	
9,64	-0,00285	0,051	NAN	
9,66	-0,003	0,0495	NAN	
9,68	-0,003	0,048	NAN	
9,7	-0,003	0,046	NAN	
9,72	-0,00315	0,044	NAN	
9,74	-0,0033	0,042	NAN	
9,76	-0,003	0,0395	NAN	
9,78	-0,003	0,038	NAN	
9,8	-0,00315	0,036	NAN	
9,82	-0,00315	0,0345	NAN	
9,84	-0,00315	0,0325	NAN	
9,86	-0,00345	0,03	NAN	
9,88	-0,00345	0,028	NAN	
9,9	-0,00345	0,026	NAN	
9,92	-0,00345	0,024	NAN	
9,94	-0,00345	0,022	NAN	
9,96	-0,00345	0,0205	NAN	
9,98	-0,00345	0,0185	NAN	
10	-0,00345	0,0165	NAN	
10,02	-0,0036	0,014	NAN	
10,04	-0,00375	0,0125	NAN	
10,06	-0,0036	0,0105	NAN	
10,08	-0,00375	0,008	NAN	
10,1	-0,0039	0,0065	NAN	
10,12	-0,0039	0,0045	NAN	
10,14	-0,00405	0,0025	NAN	
10,16	-0,00375	0	NAN	
10,18	-0,0039	-0,0015	NAN	
10,2	-0,00375	-0,003	NAN	
10,22	-0,0039	-0,0055	NAN	
10,24	-0,00405	-0,0075	NAN	
10,26	-0,0039	-0,009	NAN	
10,28	-0,0039	-0,011	NAN	
10,3	-0,00405	-0,0135	NAN	
10,32	-0,0042	-0,015	NAN	
10,34	-0,00405	-0,0175	NAN	
10,36	-0,00405	-0,0195	NAN	
10,38	-0,0042	-0,0215	NAN	
10,4	-0,00405	-0,0225	NAN	
10,42	-0,0042	-0,025	NAN	
10,44	-0,00435	-0,027	NAN	
10,46	-0,00435	-0,029	NAN	
10,48	-0,00435	-0,031	NAN	
10,5	-0,0045	-0,033	NAN	
10,52	-0,0045	-0,0355	NAN	
10,54	-0,0045	-0,037	NAN	
10,56	-0,00435	-0,039	NAN	
10,58	-0,0045	-0,0415	NAN	
10,6	-0,00465	-0,043	NAN	
10,62	-0,00435	-0,045	NAN	
10,64	-0,0048	-0,047	NAN	
10,66	-0,0048	-0,0495	NAN	
10,68	-0,00465	-0,051	NAN	
10,7	-0,0048	-0,053	NAN	
10,72	-0,00495	-0,055	NAN	
10,74	-0,00495	-0,057	NAN	
10,76	-0,0045	-0,0585	NAN	
10,78	-0,0048	-0,061	NAN	
10,8	-0,00495	-0,063	NAN	
10,82	-0,00495	-0,0645	NAN	
10,84	-0,0051	-0,067	NAN	
10,86	-0,00495	-0,0685	NAN	
10,88	-0,00495	-0,071	NAN	
10,9	-0,00495	-0,0725	NAN	
10,92	-0,0051	-0,0745	NAN	
10,94	-0,0054	-0,077	NAN	
10,96	-0,00525	-0,0785	NAN	
10,98	-0,00525	-0,081	NAN	
11	-0,00525	-0,0825	NAN	
11,02	-0,0054	-0,0845	NAN	
11,04	-0,0054	-0,087	NAN	
11,06	-0,00555	-0,0885	NAN	
11,08	-0,00555	-0,0905	NAN	
11,1	-0,00555	-0,092	NAN	
11,12	-0,00555	-0,0945	NAN	
11,14	-0,0057	-0,0965	NAN	
11,16	-0,00555	-0,0985	NAN	
11,18	-0,0057	-0,101	NAN	
11,2	-0,0057	-0,1025	NAN	
11,22	-0,0057	-0,105	NAN	
11,24	-0,006	-0,106	NAN	
11,26	-0,006	-0,1085	NAN	
11,28	-0,006	-0,111	NAN	
11,3	-0,006	-0,112	NAN	
11,32	-0,006	-0,114	NAN	
11,34	-0,0063	-0,1165	NAN	
11,36	-0,006	-0,118	NAN	
11,38	-0,00615	-0,12	NAN	
11,4	-0,00615	-0,122	NAN	
11,42	-0,0063	-0,124	NAN	
11,44	-0,00645	-0,126	NAN	
11,46	-0,00615	-0,1275	NAN	
11,48	-0,0063	-0,13	NAN	
11,5	-0,0066	-0,132	NAN	
11,52	-0,0066	-0,133	NAN	
11,54	-0,00675	-0,1355	NAN	
11,56	-0,00675	-0,1375	NAN	
11,58	-0,0066	-0,139	NAN	
11,6	-0,0066	-0,141	NAN	
11,62	-0,0069	-0,1435	NAN	
11,64	-0,00705	-0,1455	NAN	
11,66	-0,0069	-0,1465	NAN	
11,68	-0,00705	-0,1485	NAN	
11,7	-0,0072	-0,151	NAN	
11,72	-0,00735	-0,1525	NAN	
11,74	-0,0072	-0,1545	NAN	
11,76	-0,00735	-0,157	NAN	
11,78	-0,00735	-0,1585	NAN	
11,8	-0,0075	-0,1595	NAN	
11,82	-0,00765	-0,162	NAN	
11,84	-0,0078	-0,164	NAN	
11,86	-0,00795	-0,1655	NAN	
11,88	-0,0078	-0,1675	NAN	
11,9	-0,00795	-0,1695	NAN	
11,92	-0,0081	-0,1715	NAN	
11,94	-0,0081	-0,172	NAN	
11,96	-0,00825	-0,1745	NAN	
11,98	-0,0084	-0,177	NAN	
12	-0,00855	-0,1775	NAN	
12,02	-0,00855	-0,1805	NAN	
12,04	-0,00885	-0,182	NAN	
12,06	-0,0087	-0,1835	NAN	
12,08	-0,0087	-0,185	NAN	
12,1	-0,009	-0,187	NAN	
12,12	-0,0093	-0,189	NAN	
12,14	-0,0093	-0,191	NAN	
12,16	-0,0093	-0,192	NAN	
12,18	-0,0096	-0,194	NAN	
12,2	-0,00975	-0,1955	NAN	
12,22	-0,0099	-0,197	NAN	
12,24	-0,0102	-0,199	NAN	
12,26	-0,0102	-0,2005	NAN	
12,28	-0,0102	-0,2025	NAN	
12,3	-0,01035	-0,2045	NAN	
12,32	-0,0105	-0,206	NAN	
12,34	-0,0108	-0,2075	NAN	
12,36	-0,01065	-0,209	NAN	
12,38	-0,01095	-0,2105	NAN	
12,4	-0,0111	-0,2125	NAN	
12,42	-0,01125	-0,2135	NAN	
12,44	-0,0117	-0,216	NAN	
12,46	-0,012	-0,217	NAN	
12,48	-0,012	-0,2185	NAN	
12,5	-0,01215	-0,22	NAN	
12,52	-0,01245	-0,222	NAN	
12,54	-0,0126	-0,224	NAN	
12,56	-0,0126	-0,2245	NAN	
12,58	-0,0129	-0,2265	NAN	
12,6	-0,0132	-0,2285	NAN	
12,62	-0,0135	-0,2295	NAN	
12,64	-0,01365	-0,2305	NAN	
12,66	-0,01395	-0,2325	NAN	
12,68	-0,01425	-0,234	NAN	
12,7	-0,0144	-0,235	NAN	
12,72	-0,015	-0,237	NAN	
12,74	-0,0153	-0,2385	NAN	
12,76	-0,01545	-0,2395	NAN	
12,78	-0,01545	-0,2405	NAN	
12,8	-0,01575	-0,242	NAN	
12,82	-0,01635	-0,244	NAN	
12,84	-0,0165	-0,2445	NAN	
12,86	-0,01695	-0,2465	NAN	
12,88	-0,0174	-0,2485	NAN	
12,9	-0,01785	-0,249	NAN	
12,92	-0,0183	-0,25	NAN	
12,94	-0,0186	-0,252	NAN	
12,96	-0,01905	-0,253	NAN	
12,98	-0,01935	-0,254	NAN	
13	-0,0198	-0,2555	NAN	
13,02	-0,02025	-0,2575	NAN	
13,04	-0,02085	-0,2585	NAN	
13,06	-0,02115	-0,259	NAN	
13,08	-0,0216	-0,261	NAN	
13,1	-0,0222	-0,262	NAN	
13,12	-0,02265	-0,263	NAN	
13,14	-0,02325	-0,2645	NAN	
13,16	-0,0237	-0,266	NAN	
13,18	-0,02445	-0,267	NAN	
13,2	-0,02475	-0,2675	NAN	
13,22	-0,0255	-0,269	NAN	
13,24	-0,02625	-0,2705	NAN	
13,26	-0,0267	-0,2715	NAN	
13,28	-0,02745	-0,2725	NAN	
13,3	-0,02835	-0,274	NAN	
13,32	-0,02895	-0,2745	NAN	
13,34	-0,02985	-0,2755	NAN	
13,36	-0,03045	-0,277	NAN	
13,38	-0,03135	-0,278	NAN	
13,4	-0,0321	-0,2785	NAN	
13,42	-0,033	-0,28	NAN	
13,44	-0,03405	-0,281	NAN	
13,46	-0,0348	-0,282	NAN	
13,48	-0,0357	-0,283	NAN	
13,5	-0,03675	-0,284	NAN	
13,52	-0,0378	-0,2855	NAN	
13,54	-0,03885	-0,286	NAN	
13,56	-0,0399	-0,287	NAN	
13,58	-0,0411	-0,2875	NAN	
13,6	-0,0423	-0,2885	NAN	
13,62	-0,04365	-0,2895	NAN	
13,64	-0,04515	-0,2905	NAN	
13,66	-0,04665	-0,2915	NAN	
13,68	-0,048	-0,2915	NAN	
13,7	-0,04995	-0,293	NAN	
13,72	-0,05175	-0,294	NAN	
13,74	-0,0534	-0,2945	NAN	
13,76	-0,0555	-0,296	NAN	
13,78	-0,05775	-0,2965	NAN	
13,8	-0,06	-0,2965	NAN	
13,82	-0,0627	-0,2975	NAN	
13,84	-0,0657	-0,2985	NAN	
13,86	-0,06855	-0,2995	NAN	
13,88	-0,072	-0,3	NAN	
13,9	-0,0756	-0,301	NAN	
13,92	-0,0798	-0,302	NAN	
13,94	-0,084	-0,3025	NAN	
13,96	-0,0885	-0,3025	NAN	
13,98	-0,0936	-0,3035	NAN	
14	-0,0993	-0,305	NAN	
14,02	-0,10545	-0,305	NAN	
14,04	-0,11235	-0,3055	NAN	
14,06	-0,1203	-0,3065	NAN	
14,08	-0,12945	-0,307	NAN	
14,1	-0,13965	-0,3065	NAN	
14,12	-0,15135	-0,308	NAN	
14,14	-0,16335	-0,3085	NAN	
14,16	-0,17595	-0,3085	NAN	
14,18	-0,18885	-0,309	NAN	
14,2	-0,2019	-0,31	NAN	
14,22	-0,21465	-0,3105	NAN	
14,24	-0,2265	-0,3105	NAN	
14,26	-0,2388	-0,311	NAN	
14,28	-0,2502	-0,3115	NAN	
14,3	-0,26115	-0,312	NAN	
14,32	-0,27195	-0,312	NAN	
14,34	-0,282	-0,3125	NAN	
14,36	-0,2916	-0,313	NAN	
14,38	-0,3006	-0,313	NAN	
14,4	-0,30705	-0,3135	NAN	
14,42	-0,30705	-0,3145	NAN	
14,44	-0,30705	-0,3135	NAN	
14,46	-0,30705	-0,3145	NAN	
14,48	-0,30705	-0,315	NAN	
14,5	-0,30705	-0,315	NAN	
14,52	-0,30705	-0,3155	NAN	
14,54	-0,30705	-0,3155	NAN	
14,56	-0,30705	-0,3165	NAN	
14,58	-0,30705	-0,316	NAN	
14,6	-0,30705	-0,3165	NAN	
14,62	-0,30705	-0,317	NAN	
14,64	-0,30705	-0,3165	NAN	
14,66	-0,30705	-0,317	NAN	
14,68	-0,30705	-0,317	NAN	
14,7	-0,30705	-0,317	NAN	
14,72	-0,30705	-0,3175	NAN	
14,74	-0,30705	-0,318	NAN	
14,76	-0,30705	-0,318	NAN	
14,78	-0,30705	-0,318	NAN	
14,8	-0,30705	-0,318	NAN	
14,82	-0,30705	-0,3185	NAN	
14,84	-0,30705	-0,3185	NAN	
14,86	-0,30705	-0,318	NAN	
14,88	-0,30705	-0,3185	NAN	
14,9	-0,30705	-0,3185	NAN	
14,92	-0,30705	-0,3185	NAN	
14,94	-0,30705	-0,3185	NAN	
14,96	-0,30705	-0,3185	NAN	
14,98	-0,30705	-0,3185	NAN	
15	-0,30705	-0,318	NAN	
15,02	-0,30705	-0,3185	NAN	
15,04	-0,30705	-0,3185	NAN	
15,06	-0,30705	-0,3185	NAN	
15,08	-0,30705	-0,3185	NAN	
15,1	-0,30705	-0,319	NAN	
15,12	-0,30705	-0,318	NAN	
15,14	-0,30705	-0,3175	NAN	
15,16	-0,30705	-0,319	NAN	
15,18	-0,30705	-0,3185	NAN	
15,2	-0,30705	-0,318	NAN	
15,22	-0,30705	-0,3175	NAN	
15,24	-0,30705	-0,318	NAN	
15,26	-0,30705	-0,318	NAN	
15,28	-0,30705	-0,317	NAN	
15,3	-0,30705	-0,318	NAN	
15,32	-0,30705	-0,3175	NAN	
15,34	-0,30705	-0,317	NAN	
15,36	-0,30705	-0,317	NAN	
15,38	-0,30705	-0,317	NAN	
15,4	-0,30705	-0,317	NAN	
15,42	-0,30705	-0,3165	NAN	
15,44	-0,30705	-0,317	NAN	
15,46	-0,2997	-0,317	NAN	
15,48	-0,2883	-0,316	NAN	
15,5	-0,2769	-0,316	NAN	
15,52	-0,26535	-0,316	NAN	
15,54	-0,2535	-0,3155	NAN	
15,56	-0,2418	-0,315	NAN	
15,58	-0,23025	-0,315	NAN	
15,6	-0,21885	-0,3155	NAN	
15,62	-0,20745	-0,3145	NAN	
15,64	-0,19635	-0,314	NAN	
15,66	-0,186	-0,314	NAN	
15,68	-0,17595	-0,3135	NAN	
15,7	-0,1665	-0,313	NAN	
15,72	-0,15765	-0,313	NAN	
15,74	-0,1494	-0,313	NAN	
15,76	-0,1422	-0,3125	NAN	
15,78	-0,13575	-0,3125	NAN	
15,8	-0,12975	-0,3115	NAN	
15,82	-0,12435	-0,3115	NAN	
15,84	-0,1188	-0,311	NAN	
15,86	-0,1143	-0,3105	NAN	
15,88	-0,10995	-0,3105	NAN	
15,9	-0,1056	-0,3095	NAN	
15,92	-0,10185	-0,309	NAN	
15,94	-0,09795	-0,309	NAN	
15,96	-0,09465	-0,3085	NAN	
15,98	-0,0912	-0,308	NAN	
16	-0,0882	-0,3075	NAN	
16,02	-0,0852	-0,3075	NAN	
16,04	-0,0819	-0,3065	NAN	
16,06	-0,0792	-0,306	NAN	
16,08	-0,07635	-0,305	NAN	
16,1	-0,07395	-0,305	NAN	
16,12	-0,07125	-0,3045	NAN	
16,14	-0,06885	-0,304	NAN	
16,16	-0,0666	-0,303	NAN	
16,18	-0,0645	-0,3025	NAN	
16,2	-0,06255	-0,302	NAN	
16,22	-0,0606	-0,3015	NAN	
16,24	-0,0588	-0,301	NAN	
16,26	-0,05685	-0,3	NAN	
16,28	-0,05505	-0,2995	NAN	
16,3	-0,05355	-0,299	NAN	
16,32	-0,0519	-0,298	NAN	
16,34	-0,05055	-0,2975	NAN	
16,36	-0,0492	-0,2965	NAN	
16,38	-0,0477	-0,2955	NAN	
16,4	-0,04635	-0,295	NAN	
16,42	-0,04515	-0,2945	NAN	
16,44	-0,0438	-0,294	NAN	
16,46	-0,04275	-0,293	NAN	
16,48	-0,0414	-0,292	NAN	
16,5	-0,0405	-0,2915	NAN	
16,52	-0,03945	-0,2905	NAN	
16,54	-0,0381	-0,2895	NAN	
16,56	-0,0372	-0,2895	NAN	
16,58	-0,0366	-0,288	NAN	
16,6	-0,0354	-0,287	NAN	
16,62	-0,03465	-0,286	NAN	
16,64	-0,0336	-0,286	NAN	
16,66	-0,03285	-0,285	NAN	
16,68	-0,03165	-0,283	NAN	
16,7	-0,03105	-0,283	NAN	
16,72	-0,03045	-0,2815	NAN	
16,74	-0,0294	-0,2805	NAN	
16,76	-0,02865	-0,28	NAN	
16,78	-0,0279	-0,279	NAN	
16,8	-0,0273	-0,278	NAN	
16,82	-0,02655	-0,2775	NAN	
16,84	-0,0258	-0,2765	NAN	
16,86	-0,0252	-0,2755	NAN	
16,88	-0,02445	-0,274	NAN	
16,9	-0,02385	-0,273	NAN	
16,92	-0,02325	-0,2725	NAN	
16,94	-0,0228	-0,271	NAN	
16,96	-0,02205	-0,27	NAN	
16,98	-0,02175	-0,2695	NAN	
17	-0,0213	-0,268	NAN	
17,02	-0,02055	-0,2665	NAN	
17,04	-0,01995	-0,2655	NAN	
17,06	-0,0195	-0,2645	NAN	
17,08	-0,01905	-0,2635	NAN	
17,1	-0,01845	-0,262	NAN	
17,12	-0,018	-0,261	NAN	
17,14	-0,01755	-0,2595	NAN	
17,16	-0,01695	-0,259	NAN	
17,18	-0,0165	-0,2575	NAN	
17,2	-0,01635	-0,2565	NAN	
17,22	-0,0159	-0,2555	NAN	
17,24	-0,015	-0,254	NAN	
17,26	-0,01485	-0,2525	NAN	
17,28	-0,01455	-0,252	NAN	
17,3	-0,0141	-0,25	NAN	
17,32	-0,0138	-0,249	NAN	
17,34	-0,0135	-0,248	NAN	
17,36	-0,01305	-0,2465	NAN	
17,38	-0,0126	-0,245	NAN	
17,4	-0,0126	-0,244	NAN	
17,42	-0,01215	-0,243	NAN	
17,44	-0,0114	-0,241	NAN	
17,46	-0,01125	-0,24	NAN	
17,48	-0,01095	-0,238	NAN	
17,5	-0,0108	-0,2375	NAN	
17,52	-0,01035	-0,236	NAN	
17,54	-0,01005	-0,2345	NAN	
17,56	-0,00975	-0,2335	NAN	
17,58	-0,0093	-0,2315	NAN	
17,6	-0,0093	-0,2305	NAN	
17,62	-0,00915	-0,229	NAN	
17,64	-0,00855	-0,2275	NAN	
17,66	-0,00825	-0,226	NAN	
17,68	-0,0081	-0,2245	NAN	
17,7	-0,00795	-0,2235	NAN	
17,72	-0,0075	-0,221	NAN	
17,74	-0,00735	-0,22	NAN	
17,76	-0,00705	-0,2185	NAN	
17,78	-0,0069	-0,2165	NAN	
17,8	-0,0066	-0,2155	NAN	
17,82	-0,0066	-0,2145	NAN	
17,84	-0,00615	-0,213	NAN	
17,86	-0,006	-0,2105	NAN	
17,88	-0,00585	-0,2095	NAN	
17,9	-0,0057	-0,208	NAN	
17,92	-0,00555	-0,206	NAN	
17,94	-0,0051	-0,2045	NAN	
17,96	-0,0051	-0,2035	NAN	
17,98	-0,00495	-0,2025	NAN	
18	-0,00465	-0,1995	NAN	
18,02	-0,00465	-0,1985	NAN	
18,04	-0,00435	-0,197	NAN	
18,06	-0,0042	-0,195	NAN	
18,08	-0,0039	-0,1935	NAN	
18,1	-0,0039	-0,1925	NAN	
18,12	-0,0039	-0,1905	NAN	
18,14	-0,0036	-0,1885	NAN	
18,16	-0,00345	-0,187	NAN	
18,18	-0,00345	-0,185	NAN	
18,2	-0,0033	-0,1835	NAN	
18,22	-0,003	-0,182	NAN	
18,24	-0,00285	-0,1805	NAN	
18,26	-0,00285	-0,179	NAN	
18,28	-0,00225	-0,176	NAN	
18,3	-0,0024	-0,1745	NAN	
18,32	-0,0024	-0,1735	NAN	
18,34	-0,0021	-0,171	NAN	
18,36	-0,00195	-0,1695	NAN	
18,38	-0,00195	-0,168	NAN	
18,4	-0,00195	-0,166	NAN	
18,42	-0,0018	-0,164	NAN	
18,44	-0,0015	-0,1625	NAN	
18,46	-0,00165	-0,161	NAN	
18,48	-0,00135	-0,159	NAN	
18,5	-0,0012	-0,157	NAN	
18,52	-0,00135	-0,155	NAN	
18,54	-0,0012	-0,1535	NAN	
18,56	-0,0009	-0,1515	NAN	
18,58	-0,00105	-0,15	NAN	
18,6	-0,0009	-0,148	NAN	
18,62	-0,0009	-0,146	NAN	
18,64	-0,00075	-0,1445	NAN	
18,66	-0,0006	-0,1425	NAN	
18,68	-0,0006	-0,141	NAN	
18,7	-0,0006	-0,139	NAN	
18,72	-0,0006	-0,137	NAN	
18,74	-0,00045	-0,135	NAN	
18,76	-0,0003	-0,133	NAN	
18,78	-0,0003	-0,131	NAN	
18,8	-0,0003	-0,129	NAN	
18,82	-0,00015	-0,1275	NAN	
18,84	0,00015	-0,126	NAN	
18,86	0,00015	-0,124	NAN	
18,88	0,00015	-0,122	NAN	
18,9	0,00015	-0,12	NAN	
18,92	0,0003	-0,1185	NAN	
18,94	0,0003	-0,1165	NAN	
18,96	0,00045	-0,1145	NAN	
18,98	0,00045	-0,113	NAN	
19	0,0003	-0,111	NAN	
19,02	0,0006	-0,108	NAN	
19,04	0,00075	-0,107	NAN	
19,06	0,0006	-0,105	NAN	
19,08	0,0006	-0,1035	NAN	
19,1	0,00075	-0,101	NAN	
19,12	0,0009	-0,099	NAN	
19,14	0,0009	-0,0975	NAN	
19,16	0,00075	-0,094	NAN	
19,18	0,0009	-0,0935	NAN	
19,2	0,00075	-0,092	NAN	
19,22	0,0009	-0,0895	NAN	
19,24	0,00105	-0,088	NAN	
19,26	0,0012	-0,085	NAN	
19,28	0,0012	-0,0835	NAN	
19,3	0,00105	-0,0815	NAN	
19,32	0,0012	-0,0795	NAN	
19,34	0,0012	-0,0775	NAN	
19,36	0,0012	-0,0765	NAN	
19,38	0,0012	-0,074	NAN	
19,4	0,00135	-0,072	NAN	
19,42	0,0015	-0,07	NAN	
19,44	0,00165	-0,068	NAN	
19,46	0,00165	-0,0655	NAN	
19,48	0,0015	-0,064	NAN	
19,5	0,0015	-0,0625	NAN	
19,52	0,0015	-0,0605	NAN	
19,54	0,0018	-0,058	NAN	
19,56	0,00165	-0,056	NAN	
19,58	0,00165	-0,054	NAN	
19,6	0,00165	-0,052	NAN	
19,62	0,00165	-0,05	NAN	
19,64	0,00195	-0,0485	NAN	
19,66	0,00195	-0,0465	NAN	
19,68	0,0021	-0,044	NAN	
19,7	0,00195	-0,0425	NAN	
19,72	0,0018	-0,041	NAN	
19,74	0,00195	-0,0385	NAN	
19,76	0,0021	-0,0365	NAN	
19,78	0,00195	-0,0345	NAN	
19,8	0,0021	-0,0325	NAN	
19,82	0,00225	-0,0305	NAN	
19,84	0,00225	-0,0285	NAN	
19,86	0,0021	-0,027	NAN	
19,88	0,00225	-0,0245	NAN	
19,9	0,0024	-0,0225	NAN	
19,92	0,00225	-0,0205	NAN	
19,94	0,00225	-0,0185	NAN	
19,96	0,00255	-0,0165	NAN	
19,98	0,0024	-0,0145	NAN	
20	0,00225	-0,013	NAN	
