MIN=0	-0,3	-1	0	
MAX=0,02	0,3	1	25000	
SCALE=1	0,1	0,5	10000	
DEC=5	4	3	0	
DEF="Zeit" t / ms	"Spannung" U_A1 / V	"Spannung" U_B1 / V	"Frequenz" f / Hz	
0	0,012	0,2475	NAN	
0,02	0,01155	0,2465	NAN	
0,04	0,01155	0,246	NAN	
0,06	0,01125	0,245	NAN	
0,08	0,0108	0,243	NAN	
0,1	0,01035	0,2415	NAN	
0,12	0,0102	0,2405	NAN	
0,14	0,0099	0,239	NAN	
0,16	0,00945	0,2375	NAN	
0,18	0,00915	0,2365	NAN	
0,2	0,00885	0,235	NAN	
0,22	0,0087	0,2335	NAN	
0,24	0,00825	0,232	NAN	
0,26	0,0081	0,232	NAN	
0,28	0,0078	0,23	NAN	
0,3	0,00735	0,228	NAN	
0,32	0,00735	0,227	NAN	
0,34	0,00705	0,2255	NAN	
0,36	0,00675	0,224	NAN	
0,38	0,00645	0,2225	NAN	
0,4	0,00615	0,221	NAN	
0,42	0,0063	0,22	NAN	
0,44	0,00555	0,2195	NAN	
0,46	0,00555	0,217	NAN	
0,48	0,0054	0,2155	NAN	
0,5	0,0051	0,2135	NAN	
0,52	0,0051	0,212	NAN	
0,54	0,00495	0,211	NAN	
0,56	0,00465	0,209	NAN	
0,58	0,0042	0,2075	NAN	
0,6	0,00405	0,206	NAN	
0,62	0,00405	0,204	NAN	
0,64	0,00405	0,203	NAN	
0,66	0,0036	0,2015	NAN	
0,68	0,00345	0,1995	NAN	
0,7	0,00315	0,198	NAN	
0,72	0,003	0,1965	NAN	
0,74	0,00315	0,195	NAN	
0,76	0,00285	0,193	NAN	
0,78	0,00255	0,1915	NAN	
0,8	0,00255	0,1895	NAN	
0,82	0,00255	0,188	NAN	
0,84	0,00225	0,1865	NAN	
0,86	0,0021	0,185	NAN	
0,88	0,0021	0,1835	NAN	
0,9	0,00165	0,1815	NAN	
0,92	0,00165	0,18	NAN	
0,94	0,00165	0,179	NAN	
0,96	0,00165	0,1765	NAN	
0,98	0,0012	0,175	NAN	
1	0,0009	0,173	NAN	
1,02	0,0012	0,172	NAN	
1,04	0,0009	0,1695	NAN	
1,06	0,0009	0,168	NAN	
1,08	0,0009	0,1665	NAN	
1,1	0,00075	0,1645	NAN	
1,12	0,0006	0,163	NAN	
1,14	0,0003	0,1605	NAN	
1,16	0,0003	0,1595	NAN	
1,18	0,00015	0,1575	NAN	
1,2	0	0,1555	NAN	
1,22	0	0,154	NAN	
1,24	0	0,1525	NAN	
1,26	-0,00015	0,1505	NAN	
1,28	-0,0003	0,1485	NAN	
1,3	-0,00015	0,147	NAN	
1,32	-0,0003	0,1455	NAN	
1,34	-0,00045	0,143	NAN	
1,36	-0,0006	0,1415	NAN	
1,38	-0,00075	0,14	NAN	
1,4	-0,00075	0,1375	NAN	
1,42	-0,00075	0,1355	NAN	
1,44	-0,00075	0,1345	NAN	
1,46	-0,0009	0,1325	NAN	
1,48	-0,0009	0,13	NAN	
1,5	-0,00105	0,1285	NAN	
1,52	-0,0012	0,127	NAN	
1,54	-0,00135	0,125	NAN	
1,56	-0,00135	0,1225	NAN	
1,58	-0,0012	0,122	NAN	
1,6	-0,00135	0,1195	NAN	
1,62	-0,0012	0,1175	NAN	
1,64	-0,0012	0,116	NAN	
1,66	-0,00135	0,114	NAN	
1,68	-0,0015	0,112	NAN	
1,7	-0,00165	0,11	NAN	
1,72	-0,0015	0,108	NAN	
1,74	-0,00135	0,1065	NAN	
1,76	-0,00165	0,104	NAN	
1,78	-0,0018	0,1025	NAN	
1,8	-0,0018	0,1005	NAN	
1,82	-0,0018	0,0985	NAN	
1,84	-0,00195	0,0965	NAN	
1,86	-0,00195	0,095	NAN	
1,88	-0,00195	0,0925	NAN	
1,9	-0,00225	0,091	NAN	
1,92	-0,0021	0,089	NAN	
1,94	-0,00195	0,087	NAN	
1,96	-0,0021	0,085	NAN	
1,98	-0,0024	0,083	NAN	
2	-0,00225	0,0815	NAN	
2,02	-0,0021	0,0795	NAN	
2,04	-0,0021	0,077	NAN	
2,06	-0,00225	0,076	NAN	
2,08	-0,0024	0,0735	NAN	
2,1	-0,00255	0,071	NAN	
2,12	-0,00255	0,07	NAN	
2,14	-0,0024	0,068	NAN	
2,16	-0,00255	0,066	NAN	
2,18	-0,0027	0,064	NAN	
2,2	-0,0027	0,062	NAN	
2,22	-0,00255	0,06	NAN	
2,24	-0,0027	0,058	NAN	
2,26	-0,00255	0,056	NAN	
2,28	-0,0027	0,0545	NAN	
2,3	-0,003	0,052	NAN	
2,32	-0,003	0,0505	NAN	
2,34	-0,00285	0,0485	NAN	
2,36	-0,00315	0,0465	NAN	
2,38	-0,00315	0,044	NAN	
2,4	-0,00315	0,0425	NAN	
2,42	-0,00285	0,0405	NAN	
2,44	-0,003	0,0385	NAN	
2,46	-0,00315	0,0365	NAN	
2,48	-0,003	0,035	NAN	
2,5	-0,00315	0,0335	NAN	
2,52	-0,00345	0,0305	NAN	
2,54	-0,0033	0,0285	NAN	
2,56	-0,0033	0,027	NAN	
2,58	-0,00345	0,025	NAN	
2,6	-0,00345	0,023	NAN	
2,62	-0,0033	0,0215	NAN	
2,64	-0,0033	0,019	NAN	
2,66	-0,00345	0,017	NAN	
2,68	-0,00345	0,015	NAN	
2,7	-0,00345	0,0135	NAN	
2,72	-0,0036	0,0115	NAN	
2,74	-0,0036	0,0095	NAN	
2,76	-0,0036	0,008	NAN	
2,78	-0,00375	0,0055	NAN	
2,8	-0,00375	0,003	NAN	
2,82	-0,0036	0,0015	NAN	
2,84	-0,00375	0	NAN	
2,86	-0,00375	-0,002	NAN	
2,88	-0,0039	-0,0045	NAN	
2,9	-0,00405	-0,006	NAN	
2,92	-0,00405	-0,0075	NAN	
2,94	-0,00405	-0,01	NAN	
2,96	-0,00405	-0,012	NAN	
2,98	-0,00405	-0,013	NAN	
3	-0,0042	-0,0155	NAN	
3,02	-0,00405	-0,018	NAN	
3,04	-0,0042	-0,0195	NAN	
3,06	-0,0042	-0,0215	NAN	
3,08	-0,00435	-0,0235	NAN	
3,1	-0,00435	-0,0255	NAN	
3,12	-0,0042	-0,027	NAN	
3,14	-0,0042	-0,029	NAN	
3,16	-0,00435	-0,0315	NAN	
3,18	-0,00435	-0,0335	NAN	
3,2	-0,00435	-0,035	NAN	
3,22	-0,00435	-0,0375	NAN	
3,24	-0,00435	-0,0395	NAN	
3,26	-0,00435	-0,041	NAN	
3,28	-0,00465	-0,0435	NAN	
3,3	-0,00465	-0,045	NAN	
3,32	-0,0045	-0,047	NAN	
3,34	-0,0045	-0,049	NAN	
3,36	-0,00465	-0,051	NAN	
3,38	-0,0048	-0,053	NAN	
3,4	-0,0048	-0,0555	NAN	
3,42	-0,00465	-0,057	NAN	
3,44	-0,00465	-0,059	NAN	
3,46	-0,0048	-0,0605	NAN	
3,48	-0,00495	-0,063	NAN	
3,5	-0,0051	-0,065	NAN	
3,52	-0,0051	-0,067	NAN	
3,54	-0,0048	-0,0685	NAN	
3,56	-0,0051	-0,071	NAN	
3,58	-0,00525	-0,073	NAN	
3,6	-0,00495	-0,075	NAN	
3,62	-0,00495	-0,077	NAN	
3,64	-0,0051	-0,0785	NAN	
3,66	-0,0051	-0,0805	NAN	
3,68	-0,00525	-0,0825	NAN	
3,7	-0,0054	-0,0845	NAN	
3,72	-0,0054	-0,0865	NAN	
3,74	-0,0054	-0,088	NAN	
3,76	-0,00555	-0,0905	NAN	
3,78	-0,0057	-0,0925	NAN	
3,8	-0,0057	-0,0945	NAN	
3,82	-0,0054	-0,096	NAN	
3,84	-0,00555	-0,098	NAN	
3,86	-0,00555	-0,1005	NAN	
3,88	-0,00555	-0,102	NAN	
3,9	-0,00585	-0,104	NAN	
3,92	-0,00585	-0,106	NAN	
3,94	-0,00585	-0,108	NAN	
3,96	-0,00585	-0,109	NAN	
3,98	-0,006	-0,112	NAN	
4	-0,00615	-0,114	NAN	
4,02	-0,00585	-0,1155	NAN	
4,04	-0,006	-0,1175	NAN	
4,06	-0,006	-0,1195	NAN	
4,08	-0,00645	-0,1215	NAN	
4,1	-0,00615	-0,1235	NAN	
4,12	-0,0063	-0,1255	NAN	
4,14	-0,0063	-0,128	NAN	
4,16	-0,00645	-0,129	NAN	
4,18	-0,00645	-0,131	NAN	
4,2	-0,0066	-0,133	NAN	
4,22	-0,0066	-0,135	NAN	
4,24	-0,0066	-0,1365	NAN	
4,26	-0,00675	-0,139	NAN	
4,28	-0,0069	-0,141	NAN	
4,3	-0,00675	-0,1425	NAN	
4,32	-0,0069	-0,144	NAN	
4,34	-0,0069	-0,146	NAN	
4,36	-0,00705	-0,148	NAN	
4,38	-0,00705	-0,149	NAN	
4,4	-0,0072	-0,152	NAN	
4,42	-0,0072	-0,154	NAN	
4,44	-0,00735	-0,1555	NAN	
4,46	-0,00735	-0,1575	NAN	
4,48	-0,0075	-0,159	NAN	
4,5	-0,00765	-0,161	NAN	
4,52	-0,0075	-0,1625	NAN	
4,54	-0,00765	-0,1645	NAN	
4,56	-0,00795	-0,1665	NAN	
4,58	-0,0078	-0,168	NAN	
4,6	-0,00795	-0,17	NAN	
4,62	-0,0081	-0,172	NAN	
4,64	-0,0081	-0,1735	NAN	
4,66	-0,0081	-0,175	NAN	
4,68	-0,0084	-0,177	NAN	
4,7	-0,0087	-0,179	NAN	
4,72	-0,00855	-0,1805	NAN	
4,74	-0,00855	-0,1825	NAN	
4,76	-0,00885	-0,184	NAN	
4,78	-0,00885	-0,1855	NAN	
4,8	-0,009	-0,1875	NAN	
4,82	-0,009	-0,1895	NAN	
4,84	-0,00915	-0,191	NAN	
4,86	-0,00915	-0,192	NAN	
4,88	-0,00945	-0,1945	NAN	
4,9	-0,0096	-0,1965	NAN	
4,92	-0,00975	-0,1975	NAN	
4,94	-0,0096	-0,1995	NAN	
4,96	-0,0099	-0,2015	NAN	
4,98	-0,01005	-0,203	NAN	
5	-0,01035	-0,204	NAN	
5,02	-0,01035	-0,2065	NAN	
5,04	-0,0105	-0,208	NAN	
5,06	-0,01065	-0,2085	NAN	
5,08	-0,0108	-0,211	NAN	
5,1	-0,0111	-0,2125	NAN	
5,12	-0,0114	-0,214	NAN	
5,14	-0,0114	-0,2155	NAN	
5,16	-0,0117	-0,2175	NAN	
5,18	-0,012	-0,219	NAN	
5,2	-0,01215	-0,22	NAN	
5,22	-0,012	-0,2215	NAN	
5,24	-0,0123	-0,224	NAN	
5,26	-0,0126	-0,225	NAN	
5,28	-0,01275	-0,226	NAN	
5,3	-0,01305	-0,2275	NAN	
5,32	-0,01335	-0,2295	NAN	
5,34	-0,0135	-0,231	NAN	
5,36	-0,01365	-0,232	NAN	
5,38	-0,01395	-0,234	NAN	
5,4	-0,0144	-0,235	NAN	
5,42	-0,0144	-0,236	NAN	
5,44	-0,01485	-0,2375	NAN	
5,46	-0,01515	-0,2395	NAN	
5,48	-0,01545	-0,2405	NAN	
5,5	-0,0156	-0,242	NAN	
5,52	-0,01605	-0,2435	NAN	
5,54	-0,01635	-0,245	NAN	
5,56	-0,01665	-0,2455	NAN	
5,58	-0,0171	-0,247	NAN	
5,6	-0,01755	-0,249	NAN	
5,62	-0,01755	-0,2495	NAN	
5,64	-0,018	-0,2515	NAN	
5,66	-0,0183	-0,2525	NAN	
5,68	-0,01875	-0,254	NAN	
5,7	-0,0192	-0,255	NAN	
5,72	-0,0198	-0,2565	NAN	
5,74	-0,02025	-0,2575	NAN	
5,76	-0,0207	-0,2585	NAN	
5,78	-0,021	-0,26	NAN	
5,8	-0,0216	-0,261	NAN	
5,82	-0,0219	-0,2625	NAN	
5,84	-0,0225	-0,263	NAN	
5,86	-0,02295	-0,2645	NAN	
5,88	-0,02355	-0,266	NAN	
5,9	-0,024	-0,267	NAN	
5,92	-0,02445	-0,268	NAN	
5,94	-0,02505	-0,269	NAN	
5,96	-0,0258	-0,2705	NAN	
5,98	-0,02625	-0,2715	NAN	
6	-0,027	-0,2725	NAN	
6,02	-0,0276	-0,274	NAN	
6,04	-0,02835	-0,2745	NAN	
6,06	-0,02865	-0,2755	NAN	
6,08	-0,02955	-0,277	NAN	
6,1	-0,03045	-0,2775	NAN	
6,12	-0,03105	-0,2785	NAN	
6,14	-0,03195	-0,2795	NAN	
6,16	-0,0327	-0,281	NAN	
6,18	-0,0336	-0,2815	NAN	
6,2	-0,0345	-0,2825	NAN	
6,22	-0,03525	-0,284	NAN	
6,24	-0,03615	-0,2845	NAN	
6,26	-0,0372	-0,285	NAN	
6,28	-0,03825	-0,286	NAN	
6,3	-0,03945	-0,287	NAN	
6,32	-0,04035	-0,2875	NAN	
6,34	-0,0414	-0,289	NAN	
6,36	-0,04275	-0,29	NAN	
6,38	-0,04395	-0,2905	NAN	
6,4	-0,0453	-0,291	NAN	
6,42	-0,0465	-0,292	NAN	
6,44	-0,04815	-0,293	NAN	
6,46	-0,0495	-0,293	NAN	
6,48	-0,0513	-0,295	NAN	
6,5	-0,05325	-0,2955	NAN	
6,52	-0,05505	-0,296	NAN	
6,54	-0,05685	-0,2965	NAN	
6,56	-0,0591	-0,298	NAN	
6,58	-0,06165	-0,2985	NAN	
6,6	-0,0639	-0,299	NAN	
6,62	-0,06645	-0,3	NAN	
6,64	-0,0696	-0,301	NAN	
6,66	-0,07275	-0,3015	NAN	
6,68	-0,07605	-0,302	NAN	
6,7	-0,0798	-0,3025	NAN	
6,72	-0,0834	-0,303	NAN	
6,74	-0,08745	-0,3035	NAN	
6,76	-0,09165	-0,3045	NAN	
6,78	-0,09645	-0,305	NAN	
6,8	-0,10155	-0,3055	NAN	
6,82	-0,10665	-0,3055	NAN	
6,84	-0,1128	-0,3065	NAN	
6,86	-0,11955	-0,307	NAN	
6,88	-0,12675	-0,307	NAN	
6,9	-0,13485	-0,3075	NAN	
6,92	-0,1437	-0,308	NAN	
6,94	-0,153	-0,309	NAN	
6,96	-0,1626	-0,309	NAN	
6,98	-0,17235	-0,3095	NAN	
7	-0,1824	-0,31	NAN	
7,02	-0,19185	-0,31	NAN	
7,04	-0,20145	-0,311	NAN	
7,06	-0,21075	-0,311	NAN	
7,08	-0,21975	-0,3115	NAN	
7,1	-0,22815	-0,3115	NAN	
7,12	-0,2364	-0,312	NAN	
7,14	-0,2445	-0,3125	NAN	
7,16	-0,25185	-0,3125	NAN	
7,18	-0,25875	-0,313	NAN	
7,2	-0,2655	-0,3135	NAN	
7,22	-0,2718	-0,3135	NAN	
7,24	-0,2775	-0,314	NAN	
7,26	-0,28305	-0,3145	NAN	
7,28	-0,28785	-0,315	NAN	
7,3	-0,2925	-0,314	NAN	
7,32	-0,297	-0,315	NAN	
7,34	-0,30135	-0,315	NAN	
7,36	-0,3057	-0,315	NAN	
7,38	-0,30705	-0,3155	NAN	
7,4	-0,30705	-0,3155	NAN	
7,42	-0,30705	-0,316	NAN	
7,44	-0,30705	-0,3155	NAN	
7,46	-0,30705	-0,316	NAN	
7,48	-0,30705	-0,316	NAN	
7,5	-0,30705	-0,3155	NAN	
7,52	-0,30705	-0,316	NAN	
7,54	-0,30705	-0,3165	NAN	
7,56	-0,30705	-0,3165	NAN	
7,58	-0,30705	-0,316	NAN	
7,6	-0,30705	-0,3165	NAN	
7,62	-0,30705	-0,317	NAN	
7,64	-0,30705	-0,3165	NAN	
7,66	-0,30705	-0,3165	NAN	
7,68	-0,30705	-0,3165	NAN	
7,7	-0,30705	-0,317	NAN	
7,72	-0,30705	-0,316	NAN	
7,74	-0,30705	-0,317	NAN	
7,76	-0,30705	-0,317	NAN	
7,78	-0,30705	-0,316	NAN	
7,8	-0,30705	-0,316	NAN	
7,82	-0,30705	-0,3165	NAN	
7,84	-0,30705	-0,317	NAN	
7,86	-0,30705	-0,3155	NAN	
7,88	-0,30705	-0,3165	NAN	
7,9	-0,30195	-0,3165	NAN	
7,92	-0,29565	-0,3155	NAN	
7,94	-0,28905	-0,316	NAN	
7,96	-0,28245	-0,316	NAN	
7,98	-0,27525	-0,3155	NAN	
8	-0,26775	-0,315	NAN	
8,02	-0,26025	-0,315	NAN	
8,04	-0,25275	-0,3155	NAN	
8,06	-0,2451	-0,315	NAN	
8,08	-0,23685	-0,3145	NAN	
8,1	-0,2289	-0,315	NAN	
8,12	-0,22065	-0,3145	NAN	
8,14	-0,21225	-0,3145	NAN	
8,16	-0,20415	-0,3145	NAN	
8,18	-0,19605	-0,3145	NAN	
8,2	-0,18795	-0,3135	NAN	
8,22	-0,18015	-0,3135	NAN	
8,24	-0,17265	-0,3135	NAN	
8,26	-0,16545	-0,3135	NAN	
8,28	-0,15825	-0,3125	NAN	
8,3	-0,15165	-0,3125	NAN	
8,32	-0,14565	-0,3125	NAN	
8,34	-0,13965	-0,312	NAN	
8,36	-0,13455	-0,3115	NAN	
8,38	-0,12945	-0,311	NAN	
8,4	-0,1248	-0,311	NAN	
8,42	-0,12015	-0,3105	NAN	
8,44	-0,11595	-0,31	NAN	
8,46	-0,11205	-0,3095	NAN	
8,48	-0,10815	-0,3095	NAN	
8,5	-0,10455	-0,309	NAN	
8,52	-0,10095	-0,309	NAN	
8,54	-0,0978	-0,308	NAN	
8,56	-0,0945	-0,308	NAN	
8,58	-0,09135	-0,3075	NAN	
8,6	-0,0885	-0,307	NAN	
8,62	-0,0855	-0,3065	NAN	
8,64	-0,08265	-0,306	NAN	
8,66	-0,0801	-0,306	NAN	
8,68	-0,07755	-0,3055	NAN	
8,7	-0,07485	-0,305	NAN	
8,72	-0,07245	-0,304	NAN	
8,74	-0,0702	-0,303	NAN	
8,76	-0,0681	-0,303	NAN	
8,78	-0,066	-0,303	NAN	
8,8	-0,06405	-0,3025	NAN	
8,82	-0,06225	-0,3015	NAN	
8,84	-0,06045	-0,301	NAN	
8,86	-0,0588	-0,3005	NAN	
8,88	-0,05715	-0,299	NAN	
8,9	-0,05535	-0,2985	NAN	
8,92	-0,05385	-0,2985	NAN	
8,94	-0,0525	-0,2985	NAN	
8,96	-0,051	-0,297	NAN	
8,98	-0,0495	-0,2965	NAN	
9	-0,04815	-0,296	NAN	
9,02	-0,0471	-0,295	NAN	
9,04	-0,0456	-0,2945	NAN	
9,06	-0,0447	-0,294	NAN	
9,08	-0,04335	-0,2935	NAN	
9,1	-0,0423	-0,292	NAN	
9,12	-0,0411	-0,291	NAN	
9,14	-0,0402	-0,291	NAN	
9,16	-0,0393	-0,29	NAN	
9,18	-0,0381	-0,289	NAN	
9,2	-0,0372	-0,2885	NAN	
9,22	-0,03615	-0,288	NAN	
9,24	-0,0354	-0,287	NAN	
9,26	-0,03435	-0,286	NAN	
9,28	-0,03345	-0,285	NAN	
9,3	-0,0327	-0,284	NAN	
9,32	-0,0318	-0,283	NAN	
9,34	-0,03105	-0,2825	NAN	
9,36	-0,03045	-0,282	NAN	
9,38	-0,02955	-0,281	NAN	
9,4	-0,0288	-0,2795	NAN	
9,42	-0,0282	-0,279	NAN	
9,44	-0,0276	-0,2775	NAN	
9,46	-0,02685	-0,277	NAN	
9,48	-0,02595	-0,2755	NAN	
9,5	-0,02565	-0,2755	NAN	
9,52	-0,0249	-0,274	NAN	
9,54	-0,02415	-0,273	NAN	
9,56	-0,02355	-0,272	NAN	
9,58	-0,02295	-0,2705	NAN	
9,6	-0,0222	-0,27	NAN	
9,62	-0,0219	-0,269	NAN	
9,64	-0,0213	-0,268	NAN	
9,66	-0,0207	-0,2665	NAN	
9,68	-0,0201	-0,2655	NAN	
9,7	-0,0198	-0,2645	NAN	
9,72	-0,01935	-0,264	NAN	
9,74	-0,01875	-0,2625	NAN	
9,76	-0,01845	-0,261	NAN	
9,78	-0,01785	-0,2605	NAN	
9,8	-0,01755	-0,259	NAN	
9,82	-0,01695	-0,258	NAN	
9,84	-0,0165	-0,257	NAN	
9,86	-0,01605	-0,256	NAN	
9,88	-0,0156	-0,255	NAN	
9,9	-0,01545	-0,2535	NAN	
9,92	-0,01485	-0,2525	NAN	
9,94	-0,01455	-0,251	NAN	
9,96	-0,01395	-0,2495	NAN	
9,98	-0,0138	-0,2485	NAN	
10	-0,0135	-0,2475	NAN	
10,02	-0,01305	-0,2455	NAN	
10,04	-0,0129	-0,2445	NAN	
10,06	-0,0123	-0,2435	NAN	
10,08	-0,012	-0,242	NAN	
10,1	-0,0117	-0,241	NAN	
10,12	-0,01125	-0,239	NAN	
10,14	-0,01095	-0,238	NAN	
10,16	-0,01035	-0,2365	NAN	
10,18	-0,0102	-0,2355	NAN	
10,2	-0,01005	-0,234	NAN	
10,22	-0,00975	-0,232	NAN	
10,24	-0,00945	-0,231	NAN	
10,26	-0,0093	-0,23	NAN	
10,28	-0,009	-0,2285	NAN	
10,3	-0,0087	-0,2265	NAN	
10,32	-0,0084	-0,226	NAN	
10,34	-0,00825	-0,2245	NAN	
10,36	-0,0078	-0,222	NAN	
10,38	-0,0075	-0,221	NAN	
10,4	-0,00735	-0,2195	NAN	
10,42	-0,00705	-0,2185	NAN	
10,44	-0,0069	-0,2165	NAN	
10,46	-0,00675	-0,2155	NAN	
10,48	-0,0066	-0,214	NAN	
10,5	-0,00615	-0,212	NAN	
10,52	-0,006	-0,21	NAN	
10,54	-0,006	-0,2095	NAN	
10,56	-0,0057	-0,208	NAN	
10,58	-0,00555	-0,206	NAN	
10,6	-0,0054	-0,2045	NAN	
10,62	-0,00525	-0,2035	NAN	
10,64	-0,0051	-0,2015	NAN	
10,66	-0,00465	-0,1995	NAN	
10,68	-0,00465	-0,1985	NAN	
10,7	-0,0045	-0,197	NAN	
10,72	-0,00435	-0,195	NAN	
10,74	-0,0042	-0,1935	NAN	
10,76	-0,00375	-0,192	NAN	
10,78	-0,0039	-0,1905	NAN	
10,8	-0,00375	-0,1885	NAN	
10,82	-0,00345	-0,187	NAN	
10,84	-0,00345	-0,186	NAN	
10,86	-0,00315	-0,1835	NAN	
10,88	-0,00315	-0,1825	NAN	
10,9	-0,0033	-0,181	NAN	
10,92	-0,00285	-0,1785	NAN	
10,94	-0,0027	-0,1775	NAN	
10,96	-0,00255	-0,1755	NAN	
10,98	-0,00255	-0,174	NAN	
11	-0,00225	-0,172	NAN	
11,02	-0,0021	-0,1705	NAN	
11,04	-0,0021	-0,169	NAN	
11,06	-0,00195	-0,1665	NAN	
11,08	-0,00165	-0,165	NAN	
11,1	-0,0018	-0,163	NAN	
11,12	-0,00165	-0,162	NAN	
11,14	-0,0015	-0,1595	NAN	
11,16	-0,00135	-0,158	NAN	
11,18	-0,00135	-0,1555	NAN	
11,2	-0,00105	-0,154	NAN	
11,22	-0,00105	-0,1525	NAN	
11,24	-0,00105	-0,151	NAN	
11,26	-0,00105	-0,149	NAN	
11,28	-0,00075	-0,147	NAN	
11,3	-0,0009	-0,1455	NAN	
11,32	-0,0009	-0,1435	NAN	
11,34	-0,00075	-0,1415	NAN	
11,36	-0,0006	-0,14	NAN	
11,38	-0,0006	-0,138	NAN	
11,4	-0,00045	-0,136	NAN	
11,42	-0,00015	-0,134	NAN	
11,44	-0,00045	-0,1325	NAN	
11,46	-0,0003	-0,1305	NAN	
11,48	0,00015	-0,1285	NAN	
11,5	0	-0,127	NAN	
11,52	0	-0,1255	NAN	
11,54	0	-0,123	NAN	
11,56	0,0003	-0,121	NAN	
11,58	0,0003	-0,1195	NAN	
11,6	0,0003	-0,1175	NAN	
11,62	0,0003	-0,116	NAN	
11,64	0,00015	-0,1135	NAN	
11,66	0,0003	-0,1125	NAN	
11,68	0,00045	-0,1105	NAN	
11,7	0,00075	-0,108	NAN	
11,72	0,0006	-0,1065	NAN	
11,74	0,00045	-0,104	NAN	
11,76	0,0009	-0,102	NAN	
11,78	0,0006	-0,1005	NAN	
11,8	0,0009	-0,099	NAN	
11,82	0,0009	-0,097	NAN	
11,84	0,0009	-0,095	NAN	
11,86	0,0009	-0,093	NAN	
11,88	0,00105	-0,0905	NAN	
11,9	0,0012	-0,089	NAN	
11,92	0,00105	-0,087	NAN	
11,94	0,00105	-0,0855	NAN	
11,96	0,00135	-0,0835	NAN	
11,98	0,00135	-0,081	NAN	
12	0,00135	-0,079	NAN	
12,02	0,00135	-0,077	NAN	
12,04	0,00135	-0,0755	NAN	
12,06	0,0012	-0,0735	NAN	
12,08	0,00135	-0,072	NAN	
12,1	0,00135	-0,07	NAN	
12,12	0,0015	-0,0675	NAN	
12,14	0,0015	-0,066	NAN	
12,16	0,00165	-0,0635	NAN	
12,18	0,00165	-0,062	NAN	
12,2	0,00165	-0,06	NAN	
12,22	0,00165	-0,0585	NAN	
12,24	0,00165	-0,056	NAN	
12,26	0,0018	-0,054	NAN	
12,28	0,0018	-0,0525	NAN	
12,3	0,00165	-0,051	NAN	
12,32	0,0018	-0,0485	NAN	
12,34	0,00165	-0,0465	NAN	
12,36	0,0021	-0,045	NAN	
12,38	0,0021	-0,043	NAN	
12,4	0,00225	-0,04	NAN	
12,42	0,0021	-0,0385	NAN	
12,44	0,00195	-0,037	NAN	
12,46	0,00225	-0,034	NAN	
12,48	0,00225	-0,0325	NAN	
12,5	0,0021	-0,0305	NAN	
12,52	0,0021	-0,029	NAN	
12,54	0,00225	-0,027	NAN	
12,56	0,00225	-0,025	NAN	
12,58	0,0024	-0,023	NAN	
12,6	0,0024	-0,0205	NAN	
12,62	0,00225	-0,019	NAN	
12,64	0,0021	-0,017	NAN	
12,66	0,00225	-0,015	NAN	
12,68	0,00255	-0,0135	NAN	
12,7	0,0024	-0,0115	NAN	
12,72	0,0024	-0,009	NAN	
12,74	0,00255	-0,007	NAN	
12,76	0,0027	-0,005	NAN	
12,78	0,00255	-0,003	NAN	
12,8	0,0027	-0,001	NAN	
12,82	0,0027	0,0005	NAN	
12,84	0,00255	0,002	NAN	
12,86	0,0027	0,0045	NAN	
12,88	0,0027	0,0065	NAN	
12,9	0,0027	0,008	NAN	
12,92	0,00255	0,01	NAN	
12,94	0,00285	0,0125	NAN	
12,96	0,003	0,0145	NAN	
12,98	0,003	0,016	NAN	
13	0,00315	0,018	NAN	
13,02	0,00315	0,0205	NAN	
13,04	0,003	0,0215	NAN	
13,06	0,00285	0,0235	NAN	
13,08	0,00315	0,026	NAN	
13,1	0,0033	0,028	NAN	
13,12	0,003	0,0295	NAN	
13,14	0,00315	0,0315	NAN	
13,16	0,00345	0,034	NAN	
13,18	0,00315	0,0355	NAN	
13,2	0,0033	0,037	NAN	
13,22	0,0033	0,04	NAN	
13,24	0,0033	0,042	NAN	
13,26	0,0033	0,0435	NAN	
13,28	0,00345	0,0455	NAN	
13,3	0,00345	0,0475	NAN	
13,32	0,0033	0,0495	NAN	
13,34	0,0033	0,051	NAN	
13,36	0,0036	0,0535	NAN	
13,38	0,0036	0,055	NAN	
13,4	0,0036	0,0575	NAN	
13,42	0,0036	0,059	NAN	
13,44	0,0036	0,0615	NAN	
13,46	0,0036	0,063	NAN	
13,48	0,00375	0,065	NAN	
13,5	0,0039	0,0675	NAN	
13,52	0,00375	0,069	NAN	
13,54	0,0039	0,071	NAN	
13,56	0,00405	0,0725	NAN	
13,58	0,00405	0,075	NAN	
13,6	0,00405	0,077	NAN	
13,62	0,0039	0,0785	NAN	
13,64	0,00405	0,0805	NAN	
13,66	0,00405	0,0825	NAN	
13,68	0,00405	0,0845	NAN	
13,7	0,00405	0,0865	NAN	
13,72	0,0042	0,088	NAN	
13,74	0,00435	0,0905	NAN	
13,76	0,0045	0,0925	NAN	
13,78	0,00435	0,0945	NAN	
13,8	0,0045	0,096	NAN	
13,82	0,0045	0,098	NAN	
13,84	0,0045	0,1	NAN	
13,86	0,0048	0,102	NAN	
13,88	0,0045	0,104	NAN	
13,9	0,00465	0,1055	NAN	
13,92	0,00465	0,108	NAN	
13,94	0,0048	0,1095	NAN	
13,96	0,0048	0,1115	NAN	
13,98	0,00465	0,1135	NAN	
14	0,00495	0,1155	NAN	
14,02	0,00495	0,1175	NAN	
14,04	0,00495	0,119	NAN	
14,06	0,0051	0,1215	NAN	
14,08	0,00525	0,1235	NAN	
14,1	0,00495	0,125	NAN	
14,12	0,0051	0,1275	NAN	
14,14	0,00525	0,1295	NAN	
14,16	0,0054	0,131	NAN	
14,18	0,0054	0,1325	NAN	
14,2	0,00555	0,135	NAN	
14,22	0,0054	0,1365	NAN	
14,24	0,0054	0,1385	NAN	
14,26	0,00555	0,1405	NAN	
14,28	0,0057	0,1425	NAN	
14,3	0,0057	0,1435	NAN	
14,32	0,0057	0,144	NAN	
14,34	0,006	0,1485	NAN	
14,36	0,00615	0,15	NAN	
14,38	0,006	0,151	NAN	
14,4	0,006	0,1535	NAN	
14,42	0,006	0,1555	NAN	
14,44	0,006	0,1565	NAN	
14,46	0,00615	0,159	NAN	
14,48	0,00645	0,161	NAN	
14,5	0,00645	0,1625	NAN	
14,52	0,00645	0,164	NAN	
14,54	0,00645	0,166	NAN	
14,56	0,0069	0,1685	NAN	
14,58	0,0066	0,17	NAN	
14,6	0,00675	0,171	NAN	
14,62	0,00705	0,174	NAN	
14,64	0,00675	0,175	NAN	
14,66	0,0069	0,177	NAN	
14,68	0,00705	0,1785	NAN	
14,7	0,00735	0,1805	NAN	
14,72	0,0075	0,1825	NAN	
14,74	0,00735	0,184	NAN	
14,76	0,00795	0,186	NAN	
14,78	0,0078	0,1875	NAN	
14,8	0,0078	0,189	NAN	
14,82	0,00795	0,1905	NAN	
14,84	0,0081	0,1925	NAN	
14,86	0,0081	0,194	NAN	
14,88	0,00825	0,1965	NAN	
14,9	0,0084	0,1975	NAN	
14,92	0,0084	0,1995	NAN	
14,94	0,00855	0,2005	NAN	
14,96	0,00885	0,202	NAN	
14,98	0,00915	0,2045	NAN	
15	0,00945	0,2055	NAN	
15,02	0,00915	0,207	NAN	
15,04	0,00945	0,209	NAN	
15,06	0,0096	0,2105	NAN	
15,08	0,0099	0,2125	NAN	
15,1	0,0099	0,2135	NAN	
15,12	0,01005	0,215	NAN	
15,14	0,0102	0,217	NAN	
15,16	0,0102	0,218	NAN	
15,18	0,01065	0,22	NAN	
15,2	0,01095	0,222	NAN	
15,22	0,01095	0,2225	NAN	
15,24	0,0111	0,2245	NAN	
15,26	0,01155	0,226	NAN	
15,28	0,0117	0,2275	NAN	
15,3	0,0117	0,229	NAN	
15,32	0,01215	0,231	NAN	
15,34	0,0123	0,232	NAN	
15,36	0,01275	0,233	NAN	
15,38	0,01275	0,235	NAN	
15,4	0,01335	0,2365	NAN	
15,42	0,0135	0,2375	NAN	
15,44	0,0135	0,239	NAN	
15,46	0,0138	0,241	NAN	
15,48	0,0141	0,242	NAN	
15,5	0,01425	0,243	NAN	
15,52	0,0147	0,245	NAN	
15,54	0,01515	0,246	NAN	
15,56	0,01545	0,2475	NAN	
15,58	0,01575	0,2485	NAN	
15,6	0,0162	0,251	NAN	
15,62	0,0162	0,251	NAN	
15,64	0,0165	0,2525	NAN	
15,66	0,0171	0,2545	NAN	
15,68	0,0177	0,2555	NAN	
15,7	0,018	0,2565	NAN	
15,72	0,01815	0,2575	NAN	
15,74	0,01875	0,259	NAN	
15,76	0,01935	0,26	NAN	
15,78	0,01965	0,261	NAN	
15,8	0,02025	0,263	NAN	
15,82	0,02085	0,2635	NAN	
15,84	0,02115	0,2645	NAN	
15,86	0,02175	0,266	NAN	
15,88	0,02235	0,2675	NAN	
15,9	0,02265	0,268	NAN	
15,92	0,02325	0,269	NAN	
15,94	0,0237	0,2705	NAN	
15,96	0,0246	0,2715	NAN	
15,98	0,0249	0,272	NAN	
16	0,02565	0,274	NAN	
16,02	0,0264	0,275	NAN	
16,04	0,02685	0,2755	NAN	
16,06	0,02745	0,2765	NAN	
16,08	0,0282	0,2775	NAN	
16,1	0,02895	0,279	NAN	
16,12	0,02955	0,28	NAN	
16,14	0,0303	0,2805	NAN	
16,16	0,03135	0,2825	NAN	
16,18	0,03225	0,283	NAN	
16,2	0,03285	0,284	NAN	
16,22	0,03375	0,285	NAN	
16,24	0,0348	0,286	NAN	
16,26	0,03555	0,287	NAN	
16,28	0,0366	0,287	NAN	
16,3	0,03765	0,2885	NAN	
16,32	0,0387	0,2895	NAN	
16,34	0,03975	0,29	NAN	
16,36	0,0411	0,291	NAN	
16,38	0,0423	0,292	NAN	
16,4	0,04365	0,2925	NAN	
16,42	0,04485	0,2935	NAN	
16,44	0,0462	0,294	NAN	
16,46	0,0477	0,295	NAN	
16,48	0,0492	0,296	NAN	
16,5	0,05115	0,2965	NAN	
16,52	0,0531	0,2975	NAN	
16,54	0,0546	0,298	NAN	
16,56	0,0567	0,2985	NAN	
16,58	0,05895	0,2995	NAN	
16,6	0,06135	0,3005	NAN	
16,62	0,0639	0,301	NAN	
16,64	0,0666	0,302	NAN	
16,66	0,0696	0,3025	NAN	
16,68	0,07275	0,303	NAN	
16,7	0,0759	0,3035	NAN	
16,72	0,0795	0,3045	NAN	
16,74	0,08325	0,305	NAN	
16,76	0,0873	0,305	NAN	
16,78	0,09165	0,306	NAN	
16,8	0,0963	0,3065	NAN	
16,82	0,10125	0,3065	NAN	
16,84	0,1068	0,308	NAN	
16,86	0,11295	0,3085	NAN	
16,88	0,1197	0,3085	NAN	
16,9	0,1269	0,309	NAN	
16,92	0,1353	0,31	NAN	
16,94	0,14385	0,31	NAN	
16,96	0,1533	0,31	NAN	
16,98	0,1629	0,311	NAN	
17	0,17295	0,312	NAN	
17,02	0,18255	0,3115	NAN	
17,04	0,192	0,312	NAN	
17,06	0,20145	0,313	NAN	
17,08	0,2106	0,313	NAN	
17,1	0,21915	0,313	NAN	
17,12	0,22725	0,3135	NAN	
17,14	0,2352	0,3135	NAN	
17,16	0,2424	0,3135	NAN	
17,18	0,24915	0,314	NAN	
17,2	0,2559	0,315	NAN	
17,22	0,26175	0,315	NAN	
17,24	0,26715	0,315	NAN	
17,26	0,2724	0,3155	NAN	
17,28	0,27705	0,3155	NAN	
17,3	0,28125	0,3155	NAN	
17,32	0,2853	0,3155	NAN	
17,34	0,28905	0,3165	NAN	
17,36	0,2925	0,316	NAN	
17,38	0,29595	0,3165	NAN	
17,4	0,29955	0,317	NAN	
17,42	0,30345	0,317	NAN	
17,44	0,3069	0,317	NAN	
17,46	0,3072	0,317	NAN	
17,48	0,3072	0,3175	NAN	
17,5	0,3072	0,317	NAN	
17,52	0,3072	0,3175	NAN	
17,54	0,3072	0,3175	NAN	
17,56	0,3072	0,3175	NAN	
17,58	0,3072	0,318	NAN	
17,6	0,3072	0,3175	NAN	
17,62	0,3072	0,318	NAN	
17,64	0,3072	0,318	NAN	
17,66	0,3072	0,318	NAN	
17,68	0,3072	0,318	NAN	
17,7	0,3072	0,318	NAN	
17,72	0,3072	0,318	NAN	
17,74	0,3072	0,3175	NAN	
17,76	0,3072	0,318	NAN	
17,78	0,3072	0,318	NAN	
17,8	0,3072	0,3175	NAN	
17,82	0,3072	0,3175	NAN	
17,84	0,3072	0,3175	NAN	
17,86	0,306	0,3175	NAN	
17,88	0,30105	0,3175	NAN	
17,9	0,29565	0,3175	NAN	
17,92	0,2895	0,317	NAN	
17,94	0,28305	0,317	NAN	
17,96	0,27645	0,317	NAN	
17,98	0,2691	0,317	NAN	
18	0,26145	0,317	NAN	
18,02	0,25335	0,3165	NAN	
18,04	0,2454	0,317	NAN	
18,06	0,237	0,316	NAN	
18,08	0,2286	0,316	NAN	
18,1	0,22005	0,3165	NAN	
18,12	0,21135	0,316	NAN	
18,14	0,2028	0,3155	NAN	
18,16	0,19455	0,315	NAN	
18,18	0,1866	0,3155	NAN	
18,2	0,17865	0,3145	NAN	
18,22	0,171	0,3145	NAN	
18,24	0,16395	0,315	NAN	
18,26	0,1572	0,3145	NAN	
18,28	0,15075	0,314	NAN	
18,3	0,14475	0,314	NAN	
18,32	0,13935	0,3135	NAN	
18,34	0,13425	0,313	NAN	
18,36	0,12945	0,3125	NAN	
18,38	0,12525	0,313	NAN	
18,4	0,1209	0,313	NAN	
18,42	0,1167	0,312	NAN	
18,44	0,1128	0,3115	NAN	
18,46	0,1092	0,3115	NAN	
18,48	0,1056	0,311	NAN	
18,5	0,102	0,3105	NAN	
18,52	0,0987	0,3105	NAN	
18,54	0,0954	0,3095	NAN	
18,56	0,0924	0,3095	NAN	
18,58	0,08925	0,309	NAN	
18,6	0,08655	0,309	NAN	
18,62	0,0837	0,3085	NAN	
18,64	0,0807	0,3075	NAN	
18,66	0,07845	0,3075	NAN	
18,68	0,07575	0,3065	NAN	
18,7	0,0732	0,306	NAN	
18,72	0,07065	0,3055	NAN	
18,74	0,0684	0,305	NAN	
18,76	0,0663	0,3045	NAN	
18,78	0,06405	0,304	NAN	
18,8	0,0624	0,3035	NAN	
18,82	0,0603	0,303	NAN	
18,84	0,05835	0,302	NAN	
18,86	0,05685	0,3015	NAN	
18,88	0,05535	0,3015	NAN	
18,9	0,05355	0,3005	NAN	
18,92	0,0519	0,2995	NAN	
18,94	0,05055	0,299	NAN	
18,96	0,0492	0,2985	NAN	
18,98	0,048	0,298	NAN	
19	0,04665	0,2975	NAN	
19,02	0,0453	0,2965	NAN	
19,04	0,04395	0,2955	NAN	
19,06	0,0429	0,295	NAN	
19,08	0,042	0,2945	NAN	
19,1	0,04065	0,2935	NAN	
19,12	0,0396	0,2925	NAN	
19,14	0,03855	0,292	NAN	
19,16	0,0378	0,291	NAN	
19,18	0,0366	0,29	NAN	
19,2	0,0357	0,2895	NAN	
19,22	0,03465	0,289	NAN	
19,24	0,03375	0,288	NAN	
19,26	0,03285	0,287	NAN	
19,28	0,0321	0,286	NAN	
19,3	0,03135	0,285	NAN	
19,32	0,03045	0,2845	NAN	
19,34	0,02955	0,2835	NAN	
19,36	0,0291	0,283	NAN	
19,38	0,0282	0,282	NAN	
19,4	0,02745	0,281	NAN	
19,42	0,02685	0,28	NAN	
19,44	0,0261	0,279	NAN	
19,46	0,0255	0,278	NAN	
19,48	0,02475	0,2765	NAN	
19,5	0,02415	0,2765	NAN	
19,52	0,02355	0,275	NAN	
19,54	0,0228	0,274	NAN	
19,56	0,0225	0,2735	NAN	
19,58	0,02175	0,272	NAN	
19,6	0,02115	0,271	NAN	
19,62	0,02055	0,2695	NAN	
19,64	0,0201	0,269	NAN	
19,66	0,0195	0,268	NAN	
19,68	0,01905	0,267	NAN	
19,7	0,0183	0,2655	NAN	
19,72	0,018	0,265	NAN	
19,74	0,0174	0,2635	NAN	
19,76	0,01695	0,262	NAN	
19,78	0,0168	0,2615	NAN	
19,8	0,01635	0,26	NAN	
19,82	0,01575	0,2585	NAN	
19,84	0,01545	0,258	NAN	
19,86	0,015	0,257	NAN	
19,88	0,0144	0,2555	NAN	
19,9	0,0141	0,254	NAN	
19,92	0,0138	0,2535	NAN	
19,94	0,01335	0,252	NAN	
19,96	0,0129	0,2505	NAN	
19,98	0,01245	0,2495	NAN	
20	0,0123	0,2485	NAN	
