Spannung(in V) Druck(in mbar) Strom (in mA)
-8.850000 0.628000 -0.037048
-8.700000 0.628000 -0.037048
-8.550000 0.628000 -0.036997
-8.400000 0.628000 -0.036997
-8.250000 0.628000 -0.037014
-8.100000 0.628000 -0.036997
-7.950000 0.628000 -0.036962
-7.800000 0.628000 -0.036962
-7.650000 0.628000 -0.037014
-7.500000 0.628000 -0.036945
-7.350000 0.628000 -0.036945
-7.200000 0.628000 -0.036911
-7.050000 0.628000 -0.036928
-6.900000 0.628000 -0.036894
-6.750000 0.628000 -0.036876
-6.600000 0.628000 -0.036876
-6.450000 0.628000 -0.036876
-6.300000 0.628000 -0.036894
-6.150000 0.628000 -0.036842
-6.000000 0.628000 -0.036808
-5.850000 0.628000 -0.036791
-5.700000 0.628000 -0.036773
-5.550000 0.627000 -0.036773
-5.400000 0.627000 -0.036756
-5.250000 0.627000 -0.036756
-5.100000 0.628000 -0.036722
-4.950000 0.628000 -0.036705
-4.800000 0.628000 -0.036705
-4.650000 0.627000 -0.036670
-4.500000 0.627000 -0.036756
-4.350000 0.627000 -0.036636
-4.200000 0.627000 -0.036739
-4.050000 0.627000 -0.036670
-3.900000 0.627000 -0.036722
-3.750000 0.627000 -0.036636
-3.600000 0.627000 -0.036550
-3.450000 0.627000 -0.036653
-3.300000 0.627000 -0.036516
-3.150000 0.626000 -0.036584
-3.000000 0.626000 -0.036464
-2.850000 0.626000 -0.036447
-2.700000 0.626000 -0.036499
-2.550000 0.626000 -0.036413
-2.400000 0.626000 -0.036396
-2.250000 0.627000 -0.036361
-2.100000 0.626000 -0.036413
-1.950000 0.626000 -0.036327
-1.800000 0.626000 -0.036293
-1.650000 0.626000 -0.036378
-1.500000 0.626000 -0.036258
-1.350000 0.626000 -0.036344
-1.200000 0.626000 -0.036207
-1.050000 0.626000 -0.036293
-0.900000 0.626000 -0.036207
-0.750000 0.626000 -0.036104
-0.600000 0.626000 -0.036172
-0.450000 0.625000 -0.036087
-0.300000 0.625000 -0.036172
-0.150000 0.625000 -0.036069
-0.000000 0.625000 -0.036001
0.000000 0.625000 -0.035966
0.150000 0.625000 -0.035984
0.300000 0.625000 -0.036018
0.450000 0.625000 -0.036018
0.600000 0.625000 -0.035915
0.750000 0.625000 -0.035966
0.900000 0.625000 -0.035863
1.050000 0.625000 -0.035795
1.200000 0.625000 -0.035778
1.350000 0.625000 -0.035743
1.500000 0.625000 -0.035812
1.650000 0.625000 -0.035692
1.800000 0.625000 -0.035726
1.950000 0.625000 -0.035623
2.100000 0.625000 -0.035623
2.250000 0.625000 -0.035554
2.400000 0.625000 -0.035503
2.550000 0.625000 -0.035606
2.700000 0.625000 -0.035434
2.850000 0.625000 -0.035537
3.000000 0.625000 -0.035365
3.150000 0.625000 -0.035434
3.300000 0.625000 -0.035297
3.450000 0.625000 -0.035280
3.600000 0.624000 -0.035211
3.750000 0.625000 -0.035177
3.900000 0.625000 -0.035245
4.050000 0.625000 -0.035091
4.200000 0.625000 -0.035125
4.350000 0.625000 -0.035022
4.500000 0.625000 -0.035091
4.650000 0.625000 -0.034936
4.800000 0.624000 -0.034902
4.950000 0.624000 -0.034850
5.100000 0.625000 -0.034833
5.250000 0.625000 -0.034764
5.400000 0.625000 -0.034713
5.550000 0.625000 -0.034661
5.700000 0.625000 -0.034627
5.850000 0.625000 -0.034679
6.000000 0.624000 -0.034507
6.150000 0.624000 -0.034558
6.300000 0.624000 -0.034421
6.450000 0.624000 -0.034404
6.600000 0.624000 -0.034318
6.750000 0.624000 -0.034267
6.900000 0.624000 -0.034215
7.050000 0.624000 -0.034164
7.200000 0.624000 -0.034095
7.350000 0.624000 -0.034043
7.500000 0.624000 -0.034043
7.650000 0.624000 -0.033940
7.800000 0.624000 -0.033940
7.950000 0.624000 -0.033803
8.100000 0.624000 -0.033751
8.250000 0.624000 -0.033683
8.400000 0.624000 -0.033631
8.550000 0.625000 -0.033631
8.700000 0.624000 -0.033511
8.850000 0.624000 -0.033528
9.000000 0.624000 -0.033357
9.150000 0.624000 -0.033288
9.300000 0.624000 -0.033219
9.450000 0.624000 -0.033168
9.600000 0.624000 -0.033099
9.750000 0.624000 -0.033030
9.900000 0.624000 -0.032927
10.050000 0.624000 -0.032859
10.200000 0.624000 -0.032841
10.350000 0.624000 -0.032704
10.500000 0.623000 -0.032635
10.650000 0.623000 -0.032550
10.800000 0.623000 -0.032464
10.950000 0.624000 -0.032447
11.100000 0.624000 -0.032309
11.250000 0.624000 -0.032275
11.400000 0.623000 -0.032137
11.550000 0.623000 -0.032052
11.700000 0.623000 -0.031983
11.850000 0.623000 -0.031863
12.000000 0.623000 -0.031846
12.150000 0.623000 -0.031691
12.300000 0.623000 -0.031622
12.450000 0.623000 -0.031519
12.600000 0.623000 -0.031451
12.750000 0.623000 -0.031313
12.900000 0.623000 -0.031227
13.050000 0.623000 -0.031124
13.200000 0.623000 -0.031021
13.350000 0.623000 -0.031004
13.500000 0.623000 -0.030833
13.650000 0.623000 -0.030781
13.800000 0.623000 -0.030609
13.950000 0.623000 -0.030506
14.100000 0.623000 -0.030403
14.250000 0.623000 -0.030300
14.400000 0.623000 -0.030180
14.550000 0.622000 -0.030077
14.700000 0.622000 -0.029957
14.850000 0.622000 -0.029837
15.000000 0.622000 -0.029716
15.150000 0.622000 -0.029596
15.300000 0.623000 -0.029493
15.450000 0.623000 -0.029373
15.600000 0.623000 -0.029253
15.750000 0.622000 -0.029150
15.900000 0.622000 -0.028978
16.050000 0.622000 -0.028858
16.200000 0.622000 -0.028721
16.350000 0.622000 -0.028566
16.500000 0.622000 -0.028446
16.650000 0.622000 -0.028343
16.800000 0.622000 -0.028154
16.950000 0.622000 -0.028034
17.100000 0.622000 -0.027948
17.250000 0.622000 -0.027811
17.400000 0.622000 -0.027656
17.550000 0.622000 -0.027502
17.700000 0.621000 -0.027381
17.850000 0.621000 -0.027210
18.000000 0.621000 -0.027055
18.150000 0.621000 -0.026901
18.300000 0.621000 -0.026746
18.450000 0.622000 -0.026592
18.600000 0.621000 -0.026403
18.750000 0.621000 -0.026248
18.900000 0.621000 -0.026111
19.050000 0.621000 -0.025956
19.200000 0.621000 -0.025802
19.350000 0.621000 -0.025630
19.500000 0.621000 -0.025458
19.650000 0.621000 -0.025304
19.800000 0.621000 -0.025132
19.950000 0.621000 -0.024960
20.100000 0.621000 -0.024772
20.250000 0.621000 -0.024583
20.400000 0.621000 -0.024411
20.550000 0.621000 -0.024239
20.700000 0.621000 -0.024050
20.850000 0.621000 -0.023896
21.000000 0.622000 -0.023707
21.150000 0.621000 -0.023518
21.300000 0.621000 -0.023312
21.450000 0.621000 -0.023123
21.600000 0.621000 -0.022952
21.750000 0.621000 -0.022745
21.900000 0.622000 -0.022539
22.050000 0.622000 -0.022333
22.200000 0.622000 -0.022127
22.350000 0.622000 -0.021921
22.500000 0.622000 -0.021698
22.650000 0.621000 -0.021475
22.800000 0.621000 -0.021235
22.950000 0.621000 -0.021011
23.100000 0.621000 -0.020788
23.250000 0.621000 -0.020548
23.400000 0.622000 -0.020325
23.550000 0.622000 -0.020118
23.700000 0.622000 -0.019861
23.850000 0.621000 -0.019621
24.000000 0.621000 -0.019363
24.150000 0.621000 -0.019088
24.300000 0.621000 -0.018848
24.450000 0.621000 -0.018590
24.600000 0.622000 -0.018316
24.750000 0.622000 -0.018075
24.900000 0.622000 -0.017818
25.050000 0.621000 -0.017526
25.200000 0.621000 -0.017234
25.350000 0.621000 -0.016942
25.500000 0.621000 -0.016650
25.650000 0.621000 -0.016358
25.800000 0.622000 -0.016066
25.950000 0.622000 -0.015757
26.100000 0.621000 -0.015431
26.250000 0.621000 -0.015105
26.400000 0.621000 -0.014761
26.550000 0.621000 -0.014418
26.700000 0.621000 -0.014092
26.850000 0.621000 -0.013766
27.000000 0.621000 -0.013422
27.150000 0.621000 -0.013079
27.300000 0.621000 -0.012701
27.450000 0.621000 -0.012323
27.600000 0.620000 -0.011928
27.750000 0.620000 -0.011516
27.900000 0.620000 -0.011104
28.050000 0.620000 -0.010709
28.200000 0.620000 -0.010280
28.350000 0.620000 -0.009868
28.500000 0.620000 -0.009456
28.650000 0.620000 -0.009044
28.800000 0.620000 -0.008615
28.950000 0.620000 -0.008134
29.100000 0.620000 -0.007653
29.250000 0.620000 -0.007172
29.400000 0.620000 -0.006692
29.550000 0.620000 -0.006211
29.700000 0.620000 -0.005713
29.850000 0.620000 -0.005181
30.000000 0.620000 -0.004820
30.150000 0.620000 -0.004889
30.300000 0.620000 -0.004288
30.450000 0.619000 -0.003755
30.600000 0.619000 -0.003137
30.750000 0.619000 -0.002588
30.900000 0.619000 -0.002004
31.050000 0.619000 -0.001403
31.200000 0.619000 -0.000768
31.350000 0.619000 -0.000167
31.500000 0.619000 0.000400
31.650000 0.619000 0.001155
31.800000 0.619000 0.001722
31.950000 0.619000 0.002494
32.100000 0.619000 0.003147
32.250000 0.618000 0.003868
32.400000 0.619000 0.004503
32.550000 0.619000 0.005139
32.700000 0.619000 0.005791
32.850000 0.619000 0.006444
33.000000 0.619000 0.007182
33.150000 0.618000 0.007817
33.300000 0.618000 0.008624
33.450000 0.618000 0.009259
33.600000 0.618000 0.009998
33.750000 0.618000 0.010667
33.900000 0.618000 0.011388
34.050000 0.618000 0.012024
34.200000 0.619000 0.012676
34.350000 0.618000 0.013449
34.500000 0.618000 0.014170
34.650000 0.618000 0.015011
34.800000 0.618000 0.015750
34.950000 0.618000 0.016505
35.100000 0.618000 0.017226
35.250000 0.618000 0.018016
35.400000 0.618000 0.018737
35.550000 0.618000 0.019493
35.700000 0.618000 0.020214
35.850000 0.618000 0.021107
36.000000 0.618000 0.021965
36.150000 0.618000 0.022875
36.300000 0.618000 0.023682
36.450000 0.618000 0.024592
36.600000 0.618000 0.025451
36.750000 0.618000 0.026241
36.900000 0.618000 0.027116
37.050000 0.618000 0.028043
37.200000 0.618000 0.028919
37.350000 0.618000 0.029915
37.500000 0.617000 0.030911
37.650000 0.617000 0.031786
37.800000 0.617000 0.032765
37.950000 0.617000 0.033727
38.100000 0.617000 0.034637
38.250000 0.618000 0.035633
38.400000 0.618000 0.036491
38.550000 0.618000 0.037573
38.700000 0.618000 0.038569
38.850000 0.617000 0.039685
39.000000 0.617000 0.040818
39.150000 0.617000 0.041814
39.300000 0.617000 0.042844
39.450000 0.617000 0.043857
39.600000 0.617000 0.044887
39.750000 0.617000 0.045832
39.900000 0.617000 0.046896
40.050000 0.617000 0.048046
40.200000 0.617000 0.049180
40.350000 0.617000 0.050261
40.500000 0.617000 0.051309
40.650000 0.617000 0.052373
40.800000 0.617000 0.053506
40.950000 0.617000 0.054674
41.100000 0.617000 0.055756
41.250000 0.617000 0.056906
41.400000 0.616000 0.058108
41.550000 0.616000 0.059276
41.700000 0.616000 0.060478
41.850000 0.616000 0.061662
42.000000 0.616000 0.062847
42.150000 0.616000 0.064032
42.300000 0.616000 0.065268
42.450000 0.616000 0.066384
42.600000 0.616000 0.067620
42.750000 0.616000 0.068788
42.900000 0.616000 0.069973
43.050000 0.616000 0.071346
43.200000 0.616000 0.072582
43.350000 0.616000 0.073853
43.500000 0.616000 0.075038
43.650000 0.616000 0.076377
43.800000 0.616000 0.077544
43.950000 0.616000 0.078832
44.100000 0.616000 0.079983
44.250000 0.616000 0.081288
44.400000 0.616000 0.082558
44.550000 0.615000 0.083915
44.700000 0.615000 0.085288
44.850000 0.615000 0.086542
45.000000 0.615000 0.087915
45.150000 0.615000 0.089169
45.300000 0.615000 0.090508
45.450000 0.615000 0.091675
45.600000 0.616000 0.092980
45.750000 0.615000 0.094234
45.900000 0.615000 0.095625
46.050000 0.615000 0.115027
46.200000 0.615000 0.126187
46.350000 0.615000 0.137159
46.500000 0.615000 0.147564
46.650000 0.615000 0.156183
46.800000 0.615000 0.165678
46.950000 0.615000 0.173834
47.100000 0.615000 0.182453
47.250000 0.615000 0.191914
47.400000 0.615000 0.200276
47.550000 0.614000 0.208054
47.700000 0.615000 0.215385
47.850000 0.614000 0.223747
48.000000 0.615000 0.231027
48.150000 0.615000 0.238771
48.300000 0.615000 0.247510
48.450000 0.615000 0.255683
48.600000 0.615000 0.263856
48.750000 0.614000 0.272029
48.900000 0.614000 0.280666
49.050000 0.614000 0.287774
49.200000 0.614000 0.295397
49.350000 0.614000 0.302969
49.500000 0.614000 0.310541
49.650000 0.614000 0.317598
49.800000 0.614000 0.325634
49.950000 0.614000 0.334202
50.100000 0.614000 0.341224
50.250000 0.614000 0.348727
50.400000 0.614000 0.356729
50.550000 0.614000 0.365228
50.700000 0.614000 0.372216
50.850000 0.614000 0.379736
51.000000 0.614000 0.386708
51.150000 0.614000 0.394709
51.300000 0.615000 0.403156
51.450000 0.614000 0.410642
51.600000 0.614000 0.419056
51.750000 0.614000 0.425975
51.900000 0.614000 0.433942
52.050000 0.614000 0.440827
52.200000 0.614000 0.448691
52.350000 0.614000 0.455491
52.500000 0.614000 0.462959
52.650000 0.614000 0.471270
52.800000 0.614000 0.478258
52.950000 0.614000 0.486156
53.100000 0.613000 0.493041
53.250000 0.613000 0.500974
53.400000 0.613000 0.507945
53.550000 0.613000 0.515895
53.700000 0.613000 0.523724
53.850000 0.613000 0.531073
54.000000 0.614000 0.538422
54.150000 0.614000 0.545358
54.300000 0.614000 0.553325
54.450000 0.613000 0.560331
54.600000 0.613000 0.567765
54.750000 0.613000 0.575148
54.900000 0.613000 0.582600
55.050000 0.613000 0.590979
55.200000 0.613000 0.598396
55.350000 0.613000 0.606793
55.500000 0.613000 0.613712
55.650000 0.614000 0.621610
55.800000 0.613000 0.628513
55.950000 0.613000 0.636428
56.100000 0.613000 0.643313
56.250000 0.613000 0.651194
56.400000 0.613000 0.659127
56.550000 0.613000 0.667008
56.700000 0.613000 0.675387
56.850000 0.613000 0.682289
57.000000 0.613000 0.689689
57.150000 0.613000 0.697090
57.300000 0.613000 0.704524
57.450000 0.612000 0.712920
57.600000 0.612000 0.719874
57.750000 0.612000 0.727772
57.900000 0.612000 0.734692
58.050000 0.612000 0.742607
58.200000 0.612000 0.749510
58.350000 0.612000 0.757425
58.500000 0.612000 0.765358
58.650000 0.612000 0.772775
58.800000 0.612000 0.780227
58.950000 0.612000 0.787129
59.100000 0.611000 0.795010
59.250000 0.611000 0.803423
59.400000 0.611000 0.810841
59.550000 0.611000 0.819220
59.700000 0.612000 0.826637
59.850000 0.612000 0.835068
