Spannung(in V) Druck(in mbar) Strom (in mA)
-8.850000 0.582000 -0.037151
-8.700000 0.581000 -0.037117
-8.550000 0.581000 -0.037117
-8.400000 0.581000 -0.037065
-8.250000 0.581000 -0.037048
-8.100000 0.581000 -0.037014
-7.950000 0.581000 -0.036979
-7.800000 0.581000 -0.036962
-7.650000 0.581000 -0.036945
-7.500000 0.581000 -0.036911
-7.350000 0.581000 -0.036876
-7.200000 0.581000 -0.036945
-7.050000 0.581000 -0.036825
-6.900000 0.581000 -0.036773
-6.750000 0.581000 -0.036825
-6.600000 0.581000 -0.036705
-6.450000 0.581000 -0.036670
-6.300000 0.581000 -0.036653
-6.150000 0.581000 -0.036670
-6.000000 0.581000 -0.036567
-5.850000 0.581000 -0.036619
-5.700000 0.581000 -0.036499
-5.550000 0.581000 -0.036464
-5.400000 0.581000 -0.036447
-5.250000 0.581000 -0.036413
-5.100000 0.581000 -0.036361
-4.950000 0.581000 -0.036327
-4.800000 0.581000 -0.036293
-4.650000 0.581000 -0.036258
-4.500000 0.581000 -0.036207
-4.350000 0.581000 -0.036275
-4.200000 0.582000 -0.036138
-4.050000 0.582000 -0.036104
-3.900000 0.582000 -0.036069
-3.750000 0.582000 -0.036018
-3.600000 0.582000 -0.035984
-3.450000 0.582000 -0.035949
-3.300000 0.582000 -0.036035
-3.150000 0.582000 -0.035863
-3.000000 0.582000 -0.035812
-2.850000 0.582000 -0.035915
-2.700000 0.582000 -0.035760
-2.550000 0.582000 -0.035795
-2.400000 0.582000 -0.035640
-2.250000 0.582000 -0.035606
-2.100000 0.582000 -0.035692
-1.950000 0.582000 -0.035520
-1.800000 0.582000 -0.035623
-1.650000 0.582000 -0.035417
-1.500000 0.582000 -0.035383
-1.350000 0.582000 -0.035365
-1.200000 0.582000 -0.035280
-1.050000 0.582000 -0.035348
-0.900000 0.582000 -0.035177
-0.750000 0.582000 -0.035262
-0.600000 0.582000 -0.035074
-0.450000 0.582000 -0.035039
-0.300000 0.582000 -0.035056
-0.150000 0.582000 -0.035022
-0.000000 0.582000 -0.035005
0.000000 0.582000 -0.034833
0.150000 0.582000 -0.034850
0.300000 0.582000 -0.034816
0.450000 0.582000 -0.034730
0.600000 0.582000 -0.034730
0.750000 0.582000 -0.034627
0.900000 0.582000 -0.034661
1.050000 0.582000 -0.034507
1.200000 0.582000 -0.034541
1.350000 0.582000 -0.034473
1.500000 0.582000 -0.034318
1.650000 0.582000 -0.034267
1.800000 0.582000 -0.034198
1.950000 0.582000 -0.034181
2.100000 0.582000 -0.034061
2.250000 0.582000 -0.033992
2.400000 0.582000 -0.033992
2.550000 0.582000 -0.033854
2.700000 0.582000 -0.033906
2.850000 0.582000 -0.033717
3.000000 0.582000 -0.033734
3.150000 0.582000 -0.033563
3.300000 0.582000 -0.033494
3.450000 0.582000 -0.033425
3.600000 0.581000 -0.033357
3.750000 0.582000 -0.033391
3.900000 0.582000 -0.033236
4.050000 0.582000 -0.033099
4.200000 0.582000 -0.033030
4.350000 0.582000 -0.032944
4.500000 0.581000 -0.032927
4.650000 0.581000 -0.032790
4.800000 0.581000 -0.032721
4.950000 0.581000 -0.032601
5.100000 0.581000 -0.032550
5.250000 0.582000 -0.032429
5.400000 0.582000 -0.032464
5.550000 0.582000 -0.032240
5.700000 0.582000 -0.032223
5.850000 0.582000 -0.032069
6.000000 0.582000 -0.031966
6.150000 0.582000 -0.031931
6.300000 0.582000 -0.031777
6.450000 0.582000 -0.031777
6.600000 0.582000 -0.031571
6.750000 0.582000 -0.031571
6.900000 0.582000 -0.031365
7.050000 0.582000 -0.031262
7.200000 0.582000 -0.031159
7.350000 0.582000 -0.031159
7.500000 0.582000 -0.030936
7.650000 0.582000 -0.030815
7.800000 0.582000 -0.030730
7.950000 0.582000 -0.030592
8.100000 0.582000 -0.030489
8.250000 0.582000 -0.030369
8.400000 0.582000 -0.030249
8.550000 0.582000 -0.030129
8.700000 0.582000 -0.030008
8.850000 0.582000 -0.029871
9.000000 0.582000 -0.029768
9.150000 0.582000 -0.029734
9.300000 0.582000 -0.029493
9.450000 0.582000 -0.029476
9.600000 0.582000 -0.029253
9.750000 0.582000 -0.029133
9.900000 0.582000 -0.028961
10.050000 0.582000 -0.028824
10.200000 0.582000 -0.028772
10.350000 0.582000 -0.028566
10.500000 0.582000 -0.028446
10.650000 0.582000 -0.028274
10.800000 0.582000 -0.028137
10.950000 0.582000 -0.027982
11.100000 0.582000 -0.027845
11.250000 0.582000 -0.027690
11.400000 0.582000 -0.027536
11.550000 0.582000 -0.027450
11.700000 0.582000 -0.027210
11.850000 0.582000 -0.027055
12.000000 0.582000 -0.026952
12.150000 0.582000 -0.026729
12.300000 0.582000 -0.026574
12.450000 0.582000 -0.026420
12.600000 0.582000 -0.026317
12.750000 0.582000 -0.026076
12.900000 0.582000 -0.025939
13.050000 0.582000 -0.025733
13.200000 0.582000 -0.025544
13.350000 0.582000 -0.025372
13.500000 0.582000 -0.025201
13.650000 0.582000 -0.025029
13.800000 0.582000 -0.024840
13.950000 0.582000 -0.024720
14.100000 0.582000 -0.024462
14.250000 0.582000 -0.024274
14.400000 0.582000 -0.024119
14.550000 0.582000 -0.023896
14.700000 0.582000 -0.023707
14.850000 0.582000 -0.023501
15.000000 0.582000 -0.023295
15.150000 0.582000 -0.023089
15.300000 0.582000 -0.022883
15.450000 0.582000 -0.022694
15.600000 0.582000 -0.022471
15.750000 0.582000 -0.022265
15.900000 0.582000 -0.022042
16.050000 0.582000 -0.021818
16.200000 0.582000 -0.021612
16.350000 0.582000 -0.021389
16.500000 0.582000 -0.021183
16.650000 0.582000 -0.020943
16.800000 0.582000 -0.020719
16.950000 0.582000 -0.020496
17.100000 0.582000 -0.020256
17.250000 0.582000 -0.020033
17.400000 0.582000 -0.019792
17.550000 0.582000 -0.019569
17.700000 0.582000 -0.019311
17.850000 0.582000 -0.019071
18.000000 0.582000 -0.018814
18.150000 0.582000 -0.018590
18.300000 0.582000 -0.018333
18.450000 0.582000 -0.018075
18.600000 0.582000 -0.017818
18.750000 0.582000 -0.017560
18.900000 0.582000 -0.017285
19.050000 0.582000 -0.017028
19.200000 0.582000 -0.016770
19.350000 0.582000 -0.016496
19.500000 0.582000 -0.016204
19.650000 0.582000 -0.015929
19.800000 0.582000 -0.015671
19.950000 0.582000 -0.015380
20.100000 0.582000 -0.015105
20.250000 0.582000 -0.014813
20.400000 0.582000 -0.014521
20.550000 0.582000 -0.014229
20.700000 0.582000 -0.013920
20.850000 0.582000 -0.013628
21.000000 0.582000 -0.013353
21.150000 0.582000 -0.013010
21.300000 0.582000 -0.012718
21.450000 0.582000 -0.012409
21.600000 0.582000 -0.012083
21.750000 0.582000 -0.011757
21.900000 0.582000 -0.011448
22.050000 0.582000 -0.011121
22.200000 0.582000 -0.010795
22.350000 0.582000 -0.010469
22.500000 0.582000 -0.010126
22.650000 0.582000 -0.009799
22.800000 0.582000 -0.009456
22.950000 0.582000 -0.009112
23.100000 0.582000 -0.008752
23.250000 0.582000 -0.008409
23.400000 0.582000 -0.008031
23.550000 0.582000 -0.007687
23.700000 0.582000 -0.007327
23.850000 0.582000 -0.006932
24.000000 0.581000 -0.006571
24.150000 0.581000 -0.006194
24.300000 0.581000 -0.005799
24.450000 0.581000 -0.005421
24.600000 0.581000 -0.005009
24.750000 0.581000 -0.004631
24.900000 0.581000 -0.004236
25.050000 0.581000 -0.003824
25.200000 0.581000 -0.003412
25.350000 0.581000 -0.003000
25.500000 0.581000 -0.002588
25.650000 0.581000 -0.002159
25.800000 0.581000 -0.001729
25.950000 0.581000 -0.001283
26.100000 0.581000 -0.000871
26.250000 0.581000 -0.000424
26.400000 0.581000 0.000022
26.550000 0.581000 0.000468
26.700000 0.581000 0.000949
26.850000 0.581000 0.001413
27.000000 0.581000 0.001876
27.150000 0.581000 0.002357
27.300000 0.581000 0.002838
27.450000 0.581000 0.003336
27.600000 0.581000 0.003834
27.750000 0.581000 0.004349
27.900000 0.581000 0.004847
28.050000 0.581000 0.005362
28.200000 0.581000 0.005860
28.350000 0.581000 0.006392
28.500000 0.581000 0.006941
28.650000 0.581000 0.007508
28.800000 0.581000 0.008040
28.950000 0.581000 0.008624
29.100000 0.581000 0.009174
29.250000 0.581000 0.009757
29.400000 0.581000 0.010324
29.550000 0.581000 0.010942
29.700000 0.581000 0.011526
29.850000 0.581000 0.012144
30.000000 0.582000 0.012642
30.150000 0.582000 0.012556
30.300000 0.582000 0.013243
30.450000 0.582000 0.013827
30.600000 0.582000 0.014548
30.750000 0.582000 0.015149
30.900000 0.582000 0.015887
31.050000 0.582000 0.016505
31.200000 0.582000 0.017261
31.350000 0.582000 0.017947
31.500000 0.582000 0.018669
31.650000 0.582000 0.019390
31.800000 0.582000 0.020008
31.950000 0.582000 0.020780
32.100000 0.582000 0.021519
32.250000 0.583000 0.022360
32.400000 0.583000 0.023064
32.550000 0.582000 0.023905
32.700000 0.582000 0.024627
32.850000 0.582000 0.025502
33.000000 0.582000 0.026326
33.150000 0.583000 0.027065
33.300000 0.582000 0.027992
33.450000 0.582000 0.028765
33.600000 0.582000 0.029709
33.750000 0.583000 0.030550
33.900000 0.583000 0.031443
34.050000 0.582000 0.032336
34.200000 0.582000 0.033246
34.350000 0.582000 0.034156
34.500000 0.582000 0.035066
34.650000 0.583000 0.036027
34.800000 0.583000 0.036955
34.950000 0.583000 0.037916
35.100000 0.583000 0.038929
35.250000 0.583000 0.039925
35.400000 0.583000 0.040921
35.550000 0.582000 0.041882
35.700000 0.582000 0.042930
35.850000 0.582000 0.043891
36.000000 0.582000 0.044973
36.150000 0.582000 0.045952
36.300000 0.582000 0.047051
36.450000 0.582000 0.048046
36.600000 0.582000 0.049111
36.750000 0.582000 0.050158
36.900000 0.582000 0.051240
37.050000 0.582000 0.052305
37.200000 0.582000 0.053403
37.350000 0.582000 0.054468
37.500000 0.582000 0.055550
37.650000 0.582000 0.056649
37.800000 0.582000 0.057713
37.950000 0.582000 0.058778
38.100000 0.582000 0.059980
38.250000 0.582000 0.061096
38.400000 0.582000 0.062229
38.550000 0.582000 0.063379
38.700000 0.582000 0.064512
38.850000 0.582000 0.065680
39.000000 0.582000 0.066830
39.150000 0.583000 0.067929
39.300000 0.583000 0.069097
39.450000 0.583000 0.070264
39.600000 0.583000 0.071449
39.750000 0.583000 0.072703
39.900000 0.583000 0.073870
40.050000 0.583000 0.075124
40.200000 0.583000 0.076274
40.350000 0.583000 0.077527
40.500000 0.583000 0.078729
40.650000 0.583000 0.080000
40.800000 0.583000 0.081270
40.950000 0.583000 0.082575
41.100000 0.583000 0.083846
41.250000 0.583000 0.085134
41.400000 0.583000 0.086421
41.550000 0.583000 0.087743
41.700000 0.582000 0.089048
41.850000 0.582000 0.090302
42.000000 0.582000 0.091624
42.150000 0.583000 0.092997
42.300000 0.583000 0.094337
42.450000 0.583000 0.095676
42.600000 0.582000 0.097067
42.750000 0.582000 0.098389
42.900000 0.582000 0.099762
43.050000 0.582000 0.101102
43.200000 0.583000 0.102458
43.350000 0.583000 0.103832
43.500000 0.583000 0.105188
43.650000 0.582000 0.106596
43.800000 0.583000 0.108004
43.950000 0.582000 0.109378
44.100000 0.583000 0.110768
44.250000 0.583000 0.112125
44.400000 0.583000 0.113584
44.550000 0.583000 0.114924
44.700000 0.583000 0.116383
44.850000 0.583000 0.117739
45.000000 0.583000 0.119165
45.150000 0.583000 0.120590
45.300000 0.583000 0.121998
45.450000 0.583000 0.123474
45.600000 0.583000 0.124865
45.750000 0.583000 0.126324
45.900000 0.583000 0.127732
46.050000 0.583000 0.129192
46.200000 0.583000 0.130583
46.350000 0.583000 0.132094
46.500000 0.583000 0.133519
46.650000 0.583000 0.134944
46.800000 0.582000 0.136352
46.950000 0.582000 0.137743
47.100000 0.582000 0.139236
47.250000 0.582000 0.140627
47.400000 0.582000 0.142121
47.550000 0.582000 0.143563
47.700000 0.582000 0.145005
47.850000 0.582000 0.146396
48.000000 0.582000 0.147804
48.150000 0.582000 0.149246
48.300000 0.582000 0.150620
48.450000 0.582000 0.152045
48.600000 0.582000 0.153419
48.750000 0.582000 0.154895
48.900000 0.582000 0.156269
49.050000 0.582000 0.157643
49.200000 0.582000 0.158947
49.350000 0.582000 0.160373
49.500000 0.582000 0.161729
49.650000 0.582000 0.163103
49.800000 0.582000 0.164476
49.950000 0.582000 0.165833
50.100000 0.582000 0.167258
50.250000 0.582000 0.168511
50.400000 0.581000 0.169988
50.550000 0.581000 0.171241
50.700000 0.581000 0.172598
50.850000 0.581000 0.173851
51.000000 0.581000 0.175242
51.150000 0.581000 0.176495
51.300000 0.581000 0.177800
51.450000 0.581000 0.179002
51.600000 0.581000 0.180187
51.750000 0.581000 0.181492
51.900000 0.581000 0.182728
52.050000 0.581000 0.184050
52.200000 0.581000 0.185218
52.350000 0.581000 0.186419
52.500000 0.581000 0.187621
52.650000 0.581000 0.188823
52.800000 0.581000 0.190077
52.950000 0.581000 0.191210
53.100000 0.581000 0.192532
53.250000 0.581000 0.193665
53.400000 0.581000 0.194919
53.550000 0.581000 0.196069
53.700000 0.581000 0.197185
53.850000 0.581000 0.198438
54.000000 0.581000 0.199537
54.150000 0.581000 0.200671
54.300000 0.581000 0.201752
54.450000 0.581000 0.202851
54.600000 0.581000 0.203795
54.750000 0.581000 0.204912
54.900000 0.581000 0.205993
55.050000 0.581000 0.207023
55.200000 0.581000 0.208140
55.350000 0.581000 0.209118
55.500000 0.581000 0.210234
55.650000 0.581000 0.211127
55.800000 0.582000 0.212157
55.950000 0.582000 0.213084
56.100000 0.582000 0.214132
56.250000 0.582000 0.215128
56.400000 0.582000 0.216106
56.550000 0.582000 0.217171
56.700000 0.582000 0.218081
56.850000 0.582000 0.219042
57.000000 0.582000 0.219832
57.150000 0.582000 0.220845
57.300000 0.582000 0.221772
57.450000 0.582000 0.222700
57.600000 0.582000 0.223713
57.750000 0.582000 0.224554
57.900000 0.582000 0.225516
58.050000 0.582000 0.226288
58.200000 0.582000 0.227147
58.350000 0.582000 0.228040
58.500000 0.582000 0.228967
58.650000 0.582000 0.229945
58.800000 0.582000 0.230821
58.950000 0.582000 0.231697
59.100000 0.582000 0.232607
59.250000 0.582000 0.233482
59.400000 0.582000 0.234272
59.550000 0.582000 0.235045
59.700000 0.583000 0.235869
59.850000 0.583000 0.236693
