Spannung(in V) Druck(in mbar) Strom (in mA)
-8.850000 0.584000 -0.036756
-8.700000 0.584000 -0.036756
-8.550000 0.584000 -0.036756
-8.400000 0.584000 -0.036756
-8.250000 0.584000 -0.036842
-8.100000 0.584000 -0.036756
-7.950000 0.584000 -0.036739
-7.800000 0.584000 -0.036808
-7.650000 0.584000 -0.036756
-7.500000 0.584000 -0.036756
-7.350000 0.584000 -0.036739
-7.200000 0.584000 -0.036739
-7.050000 0.584000 -0.036808
-6.900000 0.584000 -0.036739
-6.750000 0.584000 -0.036739
-6.600000 0.584000 -0.036739
-6.450000 0.584000 -0.036722
-6.300000 0.584000 -0.036739
-6.150000 0.584000 -0.036739
-6.000000 0.584000 -0.036739
-5.850000 0.584000 -0.036739
-5.700000 0.584000 -0.036825
-5.550000 0.584000 -0.036722
-5.400000 0.584000 -0.036722
-5.250000 0.584000 -0.036808
-5.100000 0.584000 -0.036739
-4.950000 0.584000 -0.036825
-4.800000 0.584000 -0.036722
-4.650000 0.584000 -0.036791
-4.500000 0.584000 -0.036722
-4.350000 0.584000 -0.036722
-4.200000 0.584000 -0.036756
-4.050000 0.584000 -0.036722
-3.900000 0.584000 -0.036756
-3.750000 0.584000 -0.036722
-3.600000 0.584000 -0.036705
-3.450000 0.584000 -0.036722
-3.300000 0.584000 -0.036705
-3.150000 0.584000 -0.036705
-3.000000 0.584000 -0.036705
-2.850000 0.584000 -0.036825
-2.700000 0.584000 -0.036756
-2.550000 0.584000 -0.036705
-2.400000 0.584000 -0.036808
-2.250000 0.584000 -0.036705
-2.100000 0.584000 -0.036825
-1.950000 0.584000 -0.036705
-1.800000 0.584000 -0.036688
-1.650000 0.584000 -0.036842
-1.500000 0.584000 -0.036739
-1.350000 0.584000 -0.036825
-1.200000 0.584000 -0.036670
-1.050000 0.584000 -0.036688
-0.900000 0.584000 -0.036705
-0.750000 0.584000 -0.036688
-0.600000 0.584000 -0.036808
-0.450000 0.584000 -0.036791
-0.300000 0.584000 -0.036688
-0.150000 0.584000 -0.036808
-0.000000 0.584000 -0.036688
0.000000 0.584000 -0.036670
0.150000 0.584000 -0.036670
0.300000 0.585000 -0.036808
0.450000 0.585000 -0.036688
0.600000 0.584000 -0.036791
0.750000 0.584000 -0.036688
0.900000 0.585000 -0.036773
1.050000 0.584000 -0.036670
1.200000 0.585000 -0.036773
1.350000 0.585000 -0.036653
1.500000 0.585000 -0.036739
1.650000 0.585000 -0.036653
1.800000 0.585000 -0.036722
1.950000 0.585000 -0.036756
2.100000 0.585000 -0.036653
2.250000 0.585000 -0.036791
2.400000 0.585000 -0.036653
2.550000 0.585000 -0.036791
2.700000 0.585000 -0.036653
2.850000 0.585000 -0.036739
3.000000 0.585000 -0.036688
3.150000 0.585000 -0.036756
3.300000 0.585000 -0.036670
3.450000 0.585000 -0.036773
3.600000 0.585000 -0.036653
3.750000 0.585000 -0.036636
3.900000 0.585000 -0.036636
4.050000 0.585000 -0.036636
4.200000 0.585000 -0.036670
4.350000 0.585000 -0.036636
4.500000 0.585000 -0.036653
4.650000 0.585000 -0.036636
4.800000 0.585000 -0.036705
4.950000 0.585000 -0.036619
5.100000 0.585000 -0.036722
5.250000 0.585000 -0.036636
5.400000 0.584000 -0.036619
5.550000 0.584000 -0.036619
5.700000 0.584000 -0.036619
5.850000 0.584000 -0.036705
6.000000 0.584000 -0.036619
6.150000 0.584000 -0.036688
6.300000 0.584000 -0.036619
6.450000 0.584000 -0.036636
6.600000 0.584000 -0.036602
6.750000 0.584000 -0.036602
6.900000 0.584000 -0.036602
7.050000 0.584000 -0.036584
7.200000 0.584000 -0.036602
7.350000 0.584000 -0.036584
7.500000 0.584000 -0.036584
7.650000 0.584000 -0.036584
7.800000 0.584000 -0.036584
7.950000 0.585000 -0.036670
8.100000 0.585000 -0.036584
8.250000 0.585000 -0.036602
8.400000 0.585000 -0.036584
8.550000 0.585000 -0.036567
8.700000 0.584000 -0.036567
8.850000 0.585000 -0.036567
9.000000 0.585000 -0.036567
9.150000 0.585000 -0.036550
9.300000 0.585000 -0.036550
9.450000 0.585000 -0.036550
9.600000 0.585000 -0.036653
9.750000 0.585000 -0.036550
9.900000 0.585000 -0.036602
10.050000 0.585000 -0.036550
10.200000 0.585000 -0.036619
10.350000 0.585000 -0.036619
10.500000 0.584000 -0.036533
10.650000 0.584000 -0.036567
10.800000 0.584000 -0.036533
10.950000 0.584000 -0.036516
11.100000 0.584000 -0.036516
11.250000 0.584000 -0.036516
11.400000 0.584000 -0.036516
11.550000 0.584000 -0.036499
11.700000 0.584000 -0.036533
11.850000 0.584000 -0.036516
12.000000 0.584000 -0.036567
12.150000 0.584000 -0.036499
12.300000 0.584000 -0.036499
12.450000 0.584000 -0.036499
12.600000 0.584000 -0.036481
12.750000 0.584000 -0.036481
12.900000 0.584000 -0.036481
13.050000 0.584000 -0.036464
13.200000 0.584000 -0.036481
13.350000 0.584000 -0.036516
13.500000 0.584000 -0.036447
13.650000 0.584000 -0.036516
13.800000 0.584000 -0.036447
13.950000 0.584000 -0.036464
14.100000 0.584000 -0.036430
14.250000 0.584000 -0.036447
14.400000 0.584000 -0.036447
14.550000 0.584000 -0.036430
14.700000 0.584000 -0.036499
14.850000 0.584000 -0.036413
15.000000 0.584000 -0.036413
15.150000 0.584000 -0.036413
15.300000 0.584000 -0.036430
15.450000 0.584000 -0.036396
15.600000 0.584000 -0.036447
15.750000 0.584000 -0.036396
15.900000 0.584000 -0.036396
16.050000 0.584000 -0.036378
16.200000 0.584000 -0.036378
16.350000 0.584000 -0.036378
16.500000 0.584000 -0.036344
16.650000 0.584000 -0.036361
16.800000 0.584000 -0.036344
16.950000 0.584000 -0.036344
17.100000 0.584000 -0.036344
17.250000 0.584000 -0.036361
17.400000 0.584000 -0.036327
17.550000 0.584000 -0.036310
17.700000 0.584000 -0.036310
17.850000 0.584000 -0.036293
18.000000 0.584000 -0.036293
18.150000 0.584000 -0.036293
18.300000 0.584000 -0.036275
18.450000 0.584000 -0.036275
18.600000 0.584000 -0.036275
18.750000 0.584000 -0.036258
18.900000 0.584000 -0.036258
19.050000 0.584000 -0.036241
19.200000 0.584000 -0.036241
19.350000 0.584000 -0.036241
19.500000 0.584000 -0.036207
19.650000 0.584000 -0.036207
19.800000 0.584000 -0.036207
19.950000 0.584000 -0.036207
20.100000 0.584000 -0.036190
20.250000 0.584000 -0.036172
20.400000 0.584000 -0.036190
20.550000 0.584000 -0.036138
20.700000 0.584000 -0.036138
20.850000 0.584000 -0.036121
21.000000 0.584000 -0.036121
21.150000 0.583000 -0.036104
21.300000 0.584000 -0.036104
21.450000 0.584000 -0.036069
21.600000 0.584000 -0.036069
21.750000 0.583000 -0.036035
21.900000 0.583000 -0.036035
22.050000 0.583000 -0.036018
22.200000 0.583000 -0.036001
22.350000 0.584000 -0.036018
22.500000 0.583000 -0.035984
22.650000 0.583000 -0.035984
22.800000 0.583000 -0.035949
22.950000 0.583000 -0.035915
23.100000 0.583000 -0.035932
23.250000 0.583000 -0.035898
23.400000 0.584000 -0.035881
23.550000 0.584000 -0.035863
23.700000 0.584000 -0.035863
23.850000 0.583000 -0.035829
24.000000 0.583000 -0.035795
24.150000 0.583000 -0.035778
24.300000 0.583000 -0.035743
24.450000 0.583000 -0.035726
24.600000 0.583000 -0.035692
24.750000 0.583000 -0.035692
24.900000 0.583000 -0.035640
25.050000 0.583000 -0.035623
25.200000 0.583000 -0.035589
25.350000 0.583000 -0.035554
25.500000 0.583000 -0.035520
25.650000 0.583000 -0.035486
25.800000 0.583000 -0.035451
25.950000 0.583000 -0.035417
26.100000 0.583000 -0.035365
26.250000 0.583000 -0.035314
26.400000 0.583000 -0.035262
26.550000 0.583000 -0.035211
26.700000 0.583000 -0.035142
26.850000 0.583000 -0.035074
27.000000 0.583000 -0.035005
27.150000 0.583000 -0.034902
27.300000 0.583000 -0.034833
27.450000 0.583000 -0.034730
27.600000 0.583000 -0.034593
27.750000 0.583000 -0.034490
27.900000 0.583000 -0.034335
28.050000 0.583000 -0.034181
28.200000 0.583000 -0.033975
28.350000 0.583000 -0.033769
28.500000 0.583000 -0.033528
28.650000 0.583000 -0.033254
28.800000 0.583000 -0.032910
28.950000 0.583000 -0.032498
29.100000 0.583000 -0.032103
29.250000 0.583000 -0.031571
29.400000 0.583000 -0.030901
29.550000 0.583000 0.092671
29.700000 0.583000 0.075124
29.850000 0.583000 0.068788
30.000000 0.583000 0.063894
30.150000 0.583000 0.061988
30.300000 0.583000 0.062504
30.450000 0.583000 0.063036
30.600000 0.584000 0.063843
30.750000 0.583000 0.064736
30.900000 0.583000 0.065783
31.050000 0.583000 0.066796
31.200000 0.583000 0.067843
31.350000 0.583000 0.068994
31.500000 0.583000 0.070110
31.650000 0.583000 0.071363
31.800000 0.583000 0.072754
31.950000 0.583000 0.074059
32.100000 0.584000 0.075450
32.250000 0.583000 0.076738
32.400000 0.583000 0.078180
32.550000 0.583000 0.079571
32.700000 0.583000 0.080978
32.850000 0.583000 0.082489
33.000000 0.583000 0.083897
33.150000 0.583000 0.085357
33.300000 0.583000 0.086748
33.450000 0.583000 0.088259
33.600000 0.583000 0.089855
33.750000 0.583000 0.091418
33.900000 0.583000 0.092997
34.050000 0.583000 0.094594
34.200000 0.583000 0.096140
34.350000 0.583000 0.097685
34.500000 0.583000 0.099230
34.650000 0.583000 0.100724
34.800000 0.583000 0.102321
34.950000 0.583000 0.103935
35.100000 0.583000 0.105446
35.250000 0.583000 0.107008
35.400000 0.583000 0.108674
35.550000 0.583000 0.110374
35.700000 0.583000 0.111988
35.850000 0.583000 0.113722
36.000000 0.583000 0.115284
36.150000 0.583000 0.116881
36.300000 0.583000 0.118495
36.450000 0.583000 0.120126
36.600000 0.583000 0.121740
36.750000 0.583000 0.123388
36.900000 0.583000 0.125054
37.050000 0.583000 0.126599
37.200000 0.583000 0.128213
37.350000 0.583000 0.129827
37.500000 0.583000 0.131561
37.650000 0.583000 0.133227
37.800000 0.583000 0.134927
37.950000 0.583000 0.136489
38.100000 0.583000 0.138120
38.250000 0.583000 0.139734
38.400000 0.583000 0.141365
38.550000 0.583000 0.143031
38.700000 0.583000 0.144525
38.850000 0.583000 0.146121
39.000000 0.583000 0.147632
39.150000 0.583000 0.149349
39.300000 0.583000 0.151032
39.450000 0.583000 0.152543
39.600000 0.583000 0.154088
39.750000 0.583000 0.155616
39.900000 0.583000 0.157282
40.050000 0.583000 0.158793
40.200000 0.583000 0.160493
40.350000 0.583000 0.161987
40.500000 0.583000 0.163583
40.650000 0.583000 0.165197
40.800000 0.583000 0.166794
40.950000 0.583000 0.168374
41.100000 0.583000 0.169850
41.250000 0.583000 0.171464
41.400000 0.583000 0.172993
41.550000 0.583000 0.174486
41.700000 0.583000 0.175894
41.850000 0.583000 0.177216
42.000000 0.583000 0.178779
42.150000 0.583000 0.180170
42.300000 0.583000 0.181801
42.450000 0.583000 0.183260
42.600000 0.583000 0.184634
42.750000 0.583000 0.185904
42.900000 0.583000 0.187312
43.050000 0.583000 0.188789
43.200000 0.583000 0.190317
43.350000 0.583000 0.191811
43.500000 0.583000 0.193064
43.650000 0.583000 0.194507
43.800000 0.583000 0.195880
43.950000 0.583000 0.197168
44.100000 0.583000 0.198404
44.250000 0.583000 0.199606
44.400000 0.583000 0.200962
44.550000 0.583000 0.202216
44.700000 0.583000 0.203658
44.850000 0.583000 0.204843
45.000000 0.583000 0.206045
45.150000 0.583000 0.207178
45.300000 0.583000 0.208466
45.450000 0.583000 0.209650
45.600000 0.583000 0.210955
45.750000 0.583000 0.212020
45.900000 0.583000 0.213291
46.050000 0.583000 0.214338
46.200000 0.583000 0.215437
46.350000 0.583000 0.216570
46.500000 0.583000 0.217738
46.650000 0.583000 0.218888
46.800000 0.584000 0.219952
46.950000 0.584000 0.221069
47.100000 0.584000 0.222133
47.250000 0.584000 0.223198
47.400000 0.584000 0.224262
47.550000 0.584000 0.225310
47.700000 0.583000 0.226546
47.850000 0.583000 0.227662
48.000000 0.583000 0.228829
48.150000 0.583000 0.230014
48.300000 0.583000 0.231079
48.450000 0.583000 0.232040
48.600000 0.583000 0.232950
48.750000 0.583000 0.234032
48.900000 0.583000 0.235045
49.050000 0.583000 0.236178
49.200000 0.583000 0.237157
49.350000 0.583000 0.238118
49.500000 0.583000 0.239114
49.650000 0.583000 0.240162
49.800000 0.583000 0.241072
49.950000 0.583000 0.241947
50.100000 0.583000 0.242995
50.250000 0.583000 0.243973
50.400000 0.583000 0.244815
50.550000 0.583000 0.245725
50.700000 0.583000 0.246652
50.850000 0.583000 0.247596
51.000000 0.583000 0.248523
51.150000 0.583000 0.249468
51.300000 0.583000 0.250343
51.450000 0.583000 0.251133
51.600000 0.583000 0.252060
51.750000 0.583000 0.252988
51.900000 0.583000 0.253743
52.050000 0.583000 0.254602
52.200000 0.583000 0.255374
52.350000 0.583000 0.256198
52.500000 0.583000 0.256919
52.650000 0.583000 0.257641
52.800000 0.583000 0.258568
52.950000 0.583000 0.259478
53.100000 0.583000 0.260182
53.250000 0.583000 0.260920
53.400000 0.583000 0.261744
53.550000 0.583000 0.262500
53.700000 0.583000 0.263238
53.850000 0.583000 0.264045
54.000000 0.583000 0.264852
54.150000 0.583000 0.265522
54.300000 0.583000 0.266277
54.450000 0.583000 0.267033
54.600000 0.583000 0.267719
54.750000 0.583000 0.268458
54.900000 0.583000 0.269196
55.050000 0.583000 0.269900
55.200000 0.583000 0.270638
55.350000 0.583000 0.271274
55.500000 0.583000 0.272012
55.650000 0.583000 0.272699
55.800000 0.583000 0.273403
55.950000 0.583000 0.274004
56.100000 0.583000 0.274622
56.250000 0.583000 0.275206
56.400000 0.583000 0.275755
56.550000 0.583000 0.276407
56.700000 0.583000 0.276940
56.850000 0.583000 0.277730
57.000000 0.583000 0.278365
57.150000 0.583000 0.279000
57.300000 0.583000 0.279635
57.450000 0.583000 0.280288
57.600000 0.582000 0.281061
57.750000 0.582000 0.281661
57.900000 0.582000 0.282245
58.050000 0.582000 0.282795
58.200000 0.582000 0.283378
58.350000 0.582000 0.283962
58.500000 0.582000 0.284477
58.650000 0.582000 0.285216
58.800000 0.582000 0.285748
58.950000 0.582000 0.286160
59.100000 0.582000 0.286744
59.250000 0.582000 0.287293
59.400000 0.582000 0.287705
59.550000 0.582000 0.288255
59.700000 0.582000 0.288632
59.850000 0.582000 0.289096
