Spannung(in V) Druck(in mbar) Strom (in mA)
-8.850000 0.592000 -0.036584
-8.700000 0.592000 -0.036584
-8.550000 0.592000 -0.036584
-8.400000 0.592000 -0.036636
-8.250000 0.592000 -0.036584
-8.100000 0.592000 -0.036584
-7.950000 0.591000 -0.036567
-7.800000 0.591000 -0.036567
-7.650000 0.591000 -0.036584
-7.500000 0.591000 -0.036602
-7.350000 0.591000 -0.036584
-7.200000 0.592000 -0.036619
-7.050000 0.591000 -0.036567
-6.900000 0.591000 -0.036584
-6.750000 0.591000 -0.036567
-6.600000 0.591000 -0.036567
-6.450000 0.591000 -0.036602
-6.300000 0.591000 -0.036567
-6.150000 0.591000 -0.036567
-6.000000 0.591000 -0.036636
-5.850000 0.591000 -0.036584
-5.700000 0.591000 -0.036636
-5.550000 0.591000 -0.036567
-5.400000 0.591000 -0.036567
-5.250000 0.591000 -0.036567
-5.100000 0.590000 -0.036567
-4.950000 0.590000 -0.036636
-4.800000 0.590000 -0.036567
-4.650000 0.590000 -0.036688
-4.500000 0.590000 -0.036567
-4.350000 0.590000 -0.036550
-4.200000 0.590000 -0.036567
-4.050000 0.590000 -0.036567
-3.900000 0.590000 -0.036636
-3.750000 0.590000 -0.036567
-3.600000 0.590000 -0.036688
-3.450000 0.590000 -0.036602
-3.300000 0.590000 -0.036550
-3.150000 0.590000 -0.036653
-3.000000 0.590000 -0.036567
-2.850000 0.590000 -0.036688
-2.700000 0.590000 -0.036567
-2.550000 0.590000 -0.036705
-2.400000 0.590000 -0.036688
-2.250000 0.590000 -0.036567
-2.100000 0.590000 -0.036567
-1.950000 0.590000 -0.036567
-1.800000 0.590000 -0.036481
-1.650000 0.590000 -0.036550
-1.500000 0.590000 -0.036567
-1.350000 0.590000 -0.036567
-1.200000 0.590000 -0.036550
-1.050000 0.590000 -0.036584
-0.900000 0.590000 -0.036567
-0.750000 0.589000 -0.036567
-0.600000 0.589000 -0.036670
-0.450000 0.589000 -0.036602
-0.300000 0.588000 -0.036688
-0.150000 0.588000 -0.036602
-0.000000 0.588000 -0.036550
0.000000 0.588000 -0.036550
0.150000 0.588000 -0.036567
0.300000 0.588000 -0.036602
0.450000 0.588000 -0.036567
0.600000 0.588000 -0.036670
0.750000 0.588000 -0.036584
0.900000 0.588000 -0.036670
1.050000 0.588000 -0.036567
1.200000 0.588000 -0.036670
1.350000 0.588000 -0.036602
1.500000 0.589000 -0.036567
1.650000 0.589000 -0.036636
1.800000 0.589000 -0.036567
1.950000 0.589000 -0.036705
2.100000 0.589000 -0.036567
2.250000 0.589000 -0.036705
2.400000 0.589000 -0.036619
2.550000 0.589000 -0.036688
2.700000 0.589000 -0.036567
2.850000 0.589000 -0.036567
3.000000 0.589000 -0.036619
3.150000 0.589000 -0.036619
3.300000 0.589000 -0.036602
3.450000 0.590000 -0.036567
3.600000 0.590000 -0.036670
3.750000 0.590000 -0.036550
3.900000 0.590000 -0.036619
4.050000 0.590000 -0.036567
4.200000 0.590000 -0.036602
4.350000 0.590000 -0.036550
4.500000 0.590000 -0.036567
4.650000 0.590000 -0.036567
4.800000 0.590000 -0.036567
4.950000 0.590000 -0.036567
5.100000 0.590000 -0.036567
5.250000 0.590000 -0.036567
5.400000 0.590000 -0.036567
5.550000 0.590000 -0.036567
5.700000 0.590000 -0.036567
5.850000 0.590000 -0.036567
6.000000 0.590000 -0.036567
6.150000 0.590000 -0.036567
6.300000 0.590000 -0.036567
6.450000 0.590000 -0.036550
6.600000 0.590000 -0.036550
6.750000 0.590000 -0.036567
6.900000 0.590000 -0.036567
7.050000 0.590000 -0.036653
7.200000 0.590000 -0.036550
7.350000 0.590000 -0.036670
7.500000 0.590000 -0.036567
7.650000 0.590000 -0.036567
7.800000 0.590000 -0.036567
7.950000 0.590000 -0.036567
8.100000 0.590000 -0.036567
8.250000 0.590000 -0.036567
8.400000 0.589000 -0.036567
8.550000 0.590000 -0.036567
8.700000 0.590000 -0.036567
8.850000 0.590000 -0.036653
9.000000 0.589000 -0.036550
9.150000 0.589000 -0.036670
9.300000 0.589000 -0.036567
9.450000 0.589000 -0.036567
9.600000 0.589000 -0.036567
9.750000 0.589000 -0.036567
9.900000 0.589000 -0.036567
10.050000 0.589000 -0.036567
10.200000 0.590000 -0.036550
10.350000 0.590000 -0.036550
10.500000 0.590000 -0.036567
10.650000 0.590000 -0.036550
10.800000 0.590000 -0.036567
10.950000 0.590000 -0.036567
11.100000 0.590000 -0.036584
11.250000 0.590000 -0.036567
11.400000 0.590000 -0.036567
11.550000 0.590000 -0.036550
11.700000 0.590000 -0.036550
11.850000 0.590000 -0.036550
12.000000 0.590000 -0.036567
12.150000 0.590000 -0.036567
12.300000 0.590000 -0.036550
12.450000 0.590000 -0.036567
12.600000 0.590000 -0.036567
12.750000 0.590000 -0.036567
12.900000 0.590000 -0.036550
13.050000 0.590000 -0.036567
13.200000 0.590000 -0.036584
13.350000 0.590000 -0.036567
13.500000 0.590000 -0.036567
13.650000 0.590000 -0.036550
13.800000 0.590000 -0.036567
13.950000 0.590000 -0.036567
14.100000 0.590000 -0.036567
14.250000 0.590000 -0.036567
14.400000 0.590000 -0.036567
14.550000 0.590000 -0.036550
14.700000 0.590000 -0.036550
14.850000 0.590000 -0.036567
15.000000 0.590000 -0.036567
15.150000 0.590000 -0.036584
15.300000 0.590000 -0.036550
15.450000 0.590000 -0.036567
15.600000 0.590000 -0.036550
15.750000 0.590000 -0.036550
15.900000 0.590000 -0.036567
16.050000 0.590000 -0.036550
16.200000 0.590000 -0.036602
16.350000 0.590000 -0.036550
16.500000 0.590000 -0.036567
16.650000 0.590000 -0.036550
16.800000 0.590000 -0.036550
16.950000 0.590000 -0.036567
17.100000 0.591000 -0.036550
17.250000 0.591000 -0.036550
17.400000 0.591000 -0.036567
17.550000 0.591000 -0.036533
17.700000 0.591000 -0.036550
17.850000 0.591000 -0.036550
18.000000 0.591000 -0.036567
18.150000 0.591000 -0.036567
18.300000 0.591000 -0.036550
18.450000 0.591000 -0.036550
18.600000 0.591000 -0.036550
18.750000 0.591000 -0.036550
18.900000 0.591000 -0.036602
19.050000 0.591000 -0.036533
19.200000 0.591000 -0.036602
19.350000 0.591000 -0.036567
19.500000 0.591000 -0.036550
19.650000 0.591000 -0.036550
19.800000 0.591000 -0.036550
19.950000 0.591000 -0.036550
20.100000 0.591000 -0.036567
20.250000 0.592000 -0.036584
20.400000 0.592000 -0.036567
20.550000 0.592000 -0.036550
20.700000 0.592000 -0.036567
20.850000 0.592000 -0.036550
21.000000 0.592000 -0.036567
21.150000 0.592000 -0.036550
21.300000 0.592000 -0.036567
21.450000 0.592000 -0.036550
21.600000 0.592000 -0.036567
21.750000 0.591000 -0.036550
21.900000 0.592000 -0.036550
22.050000 0.592000 -0.036550
22.200000 0.592000 -0.036550
22.350000 0.592000 -0.036567
22.500000 0.592000 -0.036550
22.650000 0.592000 -0.036567
22.800000 0.591000 -0.036567
22.950000 0.591000 -0.036567
23.100000 0.591000 -0.036567
23.250000 0.591000 -0.036550
23.400000 0.591000 -0.036567
23.550000 0.591000 -0.036550
23.700000 0.591000 -0.036567
23.850000 0.591000 -0.036550
24.000000 0.591000 -0.036567
24.150000 0.591000 -0.036567
24.300000 0.591000 -0.036567
24.450000 0.591000 -0.036567
24.600000 0.591000 -0.036567
24.750000 0.591000 -0.036567
24.900000 0.591000 -0.036550
25.050000 0.590000 -0.036567
25.200000 0.590000 -0.036567
25.350000 0.590000 -0.036567
25.500000 0.590000 -0.036567
25.650000 0.590000 -0.036567
25.800000 0.590000 -0.036550
25.950000 0.590000 -0.036567
26.100000 0.590000 -0.036550
26.250000 0.590000 -0.036550
26.400000 0.590000 -0.036567
26.550000 0.590000 -0.036550
26.700000 0.589000 -0.036567
26.850000 0.590000 -0.036550
27.000000 0.590000 -0.036550
27.150000 0.589000 -0.036550
27.300000 0.589000 -0.036567
27.450000 0.589000 -0.036567
27.600000 0.589000 -0.036567
27.750000 0.589000 -0.036567
27.900000 0.589000 -0.036567
28.050000 0.590000 -0.036550
28.200000 0.590000 -0.036567
28.350000 0.590000 -0.036567
28.500000 0.590000 -0.036550
28.650000 0.589000 -0.036550
28.800000 0.589000 -0.036567
28.950000 0.590000 -0.036567
29.100000 0.590000 -0.036567
29.250000 0.589000 -0.036550
29.400000 0.590000 -0.036567
29.550000 0.590000 -0.036550
29.700000 0.590000 -0.036550
29.850000 0.589000 -0.036550
30.000000 0.590000 -0.036550
30.150000 0.590000 -0.036550
30.300000 0.590000 -0.036653
30.450000 0.590000 -0.036653
30.600000 0.590000 -0.036653
30.750000 0.590000 -0.036567
30.900000 0.590000 -0.036653
31.050000 0.589000 -0.036584
31.200000 0.589000 -0.036550
31.350000 0.589000 -0.036567
31.500000 0.589000 -0.036567
31.650000 0.589000 -0.036602
31.800000 0.589000 -0.036567
31.950000 0.589000 -0.036688
32.100000 0.589000 -0.036567
32.250000 0.589000 -0.036567
32.400000 0.589000 -0.036567
32.550000 0.589000 -0.036567
32.700000 0.589000 -0.036567
32.850000 0.589000 -0.036567
33.000000 0.589000 -0.036653
33.150000 0.589000 -0.036584
33.300000 0.589000 -0.036567
33.450000 0.589000 -0.036602
33.600000 0.589000 -0.036653
33.750000 0.589000 -0.036550
33.900000 0.589000 -0.036567
34.050000 0.589000 -0.036670
34.200000 0.589000 -0.036602
34.350000 0.589000 -0.036653
34.500000 0.589000 -0.036550
34.650000 0.589000 -0.036602
34.800000 0.589000 -0.036567
34.950000 0.589000 -0.036670
35.100000 0.589000 -0.036584
35.250000 0.589000 -0.036636
35.400000 0.589000 -0.036567
35.550000 0.589000 -0.036602
35.700000 0.589000 -0.036567
35.850000 0.589000 -0.036567
36.000000 0.589000 -0.036567
36.150000 0.589000 -0.036567
36.300000 0.589000 -0.036584
36.450000 0.589000 -0.036567
36.600000 0.589000 -0.036550
36.750000 0.589000 -0.036567
36.900000 0.589000 -0.036584
37.050000 0.589000 -0.036567
37.200000 0.589000 -0.036550
37.350000 0.589000 -0.036584
37.500000 0.589000 -0.036567
37.650000 0.589000 -0.036636
37.800000 0.589000 -0.036567
37.950000 0.589000 -0.036584
38.100000 0.589000 -0.036567
38.250000 0.589000 -0.036602
38.400000 0.589000 -0.036567
38.550000 0.589000 -0.036567
38.700000 0.589000 -0.036550
38.850000 0.589000 -0.036567
39.000000 0.589000 -0.036584
39.150000 0.589000 -0.036567
39.300000 0.589000 -0.036567
39.450000 0.589000 -0.036550
39.600000 0.589000 -0.036636
39.750000 0.589000 -0.036550
39.900000 0.589000 -0.036550
40.050000 0.589000 -0.036567
40.200000 0.589000 -0.036567
40.350000 0.589000 -0.036567
40.500000 0.589000 -0.036567
40.650000 0.589000 -0.036636
40.800000 0.589000 -0.036567
40.950000 0.589000 -0.036619
41.100000 0.589000 -0.036567
41.250000 0.589000 -0.036567
41.400000 0.589000 -0.036567
41.550000 0.589000 -0.036567
41.700000 0.589000 -0.036567
41.850000 0.589000 -0.036567
42.000000 0.589000 -0.036567
42.150000 0.589000 -0.036567
42.300000 0.588000 -0.036567
42.450000 0.588000 -0.036550
42.600000 0.588000 -0.036550
42.750000 0.588000 -0.036602
42.900000 0.588000 -0.036550
43.050000 0.588000 -0.036550
43.200000 0.588000 -0.036550
43.350000 0.588000 -0.036550
43.500000 0.588000 -0.036567
43.650000 0.588000 -0.036550
43.800000 0.588000 -0.036550
43.950000 0.588000 -0.036550
44.100000 0.588000 -0.036550
44.250000 0.588000 -0.036602
44.400000 0.588000 -0.036550
44.550000 0.588000 -0.036550
44.700000 0.588000 -0.036550
44.850000 0.588000 -0.036567
45.000000 0.588000 -0.036533
45.150000 0.588000 -0.036550
45.300000 0.588000 -0.036550
45.450000 0.588000 -0.036550
45.600000 0.588000 -0.036567
45.750000 0.588000 -0.036550
45.900000 0.588000 -0.036550
46.050000 0.588000 -0.036550
46.200000 0.588000 -0.036550
46.350000 0.588000 -0.036550
46.500000 0.588000 -0.036550
46.650000 0.588000 -0.036584
46.800000 0.588000 -0.036550
46.950000 0.588000 -0.036550
47.100000 0.588000 -0.036550
47.250000 0.588000 -0.036533
47.400000 0.588000 -0.036567
47.550000 0.588000 -0.036550
47.700000 0.588000 -0.036584
47.850000 0.588000 -0.036567
48.000000 0.588000 -0.036584
48.150000 0.588000 -0.036533
48.300000 0.588000 -0.036550
48.450000 0.588000 -0.036550
48.600000 0.588000 -0.036550
48.750000 0.588000 -0.036550
48.900000 0.588000 -0.036550
49.050000 0.588000 -0.036550
49.200000 0.588000 -0.036550
49.350000 0.588000 -0.036550
49.500000 0.588000 -0.036550
49.650000 0.588000 -0.036567
49.800000 0.588000 -0.036550
49.950000 0.588000 -0.036533
50.100000 0.588000 -0.036550
50.250000 0.588000 -0.036550
50.400000 0.588000 -0.036550
50.550000 0.588000 -0.036550
50.700000 0.588000 -0.036533
50.850000 0.587000 -0.036550
51.000000 0.587000 -0.036550
51.150000 0.588000 -0.036550
51.300000 0.587000 -0.036533
51.450000 0.587000 -0.036533
51.600000 0.587000 -0.036550
51.750000 0.587000 -0.036533
51.900000 0.587000 -0.036550
52.050000 0.587000 -0.036550
52.200000 0.587000 -0.036550
52.350000 0.587000 -0.036550
52.500000 0.587000 -0.036533
52.650000 0.587000 -0.036533
52.800000 0.587000 -0.036533
52.950000 0.587000 -0.036533
53.100000 0.587000 -0.036533
53.250000 0.587000 -0.036533
53.400000 0.587000 -0.036533
53.550000 0.587000 -0.036533
53.700000 0.587000 -0.036533
53.850000 0.587000 -0.036533
54.000000 0.587000 -0.036533
54.150000 0.587000 -0.036533
54.300000 0.587000 -0.036550
54.450000 0.587000 -0.036533
54.600000 0.587000 -0.036533
54.750000 0.587000 -0.036533
54.900000 0.587000 -0.036533
55.050000 0.587000 -0.036533
55.200000 0.587000 -0.036567
55.350000 0.587000 -0.036533
55.500000 0.587000 -0.036533
55.650000 0.587000 -0.036533
55.800000 0.587000 -0.036533
55.950000 0.587000 -0.036533
56.100000 0.587000 -0.036533
56.250000 0.587000 -0.036533
56.400000 0.587000 -0.036533
56.550000 0.587000 -0.036533
56.700000 0.587000 -0.036533
56.850000 0.587000 -0.036533
57.000000 0.587000 -0.036533
57.150000 0.587000 -0.036533
57.300000 0.587000 -0.036533
57.450000 0.587000 -0.036533
57.600000 0.587000 -0.036516
57.750000 0.587000 -0.036533
57.900000 0.587000 -0.036516
58.050000 0.587000 -0.036533
58.200000 0.587000 -0.036533
58.350000 0.587000 -0.036533
58.500000 0.587000 -0.036533
58.650000 0.587000 -0.036516
58.800000 0.587000 -0.036516
58.950000 0.587000 -0.036516
59.100000 0.587000 -0.036516
59.250000 0.587000 -0.036533
59.400000 0.587000 -0.036516
59.550000 0.587000 -0.036516
59.700000 0.587000 -0.036516
59.850000 0.587000 -0.036533
