Spannung(in V) Druck(in mbar) Strom (in mA)
-8.850000 0.588000 -0.034078
-8.700000 0.587000 -0.033992
-8.550000 0.587000 -0.033906
-8.400000 0.587000 -0.033820
-8.250000 0.587000 -0.033734
-8.100000 0.587000 -0.033717
-7.950000 0.587000 -0.033563
-7.800000 0.588000 -0.033477
-7.650000 0.588000 -0.033477
-7.500000 0.588000 -0.033288
-7.350000 0.588000 -0.033202
-7.200000 0.588000 -0.033099
-7.050000 0.587000 -0.033013
-6.900000 0.587000 -0.032927
-6.750000 0.588000 -0.032841
-6.600000 0.588000 -0.032738
-6.450000 0.588000 -0.032635
-6.300000 0.588000 -0.032532
-6.150000 0.588000 -0.032447
-6.000000 0.588000 -0.032361
-5.850000 0.587000 -0.032258
-5.700000 0.587000 -0.032155
-5.550000 0.587000 -0.032052
-5.400000 0.587000 -0.032052
-5.250000 0.587000 -0.031863
-5.100000 0.587000 -0.031846
-4.950000 0.587000 -0.031640
-4.800000 0.587000 -0.031571
-4.650000 0.587000 -0.031416
-4.500000 0.587000 -0.031313
-4.350000 0.587000 -0.031296
-4.200000 0.587000 -0.031090
-4.050000 0.587000 -0.031056
-3.900000 0.587000 -0.030850
-3.750000 0.587000 -0.030730
-3.600000 0.587000 -0.030712
-3.450000 0.587000 -0.030489
-3.300000 0.587000 -0.030386
-3.150000 0.587000 -0.030249
-3.000000 0.587000 -0.030214
-2.850000 0.587000 -0.029991
-2.700000 0.587000 -0.029854
-2.550000 0.587000 -0.029854
-2.400000 0.587000 -0.029579
-2.250000 0.587000 -0.029613
-2.100000 0.587000 -0.029322
-1.950000 0.587000 -0.029322
-1.800000 0.587000 -0.029047
-1.650000 0.587000 -0.028892
-1.500000 0.587000 -0.028755
-1.350000 0.587000 -0.028618
-1.200000 0.587000 -0.028566
-1.050000 0.587000 -0.028394
-0.900000 0.587000 -0.028171
-0.750000 0.587000 -0.028068
-0.600000 0.587000 -0.027879
-0.450000 0.587000 -0.027793
-0.300000 0.587000 -0.027656
-0.150000 0.587000 -0.027519
-0.000000 0.587000 -0.027330
0.000000 0.587000 -0.027107
0.150000 0.587000 -0.027124
0.300000 0.587000 -0.026952
0.450000 0.587000 -0.026780
0.600000 0.587000 -0.026677
0.750000 0.587000 -0.026437
0.900000 0.587000 -0.026368
1.050000 0.587000 -0.026094
1.200000 0.587000 -0.025991
1.350000 0.587000 -0.025750
1.500000 0.587000 -0.025561
1.650000 0.587000 -0.025407
1.800000 0.587000 -0.025201
1.950000 0.587000 -0.025149
2.100000 0.587000 -0.024823
2.250000 0.587000 -0.024651
2.400000 0.587000 -0.024445
2.550000 0.587000 -0.024359
2.700000 0.587000 -0.024068
2.850000 0.586000 -0.023844
3.000000 0.587000 -0.023759
3.150000 0.587000 -0.023467
3.300000 0.587000 -0.023346
3.450000 0.587000 -0.023072
3.600000 0.587000 -0.022831
3.750000 0.587000 -0.022642
3.900000 0.587000 -0.022385
4.050000 0.587000 -0.022282
4.200000 0.587000 -0.021956
4.350000 0.587000 -0.021853
4.500000 0.587000 -0.021509
4.650000 0.587000 -0.021286
4.800000 0.587000 -0.021166
4.950000 0.587000 -0.020822
5.100000 0.587000 -0.020668
5.250000 0.588000 -0.020359
5.400000 0.588000 -0.020101
5.550000 0.588000 -0.019861
5.700000 0.588000 -0.019621
5.850000 0.588000 -0.019397
6.000000 0.588000 -0.019140
6.150000 0.588000 -0.018917
6.300000 0.588000 -0.018625
6.450000 0.588000 -0.018367
6.600000 0.588000 -0.018110
6.750000 0.588000 -0.017886
6.900000 0.588000 -0.017612
7.050000 0.588000 -0.017320
7.200000 0.588000 -0.017045
7.350000 0.588000 -0.016787
7.500000 0.588000 -0.016616
7.650000 0.588000 -0.016221
7.800000 0.588000 -0.015946
7.950000 0.588000 -0.015654
8.100000 0.588000 -0.015380
8.250000 0.588000 -0.015088
8.400000 0.588000 -0.014796
8.550000 0.587000 -0.014607
8.700000 0.587000 -0.014212
8.850000 0.587000 -0.013903
9.000000 0.587000 -0.013611
9.150000 0.588000 -0.013285
9.300000 0.587000 -0.012993
9.450000 0.587000 -0.012684
9.600000 0.587000 -0.012375
9.750000 0.587000 -0.012049
9.900000 0.587000 -0.011791
10.050000 0.587000 -0.011396
10.200000 0.587000 -0.011087
10.350000 0.587000 -0.010744
10.500000 0.587000 -0.010417
10.650000 0.587000 -0.010074
10.800000 0.587000 -0.009765
10.950000 0.587000 -0.009387
11.100000 0.587000 -0.009061
11.250000 0.587000 -0.008718
11.400000 0.587000 -0.008340
11.550000 0.587000 -0.007996
11.700000 0.587000 -0.007636
11.850000 0.587000 -0.007275
12.000000 0.587000 -0.006949
12.150000 0.587000 -0.006537
12.300000 0.587000 -0.006211
12.450000 0.587000 -0.005782
12.600000 0.587000 -0.005421
12.750000 0.587000 -0.005043
12.900000 0.587000 -0.004631
13.050000 0.587000 -0.004253
13.200000 0.587000 -0.003876
13.350000 0.586000 -0.003549
13.500000 0.586000 -0.003069
13.650000 0.586000 -0.002674
13.800000 0.586000 -0.002262
13.950000 0.586000 -0.001850
14.100000 0.586000 -0.001489
14.250000 0.586000 -0.000991
14.400000 0.586000 -0.000579
14.550000 0.586000 -0.000150
14.700000 0.586000 0.000279
14.850000 0.586000 0.000726
15.000000 0.586000 0.001155
15.150000 0.586000 0.001533
15.300000 0.586000 0.002031
15.450000 0.586000 0.002477
15.600000 0.586000 0.002958
15.750000 0.586000 0.003387
15.900000 0.586000 0.003851
16.050000 0.586000 0.004349
16.200000 0.586000 0.004830
16.350000 0.586000 0.005293
16.500000 0.586000 0.005740
16.650000 0.586000 0.006255
16.800000 0.586000 0.006753
16.950000 0.586000 0.007251
17.100000 0.586000 0.007731
17.250000 0.586000 0.008246
17.400000 0.586000 0.008761
17.550000 0.586000 0.009259
17.700000 0.586000 0.009792
17.850000 0.586000 0.010290
18.000000 0.586000 0.010822
18.150000 0.586000 0.011320
18.300000 0.586000 0.011852
18.450000 0.586000 0.012384
18.600000 0.586000 0.012951
18.750000 0.586000 0.013483
18.900000 0.586000 0.014033
19.050000 0.586000 0.014599
19.200000 0.586000 0.015166
19.350000 0.586000 0.015715
19.500000 0.586000 0.016265
19.650000 0.586000 0.016849
19.800000 0.586000 0.017415
19.950000 0.586000 0.018016
20.100000 0.586000 0.018583
20.250000 0.586000 0.019149
20.400000 0.586000 0.019716
20.550000 0.586000 0.014445
20.700000 0.586000 0.015561
20.850000 0.586000 0.016419
21.000000 0.586000 0.017158
21.150000 0.586000 0.017879
21.300000 0.586000 0.018566
21.450000 0.585000 0.019252
21.600000 0.585000 0.019922
21.750000 0.585000 0.020609
21.900000 0.585000 0.021278
22.050000 0.585000 0.022000
22.200000 0.585000 0.022669
22.350000 0.585000 0.023373
22.500000 0.585000 0.024094
22.650000 0.585000 0.024798
22.800000 0.585000 0.025519
22.950000 0.585000 0.026241
23.100000 0.585000 0.026979
23.250000 0.585000 0.027734
23.400000 0.586000 0.028473
23.550000 0.586000 0.029228
23.700000 0.586000 0.030035
23.850000 0.586000 0.030808
24.000000 0.586000 0.031546
24.150000 0.586000 0.032370
24.300000 0.586000 0.033160
24.450000 0.586000 0.034001
24.600000 0.586000 0.034774
24.750000 0.587000 0.035615
24.900000 0.587000 0.036474
25.050000 0.587000 0.037247
25.200000 0.587000 0.038139
25.350000 0.587000 0.038998
25.500000 0.586000 0.039822
25.650000 0.586000 0.040749
25.800000 0.586000 0.041625
25.950000 0.586000 0.042518
26.100000 0.586000 0.043411
26.250000 0.586000 0.044338
26.400000 0.586000 0.045231
26.550000 0.586000 0.046141
26.700000 0.587000 0.047033
26.850000 0.587000 0.047978
27.000000 0.587000 0.048905
27.150000 0.587000 0.049884
27.300000 0.587000 0.050759
27.450000 0.587000 0.051704
27.600000 0.586000 0.052648
27.750000 0.586000 0.053627
27.900000 0.587000 0.054571
28.050000 0.587000 0.055498
28.200000 0.587000 0.056460
28.350000 0.586000 0.057404
28.500000 0.586000 0.058434
28.650000 0.586000 0.059379
28.800000 0.586000 0.060323
28.950000 0.586000 0.061319
29.100000 0.586000 0.062280
29.250000 0.586000 0.063276
29.400000 0.586000 0.064238
29.550000 0.586000 0.065285
29.700000 0.586000 0.066247
29.850000 0.586000 0.067294
30.000000 0.586000 0.068084
30.150000 0.586000 0.068032
30.300000 0.586000 0.069131
30.450000 0.586000 0.070179
30.600000 0.586000 0.071260
30.750000 0.586000 0.072256
30.900000 0.586000 0.073286
31.050000 0.586000 0.074334
31.200000 0.586000 0.075347
31.350000 0.586000 0.076428
31.500000 0.586000 0.077493
31.650000 0.586000 0.078558
31.800000 0.586000 0.079571
31.950000 0.586000 0.080704
32.100000 0.586000 0.081785
32.250000 0.586000 0.082850
32.400000 0.586000 0.083966
32.550000 0.587000 0.085048
32.700000 0.587000 0.086198
32.850000 0.587000 0.087246
33.000000 0.587000 0.088430
33.150000 0.586000 0.089495
33.300000 0.586000 0.090645
33.450000 0.586000 0.091813
33.600000 0.586000 0.092946
33.750000 0.586000 0.094182
33.900000 0.586000 0.095333
34.050000 0.586000 0.096552
34.200000 0.586000 0.097702
34.350000 0.585000 0.098870
34.500000 0.586000 0.100054
34.650000 0.585000 0.101308
34.800000 0.585000 0.102493
34.950000 0.585000 0.103626
35.100000 0.585000 0.104913
35.250000 0.585000 0.105995
35.400000 0.585000 0.107369
35.550000 0.585000 0.108622
35.700000 0.585000 0.109841
35.850000 0.585000 0.111077
36.000000 0.585000 0.112382
36.150000 0.585000 0.113619
36.300000 0.585000 0.114803
36.450000 0.585000 0.116074
36.600000 0.585000 0.117259
36.750000 0.585000 0.118546
36.900000 0.585000 0.119748
37.050000 0.585000 0.121019
37.200000 0.585000 0.122255
37.350000 0.585000 0.123526
37.500000 0.585000 0.124796
37.650000 0.585000 0.126067
37.800000 0.585000 0.127337
37.950000 0.585000 0.128574
38.100000 0.585000 0.129861
38.250000 0.585000 0.131149
38.400000 0.585000 0.132488
38.550000 0.585000 0.133708
38.700000 0.585000 0.135081
38.850000 0.585000 0.136369
39.000000 0.585000 0.137485
39.150000 0.585000 0.138841
39.300000 0.585000 0.140112
39.450000 0.585000 0.141400
39.600000 0.585000 0.142636
39.750000 0.585000 0.143907
39.900000 0.585000 0.145194
40.050000 0.585000 0.146482
40.200000 0.585000 0.147804
40.350000 0.585000 0.149058
40.500000 0.585000 0.150311
40.650000 0.585000 0.151530
40.800000 0.585000 0.152783
40.950000 0.585000 0.154071
41.100000 0.585000 0.155325
41.250000 0.585000 0.156630
41.400000 0.585000 0.157797
41.550000 0.585000 0.159033
41.700000 0.585000 0.160252
41.850000 0.585000 0.161437
42.000000 0.585000 0.162708
42.150000 0.585000 0.163944
42.300000 0.585000 0.165180
42.450000 0.585000 0.166399
42.600000 0.585000 0.167653
42.750000 0.585000 0.168820
42.900000 0.585000 0.169953
43.050000 0.585000 0.171190
43.200000 0.585000 0.172271
43.350000 0.585000 0.173508
43.500000 0.585000 0.174641
43.650000 0.585000 0.175808
43.800000 0.585000 0.176839
43.950000 0.585000 0.177800
44.100000 0.585000 0.178951
44.250000 0.585000 0.180067
44.400000 0.585000 0.181200
44.550000 0.585000 0.182316
44.700000 0.585000 0.183466
44.850000 0.585000 0.184514
45.000000 0.585000 0.185612
45.150000 0.585000 0.186711
45.300000 0.585000 0.187793
45.450000 0.585000 0.188926
45.600000 0.585000 0.190025
45.750000 0.585000 0.191176
45.900000 0.585000 0.192171
46.050000 0.585000 0.193253
46.200000 0.585000 0.194300
46.350000 0.585000 0.195245
46.500000 0.585000 0.196344
46.650000 0.584000 0.197374
46.800000 0.584000 0.198438
46.950000 0.584000 0.199331
47.100000 0.585000 0.200344
47.250000 0.585000 0.201272
47.400000 0.584000 0.202285
47.550000 0.585000 0.203195
47.700000 0.585000 0.204122
47.850000 0.585000 0.205135
48.000000 0.584000 0.206079
48.150000 0.584000 0.207092
48.300000 0.584000 0.207985
48.450000 0.584000 0.208861
48.600000 0.585000 0.209771
48.750000 0.585000 0.210715
48.900000 0.585000 0.211625
49.050000 0.585000 0.212432
49.200000 0.584000 0.213359
49.350000 0.584000 0.214304
49.500000 0.584000 0.215265
49.650000 0.584000 0.216141
49.800000 0.584000 0.217034
49.950000 0.584000 0.217926
50.100000 0.584000 0.218802
50.250000 0.584000 0.219643
50.400000 0.584000 0.220450
50.550000 0.584000 0.221429
50.700000 0.584000 0.222270
50.850000 0.584000 0.223249
51.000000 0.584000 0.224108
51.150000 0.584000 0.224983
51.300000 0.584000 0.225825
51.450000 0.584000 0.226717
51.600000 0.584000 0.227507
51.750000 0.584000 0.228263
51.900000 0.584000 0.229035
52.050000 0.584000 0.229825
52.200000 0.584000 0.230512
52.350000 0.584000 0.231199
52.500000 0.584000 0.231903
52.650000 0.584000 0.232778
52.800000 0.584000 0.233431
52.950000 0.584000 0.234118
53.100000 0.584000 0.234736
53.250000 0.584000 0.235423
53.400000 0.584000 0.236161
53.550000 0.585000 0.236796
53.700000 0.585000 0.237483
53.850000 0.585000 0.238032
54.000000 0.585000 0.238702
54.150000 0.585000 0.239337
54.300000 0.585000 0.240007
54.450000 0.585000 0.240745
54.600000 0.585000 0.241363
54.750000 0.585000 0.241999
54.900000 0.585000 0.242634
55.050000 0.585000 0.243218
55.200000 0.585000 0.243802
55.350000 0.585000 0.244506
55.500000 0.585000 0.245124
55.650000 0.585000 0.245759
55.800000 0.585000 0.246411
55.950000 0.585000 0.247030
56.100000 0.585000 0.247613
56.250000 0.585000 0.248231
56.400000 0.585000 0.248781
56.550000 0.585000 0.249348
56.700000 0.585000 0.249948
56.850000 0.585000 0.250549
57.000000 0.585000 0.251065
57.150000 0.585000 0.251614
57.300000 0.585000 0.252060
57.450000 0.585000 0.252696
57.600000 0.585000 0.253279
57.750000 0.585000 0.253795
57.900000 0.585000 0.254292
58.050000 0.585000 0.254773
58.200000 0.585000 0.255306
58.350000 0.585000 0.255752
58.500000 0.585000 0.256336
58.650000 0.585000 0.256782
58.800000 0.585000 0.257349
58.950000 0.585000 0.257881
59.100000 0.585000 0.258430
59.250000 0.585000 0.258997
59.400000 0.585000 0.259426
59.550000 0.585000 0.260044
59.700000 0.585000 0.260491
59.850000 0.585000 0.261075
