Spannung(in V) Druck(in mbar) Strom (in mA)
-8.850000 0.336000 -0.032034
-8.700000 0.336000 -0.031880
-8.550000 0.336000 -0.031691
-8.400000 0.336000 -0.031554
-8.250000 0.335000 -0.031468
-8.100000 0.335000 -0.031279
-7.950000 0.335000 -0.031124
-7.800000 0.335000 -0.030987
-7.650000 0.335000 -0.030833
-7.500000 0.335000 -0.030764
-7.350000 0.335000 -0.030523
-7.200000 0.335000 -0.030403
-7.050000 0.335000 -0.030232
-6.900000 0.335000 -0.030094
-6.750000 0.335000 -0.030008
-6.600000 0.334000 -0.029785
-6.450000 0.334000 -0.029665
-6.300000 0.334000 -0.029476
-6.150000 0.334000 -0.029339
-6.000000 0.334000 -0.029150
-5.850000 0.334000 -0.028978
-5.700000 0.334000 -0.028789
-5.550000 0.334000 -0.028618
-5.400000 0.335000 -0.028429
-5.250000 0.334000 -0.028274
-5.100000 0.334000 -0.028103
-4.950000 0.334000 -0.027948
-4.800000 0.334000 -0.027759
-4.650000 0.334000 -0.027570
-4.500000 0.334000 -0.027399
-4.350000 0.334000 -0.027193
-4.200000 0.334000 -0.027021
-4.050000 0.334000 -0.026798
-3.900000 0.334000 -0.026729
-3.750000 0.334000 -0.026437
-3.600000 0.334000 -0.026231
-3.450000 0.334000 -0.026128
-3.300000 0.334000 -0.025819
-3.150000 0.334000 -0.025750
-3.000000 0.334000 -0.025424
-2.850000 0.334000 -0.025338
-2.700000 0.334000 -0.024995
-2.550000 0.334000 -0.024772
-2.400000 0.334000 -0.024703
-2.250000 0.334000 -0.024325
-2.100000 0.334000 -0.024171
-1.950000 0.334000 -0.023862
-1.800000 0.334000 -0.023638
-1.650000 0.334000 -0.023415
-1.500000 0.334000 -0.023192
-1.350000 0.334000 -0.023089
-1.200000 0.334000 -0.022728
-1.050000 0.334000 -0.022591
-0.900000 0.334000 -0.022230
-0.750000 0.334000 -0.021973
-0.600000 0.334000 -0.021750
-0.450000 0.334000 -0.021578
-0.300000 0.334000 -0.021235
-0.150000 0.334000 -0.021028
-0.000000 0.334000 -0.020719
0.000000 0.333000 -0.020462
0.150000 0.333000 -0.020513
0.300000 0.333000 -0.020273
0.450000 0.333000 -0.020101
0.600000 0.333000 -0.019706
0.750000 0.333000 -0.019535
0.900000 0.333000 -0.019174
1.050000 0.332000 -0.018882
1.200000 0.332000 -0.018659
1.350000 0.332000 -0.018333
1.500000 0.332000 -0.018127
1.650000 0.332000 -0.017749
1.800000 0.332000 -0.017560
1.950000 0.332000 -0.017131
2.100000 0.332000 -0.016856
2.250000 0.331000 -0.016599
2.400000 0.331000 -0.016221
2.550000 0.331000 -0.016066
2.700000 0.331000 -0.015603
2.850000 0.331000 -0.015414
3.000000 0.331000 -0.014950
3.150000 0.331000 -0.014727
3.300000 0.331000 -0.014298
3.450000 0.331000 -0.014092
3.600000 0.330000 -0.013628
3.750000 0.330000 -0.013371
3.900000 0.330000 -0.012907
4.050000 0.330000 -0.012529
4.200000 0.330000 -0.012220
4.350000 0.330000 -0.011825
4.500000 0.330000 -0.011551
4.650000 0.330000 -0.011087
4.800000 0.330000 -0.010692
4.950000 0.330000 -0.010366
5.100000 0.330000 -0.009919
5.250000 0.330000 -0.009542
5.400000 0.330000 -0.009164
5.550000 0.330000 -0.008752
5.700000 0.329000 -0.008374
5.850000 0.329000 -0.008048
6.000000 0.329000 -0.007550
6.150000 0.329000 -0.007207
6.300000 0.329000 -0.006726
6.450000 0.329000 -0.006331
6.600000 0.329000 -0.005936
6.750000 0.329000 -0.005455
6.900000 0.329000 -0.005112
7.050000 0.329000 -0.004562
7.200000 0.329000 -0.004202
7.350000 0.328000 -0.003704
7.500000 0.328000 -0.003361
7.650000 0.328000 -0.002794
7.800000 0.328000 -0.002382
7.950000 0.328000 -0.001867
8.100000 0.328000 -0.001386
8.250000 0.328000 -0.001008
8.400000 0.328000 -0.000407
8.550000 0.328000 -0.000030
8.700000 0.328000 0.000554
8.850000 0.328000 0.001069
9.000000 0.328000 0.001584
9.150000 0.328000 0.002100
9.300000 0.328000 0.002563
9.450000 0.328000 0.003130
9.600000 0.328000 0.003645
9.750000 0.328000 0.004177
9.900000 0.328000 0.004727
10.050000 0.327000 0.005224
10.200000 0.327000 0.005740
10.350000 0.327000 0.006169
10.500000 0.326000 0.006753
10.650000 0.326000 0.007285
10.800000 0.325000 0.007783
10.950000 0.325000 0.008298
11.100000 0.325000 0.008864
11.250000 0.324000 0.009397
11.400000 0.324000 0.009963
11.550000 0.324000 0.010547
11.700000 0.323000 0.011114
11.850000 0.323000 0.011698
12.000000 0.323000 0.012298
12.150000 0.323000 0.012934
12.300000 0.323000 0.013535
12.450000 0.323000 0.014136
12.600000 0.322000 0.014754
12.750000 0.322000 0.015338
12.900000 0.322000 0.015990
13.050000 0.322000 0.016574
13.200000 0.321000 0.017226
13.350000 0.321000 0.017844
13.500000 0.320000 0.018480
13.650000 0.320000 0.019149
13.800000 0.320000 0.019767
13.950000 0.320000 0.020523
14.100000 0.320000 0.021227
14.250000 0.320000 0.021948
14.400000 0.320000 0.022669
14.550000 0.320000 0.023407
14.700000 0.320000 0.024111
14.850000 0.319000 0.024833
15.000000 0.319000 0.025554
15.150000 0.319000 0.026258
15.300000 0.319000 0.027013
15.450000 0.318000 0.027751
15.600000 0.318000 0.028490
15.750000 0.318000 0.029280
15.900000 0.318000 0.030001
16.050000 0.317000 0.030808
16.200000 0.317000 0.031598
16.350000 0.317000 0.032439
16.500000 0.317000 0.033263
16.650000 0.317000 0.034122
16.800000 0.318000 0.034997
16.950000 0.318000 0.035873
17.100000 0.317000 0.036731
17.250000 0.317000 0.037573
17.400000 0.317000 0.038483
17.550000 0.317000 0.039376
17.700000 0.317000 0.040251
17.850000 0.317000 0.041127
18.000000 0.317000 0.042003
18.150000 0.316000 0.042930
18.300000 0.316000 0.043805
18.450000 0.316000 0.044801
18.600000 0.316000 0.045763
18.750000 0.316000 0.046742
18.900000 0.316000 0.047737
19.050000 0.316000 0.048768
19.200000 0.316000 0.049798
19.350000 0.316000 0.050794
19.500000 0.316000 0.051910
19.650000 0.316000 0.052991
19.800000 0.316000 0.054022
19.950000 0.316000 0.055103
20.100000 0.316000 0.056185
20.250000 0.316000 0.057250
20.400000 0.316000 0.058366
20.550000 0.316000 0.059464
20.700000 0.315000 0.060546
20.850000 0.315000 0.061645
21.000000 0.315000 0.062813
21.150000 0.315000 0.064015
21.300000 0.315000 0.065199
21.450000 0.315000 0.066418
21.600000 0.315000 0.067672
21.750000 0.315000 0.068925
21.900000 0.315000 0.070196
22.050000 0.315000 0.071535
22.200000 0.315000 0.072891
22.350000 0.315000 0.074265
22.500000 0.315000 0.075570
22.650000 0.315000 0.076892
22.800000 0.315000 0.078214
22.950000 0.315000 0.079588
23.100000 0.315000 0.080978
23.250000 0.314000 0.082352
23.400000 0.314000 0.083760
23.550000 0.314000 0.085202
23.700000 0.314000 0.086662
23.850000 0.314000 0.088173
24.000000 0.314000 0.089735
24.150000 0.314000 0.091349
24.300000 0.314000 0.092963
24.450000 0.314000 0.094646
24.600000 0.314000 0.096346
24.750000 0.314000 0.098080
24.900000 0.314000 0.099848
25.050000 0.314000 0.101651
25.200000 0.314000 0.103523
25.350000 0.314000 0.105463
25.500000 0.315000 0.107437
25.650000 0.315000 0.109464
25.800000 0.315000 0.111490
25.950000 0.315000 0.113584
26.100000 0.315000 0.115782
26.250000 0.315000 0.117997
26.400000 0.315000 0.120332
26.550000 0.316000 0.122667
26.700000 0.316000 0.125105
26.850000 0.316000 0.127595
27.000000 0.316000 0.130085
27.150000 0.316000 0.132712
27.300000 0.316000 0.135407
27.450000 0.316000 0.138172
27.600000 0.316000 0.140970
27.750000 0.317000 0.143958
27.900000 0.317000 0.146894
28.050000 0.317000 0.149985
28.200000 0.317000 0.153247
28.350000 0.317000 0.156612
28.500000 0.317000 0.160132
28.650000 0.317000 0.163789
28.800000 0.317000 0.167567
28.950000 0.318000 0.171447
29.100000 0.318000 0.175568
29.250000 0.318000 0.179843
29.400000 0.318000 0.184239
29.550000 0.318000 0.188549
29.700000 0.318000 0.192841
29.850000 0.318000 0.197546
30.000000 0.318000 0.201907
30.150000 0.319000 0.201975
30.300000 0.319000 0.207212
30.450000 0.319000 0.212260
30.600000 0.319000 0.217257
30.750000 0.319000 0.222597
30.900000 0.319000 0.228040
31.050000 0.319000 0.233740
31.200000 0.319000 0.239458
31.350000 0.320000 0.245261
31.500000 0.320000 0.251013
31.650000 0.320000 0.256782
31.800000 0.320000 0.262809
31.950000 0.320000 0.268595
32.100000 0.320000 0.274673
32.250000 0.320000 0.280700
32.400000 0.320000 0.286915
32.550000 0.320000 0.292976
32.700000 0.320000 0.299175
32.850000 0.320000 0.305493
33.000000 0.321000 0.311812
33.150000 0.321000 0.317890
33.300000 0.321000 0.323522
33.450000 0.321000 0.329583
33.600000 0.321000 0.335695
33.750000 0.321000 0.340984
33.900000 0.321000 0.346598
34.050000 0.321000 0.352247
34.200000 0.321000 0.358051
34.350000 0.321000 0.363683
34.500000 0.321000 0.369228
34.650000 0.321000 0.374603
34.800000 0.321000 0.379788
34.950000 0.321000 0.385334
35.100000 0.321000 0.390742
35.250000 0.321000 0.396271
35.400000 0.321000 0.401645
35.550000 0.321000 0.406951
35.700000 0.321000 0.412171
35.850000 0.321000 0.417356
36.000000 0.321000 0.422765
36.150000 0.321000 0.428104
36.300000 0.321000 0.433376
36.450000 0.321000 0.438939
36.600000 0.321000 0.444261
36.750000 0.321000 0.449704
36.900000 0.321000 0.455267
37.050000 0.322000 0.460865
37.200000 0.322000 0.466325
37.350000 0.322000 0.471562
37.500000 0.322000 0.476764
37.650000 0.322000 0.482396
37.800000 0.322000 0.488182
37.950000 0.322000 0.493642
38.100000 0.322000 0.499394
38.250000 0.322000 0.505215
38.400000 0.322000 0.511001
38.550000 0.322000 0.516753
38.700000 0.322000 0.522333
38.850000 0.322000 0.528137
39.000000 0.322000 0.533769
39.150000 0.322000 0.539692
39.300000 0.322000 0.545461
39.450000 0.322000 0.551402
39.600000 0.322000 0.557103
39.750000 0.323000 0.563009
39.900000 0.323000 0.568847
40.050000 0.323000 0.574667
40.200000 0.323000 0.580437
40.350000 0.323000 0.586223
40.500000 0.323000 0.592129
40.650000 0.323000 0.597607
40.800000 0.323000 0.603307
40.950000 0.323000 0.608733
41.100000 0.323000 0.614365
41.250000 0.323000 0.620220
41.400000 0.323000 0.625937
41.550000 0.323000 0.631826
41.700000 0.323000 0.637578
41.850000 0.323000 0.643348
42.000000 0.323000 0.648773
42.150000 0.323000 0.654233
42.300000 0.323000 0.659899
42.450000 0.323000 0.665686
42.600000 0.323000 0.671661
42.750000 0.323000 0.677567
42.900000 0.323000 0.683697
43.050000 0.324000 0.689878
43.200000 0.324000 0.697021
43.350000 0.324000 0.703443
43.500000 0.324000 0.708748
43.650000 0.324000 0.713727
43.800000 0.324000 0.718672
43.950000 0.324000 0.723926
44.100000 0.324000 0.728700
44.250000 0.324000 0.734005
44.400000 0.324000 0.738761
44.550000 0.324000 0.743878
44.700000 0.324000 0.748239
44.850000 0.324000 0.752926
45.000000 0.324000 0.757734
45.150000 0.324000 0.762215
45.300000 0.324000 0.767178
45.450000 0.324000 0.771573
45.600000 0.324000 0.776020
45.750000 0.324000 0.780313
45.900000 0.324000 0.784657
46.050000 0.324000 0.788949
46.200000 0.324000 0.792830
46.350000 0.324000 0.796744
46.500000 0.324000 0.800728
46.650000 0.324000 0.804677
46.800000 0.324000 0.808386
46.950000 0.324000 0.812335
47.100000 0.324000 0.815648
47.250000 0.324000 0.819082
47.400000 0.324000 0.822568
47.550000 0.324000 0.825968
47.700000 0.324000 0.828715
47.850000 0.324000 0.830363
48.000000 0.324000 0.834003
48.150000 0.324000 0.835737
48.300000 0.324000 0.838502
48.450000 0.324000 0.840871
48.600000 0.324000 0.843790
48.750000 0.324000 0.845696
48.900000 0.324000 0.848701
49.050000 0.324000 0.850572
49.200000 0.325000 0.852358
49.350000 0.325000 0.854487
49.500000 0.324000 0.856376
49.650000 0.324000 0.858625
49.800000 0.324000 0.860102
49.950000 0.324000 0.862025
50.100000 0.324000 0.863724
50.250000 0.324000 0.865596
50.400000 0.324000 0.866695
50.550000 0.324000 0.867931
50.700000 0.324000 0.869785
50.850000 0.324000 0.871365
51.000000 0.324000 0.872687
51.150000 0.324000 0.873838
51.300000 0.324000 0.875675
51.450000 0.324000 0.875967
51.600000 0.324000 0.877340
51.750000 0.324000 0.877598
51.900000 0.324000 0.878456
52.050000 0.324000 0.879864
52.200000 0.324000 0.880105
52.350000 0.324000 0.880757
52.500000 0.324000 0.881358
52.650000 0.324000 0.882457
52.800000 0.324000 0.883384
52.950000 0.324000 0.883882
53.100000 0.324000 0.883934
53.250000 0.324000 0.884380
53.400000 0.324000 0.885118
53.550000 0.324000 0.885290
53.700000 0.324000 0.886131
53.850000 0.324000 0.886286
54.000000 0.324000 0.886818
54.150000 0.324000 0.886681
54.300000 0.324000 0.886715
54.450000 0.324000 0.886681
54.600000 0.324000 0.887694
54.750000 0.324000 0.886990
54.900000 0.324000 0.886852
55.050000 0.324000 0.887196
55.200000 0.324000 0.887265
55.350000 0.324000 0.887762
55.500000 0.324000 0.888106
55.650000 0.324000 0.887436
55.800000 0.324000 0.887453
55.950000 0.324000 0.887282
56.100000 0.324000 0.886818
56.250000 0.324000 0.890630
56.400000 0.324000 0.890922
56.550000 0.324000 0.890767
56.700000 0.324000 0.890939
56.850000 0.324000 0.891059
57.000000 0.324000 0.890492
57.150000 0.324000 0.890286
57.300000 0.324000 0.890235
57.450000 0.324000 0.890578
57.600000 0.324000 0.890767
57.750000 0.324000 0.891179
57.900000 0.324000 0.891437
58.050000 0.324000 0.891265
58.200000 0.324000 0.891471
58.350000 0.324000 0.891351
58.500000 0.324000 0.891402
58.650000 0.324000 0.891746
58.800000 0.324000 0.892330
58.950000 0.324000 0.892707
59.100000 0.324000 0.893137
59.250000 0.324000 0.893102
59.400000 0.324000 0.893600
59.550000 0.324000 0.894630
59.700000 0.324000 0.895386
59.850000 0.324000 0.894940
