Spannung(in V) Druck(in mbar) Strom (in mA)
-8.850000 0.576000 -0.036928
-8.700000 0.576000 -0.036859
-8.550000 0.576000 -0.036808
-8.400000 0.576000 -0.036756
-8.250000 0.576000 -0.036722
-8.100000 0.576000 -0.036739
-7.950000 0.576000 -0.036602
-7.800000 0.576000 -0.036567
-7.650000 0.576000 -0.036516
-7.500000 0.577000 -0.036464
-7.350000 0.577000 -0.036413
-7.200000 0.577000 -0.036344
-7.050000 0.577000 -0.036310
-6.900000 0.577000 -0.036241
-6.750000 0.577000 -0.036241
-6.600000 0.577000 -0.036121
-6.450000 0.577000 -0.036087
-6.300000 0.576000 -0.036018
-6.150000 0.576000 -0.035966
-6.000000 0.576000 -0.035984
-5.850000 0.576000 -0.035863
-5.700000 0.576000 -0.035898
-5.550000 0.576000 -0.035726
-5.400000 0.576000 -0.035743
-5.250000 0.576000 -0.035606
-5.100000 0.576000 -0.035554
-4.950000 0.576000 -0.035486
-4.800000 0.576000 -0.035434
-4.650000 0.576000 -0.035383
-4.500000 0.576000 -0.035297
-4.350000 0.576000 -0.035245
-4.200000 0.576000 -0.035280
-4.050000 0.576000 -0.035108
-3.900000 0.576000 -0.035159
-3.750000 0.576000 -0.034971
-3.600000 0.576000 -0.034902
-3.450000 0.576000 -0.034902
-3.300000 0.576000 -0.034764
-3.150000 0.576000 -0.034782
-3.000000 0.576000 -0.034627
-2.850000 0.576000 -0.034558
-2.700000 0.576000 -0.034507
-2.550000 0.576000 -0.034404
-2.400000 0.576000 -0.034404
-2.250000 0.576000 -0.034284
-2.100000 0.576000 -0.034318
-1.950000 0.576000 -0.034146
-1.800000 0.576000 -0.034164
-1.650000 0.575000 -0.033957
-1.500000 0.576000 -0.033872
-1.350000 0.576000 -0.033906
-1.200000 0.576000 -0.033803
-1.050000 0.575000 -0.033751
-0.900000 0.576000 -0.033563
-0.750000 0.576000 -0.033597
-0.600000 0.576000 -0.033374
-0.450000 0.576000 -0.033305
-0.300000 0.575000 -0.033339
-0.150000 0.576000 -0.033168
-0.000000 0.575000 -0.033168
0.000000 0.576000 -0.032962
0.150000 0.576000 -0.032979
0.300000 0.576000 -0.032893
0.450000 0.576000 -0.032807
0.600000 0.576000 -0.032704
0.750000 0.576000 -0.032687
0.900000 0.576000 -0.032532
1.050000 0.576000 -0.032498
1.200000 0.576000 -0.032309
1.350000 0.576000 -0.032326
1.500000 0.575000 -0.032223
1.650000 0.575000 -0.032120
1.800000 0.575000 -0.032034
1.950000 0.576000 -0.031811
2.100000 0.575000 -0.031794
2.250000 0.576000 -0.031605
2.400000 0.576000 -0.031588
2.550000 0.576000 -0.031382
2.700000 0.576000 -0.031279
2.850000 0.576000 -0.031210
3.000000 0.576000 -0.031021
3.150000 0.575000 -0.030936
3.300000 0.575000 -0.030798
3.450000 0.576000 -0.030781
3.600000 0.576000 -0.030558
3.750000 0.576000 -0.030558
3.900000 0.576000 -0.030317
4.050000 0.576000 -0.030180
4.200000 0.576000 -0.030077
4.350000 0.576000 -0.029923
4.500000 0.576000 -0.029820
4.650000 0.576000 -0.029665
4.800000 0.576000 -0.029648
4.950000 0.576000 -0.029407
5.100000 0.576000 -0.029253
5.250000 0.576000 -0.029098
5.400000 0.576000 -0.028978
5.550000 0.576000 -0.028824
5.700000 0.576000 -0.028686
5.850000 0.576000 -0.028635
6.000000 0.576000 -0.028394
6.150000 0.576000 -0.028309
6.300000 0.576000 -0.028068
6.450000 0.576000 -0.027914
6.600000 0.576000 -0.027811
6.750000 0.576000 -0.027605
6.900000 0.576000 -0.027519
7.050000 0.576000 -0.027261
7.200000 0.576000 -0.027193
7.350000 0.576000 -0.026935
7.500000 0.576000 -0.026763
7.650000 0.576000 -0.026592
7.800000 0.576000 -0.026420
7.950000 0.576000 -0.026351
8.100000 0.576000 -0.026042
8.250000 0.576000 -0.025922
8.400000 0.576000 -0.025699
8.550000 0.576000 -0.025493
8.700000 0.576000 -0.025321
8.850000 0.576000 -0.025115
9.000000 0.576000 -0.025012
9.150000 0.576000 -0.024720
9.300000 0.576000 -0.024514
9.450000 0.576000 -0.024325
9.600000 0.576000 -0.024119
9.750000 0.576000 -0.023896
9.900000 0.576000 -0.023690
10.050000 0.576000 -0.023484
10.200000 0.576000 -0.023278
10.350000 0.576000 -0.023089
10.500000 0.576000 -0.022831
10.650000 0.576000 -0.022608
10.800000 0.577000 -0.022385
10.950000 0.577000 -0.022162
11.100000 0.577000 -0.021938
11.250000 0.577000 -0.021681
11.400000 0.577000 -0.021544
11.550000 0.577000 -0.021217
11.700000 0.577000 -0.020977
11.850000 0.577000 -0.020737
12.000000 0.577000 -0.020479
12.150000 0.577000 -0.020239
12.300000 0.577000 -0.019981
12.450000 0.577000 -0.019741
12.600000 0.577000 -0.019466
12.750000 0.577000 -0.019208
12.900000 0.577000 -0.018934
13.050000 0.577000 -0.018676
13.200000 0.577000 -0.018401
13.350000 0.577000 -0.018144
13.500000 0.577000 -0.017869
13.650000 0.577000 -0.017577
13.800000 0.577000 -0.017285
13.950000 0.577000 -0.017011
14.100000 0.577000 -0.016719
14.250000 0.577000 -0.016410
14.400000 0.577000 -0.016135
14.550000 0.577000 -0.015843
14.700000 0.577000 -0.015517
14.850000 0.577000 -0.015208
15.000000 0.577000 -0.014916
15.150000 0.577000 -0.014607
15.300000 0.577000 -0.014281
15.450000 0.577000 -0.013972
15.600000 0.577000 -0.013663
15.750000 0.577000 -0.013319
15.900000 0.577000 -0.012993
16.050000 0.576000 -0.012650
16.200000 0.577000 -0.012323
16.350000 0.577000 -0.011980
16.500000 0.577000 -0.011636
16.650000 0.577000 -0.011293
16.800000 0.577000 -0.010933
16.950000 0.577000 -0.010589
17.100000 0.577000 -0.010211
17.250000 0.577000 -0.009868
17.400000 0.577000 -0.009490
17.550000 0.577000 -0.009130
17.700000 0.577000 -0.008786
17.850000 0.577000 -0.008357
18.000000 0.577000 -0.007979
18.150000 0.577000 -0.007602
18.300000 0.577000 -0.007207
18.450000 0.577000 -0.006795
18.600000 0.577000 -0.006417
18.750000 0.577000 -0.006022
18.900000 0.577000 -0.005593
19.050000 0.577000 -0.005198
19.200000 0.577000 -0.004751
19.350000 0.577000 -0.004339
19.500000 0.576000 -0.003910
19.650000 0.576000 -0.003464
19.800000 0.576000 -0.003034
19.950000 0.576000 -0.002588
20.100000 0.576000 -0.002141
20.250000 0.577000 -0.001695
20.400000 0.577000 -0.001231
20.550000 0.577000 -0.000768
20.700000 0.577000 -0.000304
20.850000 0.577000 0.000159
21.000000 0.577000 0.000657
21.150000 0.577000 0.001138
21.300000 0.577000 0.001636
21.450000 0.577000 0.002100
21.600000 0.577000 0.002632
21.750000 0.577000 0.003147
21.900000 0.577000 0.003662
22.050000 0.577000 0.004177
22.200000 0.577000 0.004709
22.350000 0.577000 0.005242
22.500000 0.577000 0.005774
22.650000 0.577000 0.006340
22.800000 0.577000 0.006907
22.950000 0.577000 0.007457
23.100000 0.576000 0.008040
23.250000 0.576000 0.008607
23.400000 0.576000 0.009208
23.550000 0.576000 0.009809
23.700000 0.576000 0.010393
23.850000 0.576000 0.011011
24.000000 0.576000 0.011629
24.150000 0.576000 0.012247
24.300000 0.576000 0.012899
24.450000 0.576000 0.013552
24.600000 0.576000 0.014204
24.750000 0.576000 0.014857
24.900000 0.576000 0.015526
25.050000 0.576000 0.016213
25.200000 0.576000 0.016917
25.350000 0.576000 0.017604
25.500000 0.576000 0.018325
25.650000 0.576000 0.019046
25.800000 0.576000 0.019785
25.950000 0.576000 0.020557
26.100000 0.576000 0.021313
26.250000 0.576000 0.022085
26.400000 0.576000 0.022875
26.550000 0.576000 0.023682
26.700000 0.576000 0.024506
26.850000 0.576000 0.025331
27.000000 0.576000 0.026172
27.150000 0.576000 0.027030
27.300000 0.576000 0.027906
27.450000 0.576000 0.028799
27.600000 0.576000 0.029709
27.750000 0.577000 0.030636
27.900000 0.577000 0.031580
28.050000 0.577000 0.032542
28.200000 0.577000 0.033503
28.350000 0.576000 0.034516
28.500000 0.577000 0.035529
28.650000 0.577000 0.036577
28.800000 0.577000 0.037659
28.950000 0.577000 0.038723
29.100000 0.577000 0.039839
29.250000 0.577000 0.040972
29.400000 0.577000 0.042157
29.550000 0.577000 0.043342
29.700000 0.577000 0.044544
29.850000 0.577000 0.045814
30.000000 0.577000 0.046948
30.150000 0.577000 0.046879
30.300000 0.577000 0.048167
30.450000 0.577000 0.049523
30.600000 0.577000 0.050982
30.750000 0.578000 0.052339
30.900000 0.578000 0.053833
31.050000 0.578000 0.055309
31.200000 0.577000 0.056820
31.350000 0.577000 0.058366
31.500000 0.577000 0.059945
31.650000 0.578000 0.061611
31.800000 0.578000 0.063208
31.950000 0.578000 0.064993
32.100000 0.578000 0.066762
32.250000 0.578000 0.068496
32.400000 0.578000 0.070299
32.550000 0.578000 0.072290
32.700000 0.578000 0.074248
32.850000 0.577000 0.076222
33.000000 0.577000 0.078197
33.150000 0.577000 0.080275
33.300000 0.577000 0.082318
33.450000 0.577000 0.084430
33.600000 0.577000 0.086507
33.750000 0.577000 0.088688
33.900000 0.577000 0.090937
34.050000 0.577000 0.093204
34.200000 0.577000 0.095436
34.350000 0.577000 0.097736
34.500000 0.577000 0.100054
34.650000 0.577000 0.102355
34.800000 0.577000 0.104673
34.950000 0.577000 0.107008
35.100000 0.577000 0.109343
35.250000 0.577000 0.111644
35.400000 0.577000 0.114082
35.550000 0.577000 0.116503
35.700000 0.577000 0.118959
35.850000 0.577000 0.121362
36.000000 0.577000 0.123732
36.150000 0.577000 0.126221
36.300000 0.577000 0.128677
36.450000 0.577000 0.131218
36.600000 0.577000 0.133708
36.750000 0.577000 0.136249
36.900000 0.577000 0.138773
37.050000 0.577000 0.141262
37.200000 0.577000 0.143907
37.350000 0.577000 0.146396
37.500000 0.577000 0.149023
37.650000 0.577000 0.151667
37.800000 0.577000 0.154277
37.950000 0.577000 0.156870
38.100000 0.577000 0.159428
38.250000 0.577000 0.162158
38.400000 0.577000 0.164699
38.550000 0.577000 0.167498
38.700000 0.577000 0.170177
38.850000 0.577000 0.172941
39.000000 0.577000 0.175637
39.150000 0.577000 0.178298
39.300000 0.577000 0.181131
39.450000 0.577000 0.183861
39.600000 0.577000 0.186677
39.750000 0.577000 0.189373
39.900000 0.577000 0.192154
40.050000 0.577000 0.195022
40.200000 0.577000 0.197872
40.350000 0.577000 0.200739
40.500000 0.577000 0.203589
40.650000 0.577000 0.206560
40.800000 0.577000 0.209359
40.950000 0.577000 0.212329
41.100000 0.577000 0.215179
41.250000 0.577000 0.218064
41.400000 0.577000 0.220966
41.550000 0.577000 0.223867
41.700000 0.577000 0.226992
41.850000 0.577000 0.229825
42.000000 0.577000 0.232985
42.150000 0.577000 0.235972
42.300000 0.577000 0.238805
42.450000 0.577000 0.241999
42.600000 0.577000 0.244918
42.750000 0.577000 0.248025
42.900000 0.577000 0.251047
43.050000 0.577000 0.254086
43.200000 0.577000 0.257126
43.350000 0.577000 0.260130
43.500000 0.577000 0.263410
43.650000 0.577000 0.266432
43.800000 0.577000 0.269642
43.950000 0.577000 0.272699
44.100000 0.577000 0.275841
44.250000 0.577000 0.278811
44.400000 0.578000 0.282022
44.550000 0.578000 0.285130
44.700000 0.578000 0.288323
44.850000 0.578000 0.291380
45.000000 0.577000 0.294711
45.150000 0.577000 0.297784
45.300000 0.577000 0.301046
45.450000 0.577000 0.304103
45.600000 0.577000 0.307193
45.750000 0.577000 0.310524
45.900000 0.577000 0.313684
46.050000 0.577000 0.316963
46.200000 0.577000 0.320105
46.350000 0.577000 0.323367
46.500000 0.577000 0.326509
46.650000 0.577000 0.329669
46.800000 0.577000 0.332897
46.950000 0.577000 0.336125
47.100000 0.577000 0.339559
47.250000 0.577000 0.342684
47.400000 0.577000 0.345980
47.550000 0.577000 0.349071
47.700000 0.577000 0.352264
47.850000 0.577000 0.355441
48.000000 0.577000 0.358566
48.150000 0.578000 0.361914
48.300000 0.578000 0.364953
48.450000 0.578000 0.368198
48.600000 0.578000 0.371272
48.750000 0.578000 0.374603
48.900000 0.578000 0.377625
49.050000 0.578000 0.380646
49.200000 0.578000 0.383789
49.350000 0.578000 0.386931
49.500000 0.578000 0.390296
49.650000 0.577000 0.393284
49.800000 0.578000 0.396374
49.950000 0.578000 0.399396
50.100000 0.578000 0.402384
50.250000 0.578000 0.405783
50.400000 0.578000 0.408737
50.550000 0.578000 0.411879
50.700000 0.578000 0.414729
50.850000 0.578000 0.417751
51.000000 0.578000 0.420841
51.150000 0.578000 0.423846
51.300000 0.577000 0.426902
51.450000 0.577000 0.429856
51.600000 0.577000 0.432826
51.750000 0.577000 0.435711
51.900000 0.578000 0.438561
52.050000 0.578000 0.441463
52.200000 0.578000 0.444330
52.350000 0.577000 0.447335
52.500000 0.577000 0.450048
52.650000 0.577000 0.452984
52.800000 0.577000 0.455731
52.950000 0.577000 0.458581
53.100000 0.577000 0.461277
53.250000 0.577000 0.463990
53.400000 0.577000 0.466874
53.550000 0.577000 0.469553
53.700000 0.577000 0.472163
53.850000 0.577000 0.474807
54.000000 0.577000 0.477537
54.150000 0.577000 0.479941
54.300000 0.577000 0.482396
54.450000 0.577000 0.485126
54.600000 0.577000 0.487581
54.750000 0.577000 0.490140
54.900000 0.577000 0.492526
55.050000 0.577000 0.494896
55.200000 0.577000 0.497334
55.350000 0.577000 0.499635
55.500000 0.577000 0.502090
55.650000 0.577000 0.504305
55.800000 0.577000 0.506640
55.950000 0.577000 0.508889
56.100000 0.577000 0.511139
56.250000 0.577000 0.513422
56.400000 0.577000 0.515465
56.550000 0.577000 0.517697
56.700000 0.577000 0.519775
56.850000 0.577000 0.521904
57.000000 0.577000 0.523947
57.150000 0.576000 0.526111
57.300000 0.576000 0.528085
57.450000 0.576000 0.530249
57.600000 0.576000 0.531931
57.750000 0.576000 0.533803
57.900000 0.576000 0.535674
58.050000 0.576000 0.537494
58.200000 0.576000 0.539383
58.350000 0.576000 0.541186
58.500000 0.576000 0.543058
58.650000 0.576000 0.544723
58.800000 0.576000 0.546406
58.950000 0.576000 0.548123
59.100000 0.576000 0.549702
59.250000 0.576000 0.551625
59.400000 0.576000 0.552965
59.550000 0.576000 0.554682
59.700000 0.576000 0.556193
59.850000 0.576000 0.557652
