Spannung(in V) Druck(in mbar) Strom (in mA)
-8.850000 0.324000 -0.039263
-8.700000 0.324000 -0.039212
-8.550000 0.324000 -0.039194
-8.400000 0.324000 -0.039160
-8.250000 0.324000 -0.039160
-8.100000 0.324000 -0.039108
-7.950000 0.324000 -0.039091
-7.800000 0.324000 -0.039040
-7.650000 0.324000 -0.039005
-7.500000 0.324000 -0.039074
-7.350000 0.324000 -0.038937
-7.200000 0.324000 -0.038971
-7.050000 0.324000 -0.038868
-6.900000 0.324000 -0.038834
-6.750000 0.324000 -0.038868
-6.600000 0.324000 -0.038765
-6.450000 0.324000 -0.038714
-6.300000 0.324000 -0.038679
-6.150000 0.324000 -0.038628
-6.000000 0.324000 -0.038696
-5.850000 0.324000 -0.038542
-5.700000 0.324000 -0.038542
-5.550000 0.324000 -0.038456
-5.400000 0.324000 -0.038490
-5.250000 0.324000 -0.038422
-5.100000 0.324000 -0.038336
-4.950000 0.324000 -0.038319
-4.800000 0.324000 -0.038233
-4.650000 0.324000 -0.038164
-4.500000 0.324000 -0.038130
-4.350000 0.324000 -0.038061
-4.200000 0.324000 -0.038010
-4.050000 0.324000 -0.037975
-3.900000 0.324000 -0.037992
-3.750000 0.324000 -0.037821
-3.600000 0.324000 -0.037804
-3.450000 0.324000 -0.037718
-3.300000 0.324000 -0.037632
-3.150000 0.324000 -0.037563
-3.000000 0.324000 -0.037512
-2.850000 0.324000 -0.037563
-2.700000 0.324000 -0.037409
-2.550000 0.324000 -0.037443
-2.400000 0.324000 -0.037220
-2.250000 0.324000 -0.037271
-2.100000 0.324000 -0.037065
-1.950000 0.324000 -0.036979
-1.800000 0.324000 -0.037031
-1.650000 0.324000 -0.036859
-1.500000 0.324000 -0.036876
-1.350000 0.324000 -0.036670
-1.200000 0.324000 -0.036567
-1.050000 0.324000 -0.036584
-0.900000 0.324000 -0.036378
-0.750000 0.324000 -0.036396
-0.600000 0.324000 -0.036293
-0.450000 0.324000 -0.036207
-0.300000 0.324000 -0.036138
-0.150000 0.324000 -0.035898
-0.000000 0.324000 -0.035846
0.000000 0.324000 -0.035709
0.150000 0.324000 -0.035709
0.300000 0.324000 -0.035606
0.450000 0.324000 -0.035554
0.600000 0.324000 -0.035383
0.750000 0.325000 -0.035400
0.900000 0.325000 -0.035159
1.050000 0.324000 -0.035159
1.200000 0.324000 -0.035022
1.350000 0.324000 -0.034902
1.500000 0.324000 -0.034764
1.650000 0.324000 -0.034593
1.800000 0.324000 -0.034490
1.950000 0.324000 -0.034352
2.100000 0.324000 -0.034318
2.250000 0.324000 -0.034112
2.400000 0.324000 -0.034026
2.550000 0.324000 -0.033940
2.700000 0.324000 -0.033837
2.850000 0.325000 -0.033597
3.000000 0.325000 -0.033563
3.150000 0.325000 -0.033339
3.300000 0.325000 -0.033202
3.450000 0.324000 -0.033065
3.600000 0.324000 -0.032927
3.750000 0.324000 -0.032824
3.900000 0.324000 -0.032721
4.050000 0.324000 -0.032618
4.200000 0.324000 -0.032378
4.350000 0.324000 -0.032309
4.500000 0.324000 -0.032086
4.650000 0.324000 -0.031949
4.800000 0.324000 -0.031794
4.950000 0.324000 -0.031657
5.100000 0.324000 -0.031588
5.250000 0.324000 -0.031348
5.400000 0.323000 -0.031210
5.550000 0.323000 -0.031159
5.700000 0.323000 -0.030918
5.850000 0.322000 -0.030867
6.000000 0.322000 -0.030609
6.150000 0.322000 -0.030506
6.300000 0.321000 -0.030300
6.450000 0.321000 -0.030197
6.600000 0.321000 -0.029974
6.750000 0.320000 -0.029820
6.900000 0.320000 -0.029716
7.050000 0.320000 -0.029493
7.200000 0.320000 -0.029339
7.350000 0.320000 -0.029150
7.500000 0.320000 -0.028961
7.650000 0.320000 -0.028806
7.800000 0.320000 -0.028618
7.950000 0.319000 -0.028515
8.100000 0.319000 -0.028274
8.250000 0.319000 -0.028137
8.400000 0.318000 -0.027914
8.550000 0.318000 -0.027793
8.700000 0.318000 -0.027553
8.850000 0.317000 -0.027364
9.000000 0.317000 -0.027261
9.150000 0.317000 -0.026986
9.300000 0.317000 -0.026866
9.450000 0.317000 -0.026592
9.600000 0.317000 -0.026420
9.750000 0.317000 -0.026179
9.900000 0.317000 -0.025973
10.050000 0.316000 -0.025767
10.200000 0.316000 -0.025561
10.350000 0.317000 -0.025372
10.500000 0.317000 -0.025132
10.650000 0.317000 -0.024943
10.800000 0.317000 -0.024686
10.950000 0.317000 -0.024497
11.100000 0.317000 -0.024222
11.250000 0.317000 -0.023999
11.400000 0.317000 -0.023759
11.550000 0.317000 -0.023535
11.700000 0.318000 -0.023295
11.850000 0.318000 -0.023072
12.000000 0.318000 -0.022866
12.150000 0.318000 -0.022574
12.300000 0.318000 -0.022351
12.450000 0.318000 -0.022059
12.600000 0.318000 -0.021870
12.750000 0.319000 -0.021544
12.900000 0.319000 -0.021372
13.050000 0.319000 -0.021028
13.200000 0.319000 -0.020805
13.350000 0.319000 -0.020496
13.500000 0.319000 -0.020256
13.650000 0.319000 -0.019947
13.800000 0.319000 -0.019672
13.950000 0.319000 -0.019449
14.100000 0.320000 -0.019105
14.250000 0.320000 -0.018796
14.400000 0.320000 -0.018504
14.550000 0.320000 -0.018213
14.700000 0.320000 -0.017904
14.850000 0.320000 -0.017663
15.000000 0.320000 -0.017285
15.150000 0.320000 -0.016976
15.300000 0.320000 -0.016667
15.450000 0.320000 -0.016358
15.600000 0.320000 -0.016032
15.750000 0.320000 -0.015706
15.900000 0.321000 -0.015380
16.050000 0.321000 -0.015036
16.200000 0.321000 -0.014693
16.350000 0.321000 -0.014349
16.500000 0.321000 -0.014006
16.650000 0.321000 -0.013663
16.800000 0.321000 -0.013302
16.950000 0.321000 -0.012959
17.100000 0.321000 -0.012581
17.250000 0.321000 -0.012220
17.400000 0.321000 -0.011843
17.550000 0.321000 -0.011448
17.700000 0.321000 -0.011070
17.850000 0.321000 -0.010675
18.000000 0.321000 -0.010280
18.150000 0.321000 -0.009885
18.300000 0.321000 -0.009507
18.450000 0.322000 -0.009095
18.600000 0.322000 -0.008683
18.750000 0.322000 -0.008306
18.900000 0.322000 -0.007842
19.050000 0.322000 -0.007430
19.200000 0.322000 -0.006983
19.350000 0.322000 -0.006554
19.500000 0.322000 -0.006125
19.650000 0.322000 -0.005644
19.800000 0.322000 -0.005215
19.950000 0.322000 -0.004751
20.100000 0.322000 -0.004288
20.250000 0.322000 -0.003824
20.400000 0.322000 -0.003361
20.550000 0.322000 -0.002880
20.700000 0.322000 -0.002416
20.850000 0.322000 -0.001918
21.000000 0.322000 -0.001420
21.150000 0.322000 -0.000940
21.300000 0.322000 -0.000424
21.450000 0.322000 0.000073
21.600000 0.323000 0.000589
21.750000 0.323000 0.001121
21.900000 0.323000 0.001636
22.050000 0.323000 0.002168
22.200000 0.323000 0.002718
22.350000 0.323000 0.003267
22.500000 0.323000 0.003799
22.650000 0.323000 0.004349
22.800000 0.323000 0.004898
22.950000 0.323000 0.005482
23.100000 0.323000 0.006049
23.250000 0.323000 0.006632
23.400000 0.323000 0.007199
23.550000 0.323000 0.007800
23.700000 0.323000 0.008401
23.850000 0.323000 0.009002
24.000000 0.323000 0.009603
24.150000 0.323000 0.010221
24.300000 0.323000 0.010856
24.450000 0.323000 0.011474
24.600000 0.323000 0.012127
24.750000 0.323000 0.012779
24.900000 0.323000 0.013415
25.050000 0.323000 0.014067
25.200000 0.323000 0.014737
25.350000 0.323000 0.015406
25.500000 0.323000 0.016110
25.650000 0.323000 0.016797
25.800000 0.323000 0.017484
25.950000 0.323000 0.018171
26.100000 0.323000 0.018892
26.250000 0.324000 0.019596
26.400000 0.323000 0.020334
26.550000 0.323000 0.021072
26.700000 0.323000 0.021828
26.850000 0.323000 0.022566
27.000000 0.323000 0.023322
27.150000 0.323000 0.024111
27.300000 0.324000 0.024884
27.450000 0.324000 0.025640
27.600000 0.324000 0.026429
27.750000 0.324000 0.027236
27.900000 0.324000 0.028061
28.050000 0.324000 0.028868
28.200000 0.324000 0.029692
28.350000 0.324000 0.030533
28.500000 0.323000 0.031392
28.650000 0.323000 0.032267
28.800000 0.324000 0.033126
28.950000 0.324000 0.034019
29.100000 0.324000 0.034894
29.250000 0.324000 0.035821
29.400000 0.324000 0.036714
29.550000 0.324000 0.037641
29.700000 0.324000 0.038586
29.850000 0.324000 0.039547
30.000000 0.324000 0.040474
30.150000 0.324000 0.040457
30.300000 0.324000 0.041436
30.450000 0.324000 0.042466
30.600000 0.324000 0.043462
30.750000 0.324000 0.044406
30.900000 0.324000 0.045488
31.050000 0.324000 0.046518
31.200000 0.324000 0.047686
31.350000 0.324000 0.048733
31.500000 0.324000 0.049884
31.650000 0.324000 0.050948
31.800000 0.324000 0.052167
31.950000 0.324000 0.053215
32.100000 0.324000 0.054485
32.250000 0.324000 0.055739
32.400000 0.324000 0.056923
32.550000 0.324000 0.058211
32.700000 0.324000 0.059413
32.850000 0.324000 0.060804
33.000000 0.324000 0.062160
33.150000 0.324000 0.063448
33.300000 0.324000 0.064890
33.450000 0.324000 0.066212
33.600000 0.325000 0.067740
33.750000 0.325000 0.069166
33.900000 0.325000 0.070745
34.050000 0.325000 0.072290
34.200000 0.325000 0.073836
34.350000 0.325000 0.075484
34.500000 0.325000 0.077081
34.650000 0.324000 0.078849
34.800000 0.324000 0.080481
34.950000 0.324000 0.082318
35.100000 0.323000 0.084172
35.250000 0.323000 0.086026
35.400000 0.322000 0.087915
35.550000 0.322000 0.089855
35.700000 0.322000 0.091847
35.850000 0.321000 0.093804
36.000000 0.321000 0.096002
36.150000 0.321000 0.098131
36.300000 0.321000 0.100329
36.450000 0.321000 0.102578
36.600000 0.321000 0.104862
36.750000 0.321000 0.107231
36.900000 0.321000 0.109635
37.050000 0.321000 0.112159
37.200000 0.321000 0.114683
37.350000 0.320000 0.117327
37.500000 0.320000 0.119972
37.650000 0.320000 0.122719
37.800000 0.320000 0.125466
37.950000 0.319000 0.128230
38.100000 0.319000 0.131235
38.250000 0.319000 0.134188
38.400000 0.318000 0.137193
38.550000 0.318000 0.140284
38.700000 0.318000 0.143477
38.850000 0.318000 0.146757
39.000000 0.318000 0.150036
39.150000 0.317000 0.153522
39.300000 0.317000 0.156973
39.450000 0.317000 0.160579
39.600000 0.317000 0.164201
39.750000 0.317000 0.167962
39.900000 0.317000 0.171739
40.050000 0.317000 0.175671
40.200000 0.318000 0.179672
40.350000 0.318000 0.183655
40.500000 0.318000 0.187827
40.650000 0.318000 0.191965
40.800000 0.318000 0.196275
40.950000 0.318000 0.200653
41.100000 0.318000 0.205083
41.250000 0.318000 0.209565
41.400000 0.318000 0.214080
41.550000 0.319000 0.218733
41.700000 0.319000 0.223404
41.850000 0.319000 0.228211
42.000000 0.319000 0.233019
42.150000 0.319000 0.237947
42.300000 0.319000 0.242840
42.450000 0.319000 0.247819
42.600000 0.319000 0.252988
42.750000 0.319000 0.258156
42.900000 0.319000 0.263410
43.050000 0.319000 0.268681
43.200000 0.320000 0.274089
43.350000 0.319000 0.279481
43.500000 0.320000 0.284992
43.650000 0.320000 0.290487
43.800000 0.320000 0.295947
43.950000 0.320000 0.301716
44.100000 0.320000 0.307416
44.250000 0.320000 0.313168
44.400000 0.320000 0.318955
44.550000 0.320000 0.324810
44.700000 0.320000 0.330750
44.850000 0.321000 0.336829
45.000000 0.321000 0.342735
45.150000 0.321000 0.348607
45.300000 0.321000 0.355012
45.450000 0.321000 0.361296
45.600000 0.321000 0.367408
45.750000 0.321000 0.373641
45.900000 0.321000 0.380200
46.050000 0.321000 0.386313
46.200000 0.321000 0.392854
46.350000 0.321000 0.399448
46.500000 0.321000 0.406058
46.650000 0.322000 0.412480
46.800000 0.322000 0.418798
46.950000 0.322000 0.425718
47.100000 0.322000 0.432071
47.250000 0.322000 0.438887
47.400000 0.322000 0.445601
47.550000 0.322000 0.452057
47.700000 0.322000 0.459096
47.850000 0.322000 0.465707
48.000000 0.322000 0.472489
48.150000 0.322000 0.478945
48.300000 0.322000 0.485916
48.450000 0.322000 0.492561
48.600000 0.322000 0.499240
48.750000 0.323000 0.506022
48.900000 0.323000 0.512752
49.050000 0.323000 0.519174
49.200000 0.323000 0.525853
49.350000 0.323000 0.532790
49.500000 0.323000 0.539435
49.650000 0.323000 0.546285
49.800000 0.323000 0.552862
49.950000 0.323000 0.559438
50.100000 0.323000 0.565670
50.250000 0.323000 0.572418
50.400000 0.323000 0.578651
50.550000 0.323000 0.585141
50.700000 0.323000 0.591528
50.850000 0.324000 0.598070
51.000000 0.324000 0.604097
51.150000 0.324000 0.610518
51.300000 0.324000 0.616631
51.450000 0.324000 0.623053
51.600000 0.324000 0.628942
51.750000 0.324000 0.635432
51.900000 0.324000 0.641459
52.050000 0.324000 0.647709
52.200000 0.324000 0.653753
52.350000 0.324000 0.659556
52.500000 0.324000 0.665377
52.650000 0.325000 0.671266
52.800000 0.325000 0.677378
52.950000 0.325000 0.683319
53.100000 0.324000 0.688985
53.250000 0.324000 0.695081
53.400000 0.324000 0.700352
53.550000 0.324000 0.706052
53.700000 0.324000 0.711547
53.850000 0.325000 0.717161
54.000000 0.325000 0.722244
54.150000 0.325000 0.727772
54.300000 0.325000 0.732923
54.450000 0.325000 0.737971
54.600000 0.325000 0.743363
54.750000 0.325000 0.748359
54.900000 0.325000 0.753545
55.050000 0.325000 0.758198
55.200000 0.325000 0.763246
55.350000 0.325000 0.767813
55.500000 0.325000 0.772706
55.650000 0.325000 0.777445
55.800000 0.325000 0.782150
55.950000 0.325000 0.786975
56.100000 0.325000 0.791164
56.250000 0.325000 0.795628
56.400000 0.325000 0.799801
56.550000 0.325000 0.803939
56.700000 0.325000 0.808111
56.850000 0.325000 0.811871
57.000000 0.325000 0.815854
57.150000 0.325000 0.819529
57.300000 0.325000 0.823238
57.450000 0.325000 0.826895
57.600000 0.325000 0.830380
57.750000 0.325000 0.834003
57.900000 0.325000 0.837334
58.050000 0.325000 0.840493
58.200000 0.325000 0.843550
58.350000 0.325000 0.846829
58.500000 0.325000 0.849731
58.650000 0.325000 0.852547
58.800000 0.325000 0.855706
58.950000 0.325000 0.858539
59.100000 0.325000 0.861475
59.250000 0.325000 0.864394
59.400000 0.325000 0.867141
59.550000 0.325000 0.869717
59.700000 0.325000 0.872344
59.850000 0.325000 0.874748
