Spannung(in V) Druck(in mbar) Strom (in mA)
-8.850000 0.581000 -0.026935
-8.700000 0.581000 -0.026763
-8.550000 0.580000 -0.026557
-8.400000 0.580000 -0.026368
-8.250000 0.580000 -0.026197
-8.100000 0.580000 -0.026008
-7.950000 0.580000 -0.025819
-7.800000 0.580000 -0.025630
-7.650000 0.580000 -0.025441
-7.500000 0.580000 -0.025235
-7.350000 0.580000 -0.025046
-7.200000 0.580000 -0.024857
-7.050000 0.580000 -0.024617
-6.900000 0.580000 -0.024497
-6.750000 0.580000 -0.024222
-6.600000 0.580000 -0.024033
-6.450000 0.580000 -0.023776
-6.300000 0.580000 -0.023638
-6.150000 0.580000 -0.023329
-6.000000 0.580000 -0.023106
-5.850000 0.580000 -0.022917
-5.700000 0.580000 -0.022660
-5.550000 0.580000 -0.022436
-5.400000 0.580000 -0.022213
-5.250000 0.580000 -0.021973
-5.100000 0.580000 -0.021732
-4.950000 0.580000 -0.021492
-4.800000 0.580000 -0.021252
-4.650000 0.580000 -0.021011
-4.500000 0.580000 -0.020771
-4.350000 0.580000 -0.020582
-4.200000 0.580000 -0.020290
-4.050000 0.580000 -0.020033
-3.900000 0.580000 -0.019827
-3.750000 0.580000 -0.019500
-3.600000 0.580000 -0.019294
-3.450000 0.580000 -0.018968
-3.300000 0.580000 -0.018814
-3.150000 0.580000 -0.018419
-3.000000 0.580000 -0.018264
-2.850000 0.580000 -0.017869
-2.700000 0.580000 -0.017715
-2.550000 0.580000 -0.017320
-2.400000 0.580000 -0.017131
-2.250000 0.580000 -0.016753
-2.100000 0.581000 -0.016393
-1.950000 0.581000 -0.016066
-1.800000 0.581000 -0.015895
-1.650000 0.581000 -0.015465
-1.500000 0.581000 -0.015156
-1.350000 0.581000 -0.014830
-1.200000 0.581000 -0.014641
-1.050000 0.581000 -0.014281
-0.900000 0.581000 -0.013972
-0.750000 0.581000 -0.013542
-0.600000 0.581000 -0.013336
-0.450000 0.581000 -0.012873
-0.300000 0.581000 -0.012615
-0.150000 0.581000 -0.012152
-0.000000 0.581000 -0.011860
0.000000 0.581000 -0.011465
0.150000 0.581000 -0.011465
0.300000 0.581000 -0.011173
0.450000 0.581000 -0.010812
0.600000 0.581000 -0.010486
0.750000 0.581000 -0.010091
0.900000 0.581000 -0.009628
1.050000 0.581000 -0.009319
1.200000 0.581000 -0.008838
1.350000 0.581000 -0.008494
1.500000 0.581000 -0.008048
1.650000 0.581000 -0.007739
1.800000 0.582000 -0.007224
1.950000 0.581000 -0.006949
2.100000 0.581000 -0.006382
2.250000 0.581000 -0.005953
2.400000 0.581000 -0.005541
2.550000 0.581000 -0.005129
2.700000 0.581000 -0.004614
2.850000 0.581000 -0.004253
3.000000 0.581000 -0.003738
3.150000 0.581000 -0.003309
3.300000 0.581000 -0.002794
3.450000 0.581000 -0.002330
3.600000 0.581000 -0.001867
3.750000 0.581000 -0.001506
3.900000 0.581000 -0.000940
4.050000 0.581000 -0.000407
4.200000 0.582000 0.000108
4.350000 0.582000 0.000606
4.500000 0.582000 0.001121
4.650000 0.582000 0.001653
4.800000 0.581000 0.002185
4.950000 0.581000 0.002718
5.100000 0.581000 0.003250
5.250000 0.581000 0.003834
5.400000 0.581000 0.004280
5.550000 0.581000 0.004984
5.700000 0.581000 0.005551
5.850000 0.581000 0.006031
6.000000 0.581000 0.006735
6.150000 0.581000 0.007268
6.300000 0.581000 0.007937
6.450000 0.581000 0.008555
6.600000 0.581000 0.009208
6.750000 0.581000 0.009843
6.900000 0.581000 0.010478
7.050000 0.581000 0.011131
7.200000 0.581000 0.011801
7.350000 0.581000 0.012453
7.500000 0.581000 0.013140
7.650000 0.581000 0.013844
7.800000 0.581000 0.014548
7.950000 0.581000 0.015252
8.100000 0.580000 0.015990
8.250000 0.580000 0.016728
8.400000 0.580000 0.017484
8.550000 0.580000 0.018153
8.700000 0.580000 0.019063
8.850000 0.580000 0.019836
9.000000 0.580000 0.020660
9.150000 0.580000 0.021399
9.300000 0.580000 0.022309
9.450000 0.580000 0.023184
9.600000 0.580000 0.024043
9.750000 0.580000 0.024918
9.900000 0.580000 0.025811
10.050000 0.580000 0.026721
10.200000 0.580000 0.027683
10.350000 0.580000 0.028627
10.500000 0.580000 0.029554
10.650000 0.580000 0.030636
10.800000 0.581000 0.031649
10.950000 0.581000 0.032679
11.100000 0.581000 0.033761
11.250000 0.581000 0.034860
11.400000 0.580000 0.036027
11.550000 0.580000 0.037195
11.700000 0.580000 0.038414
11.850000 0.580000 0.039685
12.000000 0.580000 0.040972
12.150000 0.580000 0.042312
12.300000 0.580000 0.043702
12.450000 0.580000 0.045162
12.600000 0.580000 0.046656
12.750000 0.580000 0.048201
12.900000 0.580000 0.049849
13.050000 0.580000 0.051532
13.200000 0.579000 0.053489
13.350000 0.579000 0.055498
13.500000 0.579000 0.057610
13.650000 0.579000 0.060065
13.800000 0.579000 0.062830
13.950000 0.579000 0.066298
14.100000 0.579000 0.070539
14.250000 0.579000 0.077321
14.400000 0.579000 0.083125
14.550000 0.579000 0.087434
14.700000 0.579000 0.090731
14.850000 0.579000 0.093736
15.000000 0.579000 0.096689
15.150000 0.579000 0.099865
15.300000 0.579000 0.102939
15.450000 0.579000 0.105909
15.600000 0.579000 0.108691
15.750000 0.579000 0.111575
15.900000 0.579000 0.114271
16.050000 0.579000 0.117173
16.200000 0.579000 0.119886
16.350000 0.579000 0.122770
16.500000 0.578000 0.125414
16.650000 0.578000 0.128093
16.800000 0.578000 0.130737
16.950000 0.578000 0.133570
17.100000 0.578000 0.136249
17.250000 0.578000 0.139013
17.400000 0.578000 0.141709
17.550000 0.578000 0.144422
17.700000 0.578000 0.147135
17.850000 0.578000 0.149968
18.000000 0.578000 0.152509
18.150000 0.578000 0.155342
18.300000 0.578000 0.158020
18.450000 0.578000 0.160905
18.600000 0.578000 0.163635
18.750000 0.578000 0.166502
18.900000 0.578000 0.169335
19.050000 0.578000 0.172237
19.200000 0.578000 0.175104
19.350000 0.578000 0.178075
19.500000 0.578000 0.180942
19.650000 0.578000 0.183878
19.800000 0.578000 0.186780
19.950000 0.578000 0.189819
20.100000 0.578000 0.192618
20.250000 0.578000 0.195777
20.400000 0.577000 0.198748
20.550000 0.578000 0.201804
20.700000 0.578000 0.204791
20.850000 0.577000 0.207882
21.000000 0.578000 0.210870
21.150000 0.578000 0.213874
21.300000 0.578000 0.216913
21.450000 0.578000 0.220176
21.600000 0.578000 0.223283
21.750000 0.578000 0.226546
21.900000 0.578000 0.229516
22.050000 0.578000 0.232761
22.200000 0.578000 0.235903
22.350000 0.578000 0.239217
22.500000 0.578000 0.242291
22.650000 0.578000 0.245639
22.800000 0.578000 0.248798
22.950000 0.578000 0.252026
23.100000 0.578000 0.255271
23.250000 0.578000 0.258688
23.400000 0.578000 0.261813
23.550000 0.578000 0.265127
23.700000 0.578000 0.268355
23.850000 0.578000 0.271772
24.000000 0.578000 0.275017
24.150000 0.578000 0.278537
24.300000 0.578000 0.281764
24.450000 0.578000 0.285198
24.600000 0.578000 0.288598
24.750000 0.578000 0.292084
24.900000 0.578000 0.295432
25.050000 0.578000 0.299003
25.200000 0.578000 0.302248
25.350000 0.578000 0.305802
25.500000 0.578000 0.309168
25.650000 0.578000 0.312619
25.800000 0.578000 0.315847
25.950000 0.578000 0.319418
26.100000 0.578000 0.322818
26.250000 0.578000 0.326406
26.400000 0.578000 0.329703
26.550000 0.578000 0.333257
26.700000 0.578000 0.336691
26.850000 0.578000 0.340125
27.000000 0.578000 0.343714
27.150000 0.578000 0.347096
27.300000 0.578000 0.350616
27.450000 0.578000 0.353930
27.600000 0.578000 0.357381
27.750000 0.578000 0.360695
27.900000 0.578000 0.364180
28.050000 0.578000 0.367580
28.200000 0.578000 0.371134
28.350000 0.578000 0.374448
28.500000 0.578000 0.377951
28.650000 0.578000 0.381230
28.800000 0.578000 0.384681
28.950000 0.578000 0.387892
29.100000 0.578000 0.391292
29.250000 0.578000 0.394554
29.400000 0.578000 0.398005
29.550000 0.579000 0.401285
29.700000 0.579000 0.404685
29.850000 0.579000 0.407998
30.000000 0.578000 0.411261
30.150000 0.578000 0.411432
30.300000 0.578000 0.415004
30.450000 0.578000 0.418421
30.600000 0.578000 0.421666
30.750000 0.578000 0.424962
30.900000 0.578000 0.428156
31.050000 0.578000 0.431315
31.200000 0.578000 0.434440
31.350000 0.578000 0.437634
31.500000 0.578000 0.440724
31.650000 0.578000 0.443918
31.800000 0.578000 0.446991
31.950000 0.578000 0.450065
32.100000 0.578000 0.453173
32.250000 0.578000 0.456212
32.400000 0.578000 0.459251
32.550000 0.578000 0.462256
32.700000 0.578000 0.465226
32.850000 0.578000 0.468162
33.000000 0.578000 0.471132
33.150000 0.578000 0.474171
33.300000 0.578000 0.476970
33.450000 0.578000 0.479769
33.600000 0.578000 0.482602
33.750000 0.578000 0.485504
33.900000 0.578000 0.488234
34.050000 0.578000 0.490947
34.200000 0.578000 0.493677
34.350000 0.578000 0.496338
34.500000 0.578000 0.499051
34.650000 0.578000 0.501575
34.800000 0.578000 0.504030
34.950000 0.578000 0.506846
35.100000 0.577000 0.509387
35.250000 0.577000 0.511911
35.400000 0.577000 0.514212
35.550000 0.578000 0.516547
35.700000 0.578000 0.518745
35.850000 0.578000 0.521046
36.000000 0.578000 0.523346
36.150000 0.578000 0.525647
36.300000 0.578000 0.527862
36.450000 0.578000 0.530197
36.600000 0.578000 0.532258
36.750000 0.578000 0.534370
36.900000 0.578000 0.536378
37.050000 0.578000 0.538284
37.200000 0.578000 0.540362
37.350000 0.578000 0.542474
37.500000 0.578000 0.544414
37.650000 0.578000 0.546320
37.800000 0.578000 0.548363
37.950000 0.578000 0.550458
38.100000 0.578000 0.552346
38.250000 0.578000 0.554252
38.400000 0.578000 0.555987
38.550000 0.579000 0.557635
38.700000 0.579000 0.559180
38.850000 0.579000 0.560880
39.000000 0.579000 0.562597
39.150000 0.579000 0.564331
39.300000 0.578000 0.565979
39.450000 0.579000 0.567645
39.600000 0.579000 0.569139
39.750000 0.579000 0.570701
39.900000 0.579000 0.572247
40.050000 0.578000 0.573826
40.200000 0.578000 0.575423
40.350000 0.578000 0.576797
40.500000 0.578000 0.578239
40.650000 0.578000 0.579698
40.800000 0.578000 0.581141
40.950000 0.578000 0.582583
41.100000 0.578000 0.583922
41.250000 0.578000 0.585296
41.400000 0.578000 0.586498
41.550000 0.579000 0.587717
41.700000 0.578000 0.589004
41.850000 0.578000 0.590309
42.000000 0.578000 0.591631
42.150000 0.578000 0.592868
42.300000 0.578000 0.594155
42.450000 0.578000 0.595289
42.600000 0.578000 0.596525
42.750000 0.578000 0.597435
42.900000 0.578000 0.598706
43.050000 0.578000 0.599684
43.200000 0.578000 0.600938
43.350000 0.578000 0.602140
43.500000 0.578000 0.603238
43.650000 0.578000 0.604251
43.800000 0.578000 0.605179
43.950000 0.578000 0.606226
44.100000 0.578000 0.607342
44.250000 0.578000 0.608321
44.400000 0.578000 0.609402
44.550000 0.578000 0.610381
44.700000 0.578000 0.611411
44.850000 0.578000 0.612682
45.000000 0.578000 0.613781
45.150000 0.578000 0.615034
45.300000 0.578000 0.616030
45.450000 0.578000 0.617077
45.600000 0.578000 0.618108
45.750000 0.578000 0.618932
45.900000 0.578000 0.619962
46.050000 0.579000 0.620889
46.200000 0.579000 0.621885
46.350000 0.579000 0.622898
46.500000 0.579000 0.623705
46.650000 0.579000 0.624770
46.800000 0.579000 0.625748
46.950000 0.579000 0.626933
47.100000 0.579000 0.627929
47.250000 0.579000 0.628959
47.400000 0.579000 0.629938
47.550000 0.579000 0.630779
47.700000 0.579000 0.631912
47.850000 0.579000 0.632908
48.000000 0.579000 0.633732
48.150000 0.579000 0.634763
48.300000 0.579000 0.635930
48.450000 0.578000 0.637012
48.600000 0.578000 0.638093
48.750000 0.578000 0.639244
48.900000 0.578000 0.640360
49.050000 0.578000 0.641236
49.200000 0.578000 0.642180
49.350000 0.578000 0.643159
49.500000 0.578000 0.644000
49.650000 0.578000 0.644910
49.800000 0.578000 0.645820
49.950000 0.578000 0.646575
50.100000 0.578000 0.647348
50.250000 0.579000 0.648413
50.400000 0.578000 0.649340
50.550000 0.578000 0.650147
50.700000 0.578000 0.651297
50.850000 0.578000 0.652070
51.000000 0.578000 0.653186
51.150000 0.578000 0.654044
51.300000 0.578000 0.654920
51.450000 0.578000 0.655864
51.600000 0.578000 0.656740
51.750000 0.578000 0.657719
51.900000 0.578000 0.658680
52.050000 0.578000 0.659504
52.200000 0.578000 0.660397
52.350000 0.578000 0.661136
52.500000 0.578000 0.661857
52.650000 0.578000 0.662887
52.800000 0.578000 0.663831
52.950000 0.578000 0.664673
53.100000 0.578000 0.665394
53.250000 0.578000 0.666338
53.400000 0.578000 0.667162
53.550000 0.578000 0.668004
53.700000 0.578000 0.668811
53.850000 0.578000 0.669446
54.000000 0.578000 0.670219
54.150000 0.578000 0.671180
54.300000 0.578000 0.671815
54.450000 0.578000 0.672863
54.600000 0.578000 0.673618
54.750000 0.578000 0.674357
54.900000 0.578000 0.675060
55.050000 0.578000 0.675661
55.200000 0.578000 0.676262
55.350000 0.579000 0.677104
55.500000 0.579000 0.677584
55.650000 0.579000 0.678117
55.800000 0.579000 0.678580
55.950000 0.579000 0.679353
56.100000 0.579000 0.679954
56.250000 0.579000 0.680727
56.400000 0.579000 0.681499
56.550000 0.579000 0.682203
56.700000 0.579000 0.682804
56.850000 0.579000 0.683457
57.000000 0.579000 0.684006
57.150000 0.579000 0.684590
57.300000 0.579000 0.685242
57.450000 0.579000 0.685981
57.600000 0.579000 0.686547
57.750000 0.579000 0.687165
57.900000 0.579000 0.687698
58.050000 0.579000 0.688196
58.200000 0.579000 0.689037
58.350000 0.579000 0.689621
58.500000 0.579000 0.690204
58.650000 0.579000 0.690496
58.800000 0.579000 0.690823
58.950000 0.579000 0.691166
59.100000 0.579000 0.691114
59.250000 0.579000 0.691853
59.400000 0.579000 0.692454
59.550000 0.579000 0.693244
59.700000 0.579000 0.694033
59.850000 0.579000 0.694875
