Spannung(in V) Druck(in mbar) Strom (in mA)
-8.850000 0.322000 -0.029648
-8.700000 0.322000 -0.029425
-8.550000 0.322000 -0.029253
-8.400000 0.322000 -0.029047
-8.250000 0.322000 -0.028858
-8.100000 0.322000 -0.028669
-7.950000 0.322000 -0.028463
-7.800000 0.323000 -0.028309
-7.650000 0.323000 -0.028085
-7.500000 0.323000 -0.027914
-7.350000 0.323000 -0.027673
-7.200000 0.323000 -0.027570
-7.050000 0.323000 -0.027278
-6.900000 0.323000 -0.027141
-6.750000 0.323000 -0.026866
-6.600000 0.323000 -0.026660
-6.450000 0.323000 -0.026454
-6.300000 0.323000 -0.026248
-6.150000 0.323000 -0.026025
-6.000000 0.324000 -0.025785
-5.850000 0.324000 -0.025579
-5.700000 0.324000 -0.025355
-5.550000 0.324000 -0.025132
-5.400000 0.324000 -0.024943
-5.250000 0.324000 -0.024703
-5.100000 0.324000 -0.024565
-4.950000 0.324000 -0.024222
-4.800000 0.324000 -0.023982
-4.650000 0.324000 -0.023759
-4.500000 0.324000 -0.023518
-4.350000 0.324000 -0.023261
-4.200000 0.324000 -0.023020
-4.050000 0.325000 -0.022883
-3.900000 0.325000 -0.022505
-3.750000 0.324000 -0.022265
-3.600000 0.324000 -0.022042
-3.450000 0.324000 -0.021801
-3.300000 0.324000 -0.021629
-3.150000 0.325000 -0.021269
-3.000000 0.325000 -0.021097
-2.850000 0.325000 -0.020754
-2.700000 0.325000 -0.020565
-2.550000 0.325000 -0.020187
-2.400000 0.325000 -0.019895
-2.250000 0.325000 -0.019655
-2.100000 0.325000 -0.019311
-1.950000 0.325000 -0.019071
-1.800000 0.325000 -0.018762
-1.650000 0.325000 -0.018470
-1.500000 0.325000 -0.018281
-1.350000 0.325000 -0.017904
-1.200000 0.325000 -0.017732
-1.050000 0.325000 -0.017303
-0.900000 0.325000 -0.017131
-0.750000 0.325000 -0.016719
-0.600000 0.325000 -0.016410
-0.450000 0.325000 -0.016169
-0.300000 0.325000 -0.015843
-0.150000 0.325000 -0.015551
-0.000000 0.325000 -0.015139
0.000000 0.325000 -0.014779
0.150000 0.325000 -0.014813
0.300000 0.325000 -0.014590
0.450000 0.325000 -0.014263
0.600000 0.325000 -0.013817
0.750000 0.325000 -0.013577
0.900000 0.325000 -0.013130
1.050000 0.325000 -0.012753
1.200000 0.325000 -0.012495
1.350000 0.325000 -0.012031
1.500000 0.325000 -0.011740
1.650000 0.325000 -0.011345
1.800000 0.325000 -0.010950
1.950000 0.325000 -0.010555
2.100000 0.325000 -0.010177
2.250000 0.326000 -0.009799
2.400000 0.326000 -0.009387
2.550000 0.326000 -0.009130
2.700000 0.326000 -0.008615
2.850000 0.326000 -0.008357
3.000000 0.325000 -0.007876
3.150000 0.325000 -0.007481
3.300000 0.325000 -0.007018
3.450000 0.325000 -0.006657
3.600000 0.325000 -0.006159
3.750000 0.326000 -0.005730
3.900000 0.326000 -0.005335
4.050000 0.326000 -0.004837
4.200000 0.326000 -0.004374
4.350000 0.326000 -0.003944
4.500000 0.326000 -0.003567
4.650000 0.326000 -0.003017
4.800000 0.326000 -0.002536
4.950000 0.326000 -0.002176
5.100000 0.326000 -0.001609
5.250000 0.326000 -0.001163
5.400000 0.326000 -0.000665
5.550000 0.326000 -0.000270
5.700000 0.326000 0.000331
5.850000 0.326000 0.000829
6.000000 0.326000 0.001327
6.150000 0.326000 0.001790
6.300000 0.326000 0.002168
6.450000 0.326000 0.002786
6.600000 0.326000 0.003336
6.750000 0.326000 0.003851
6.900000 0.326000 0.004400
7.050000 0.326000 0.004864
7.200000 0.326000 0.005499
7.350000 0.326000 0.005963
7.500000 0.326000 0.006615
7.650000 0.326000 0.007165
7.800000 0.326000 0.007748
7.950000 0.326000 0.008315
8.100000 0.326000 0.008864
8.250000 0.326000 0.009431
8.400000 0.325000 0.009981
8.550000 0.325000 0.010513
8.700000 0.325000 0.011011
8.850000 0.324000 0.011526
9.000000 0.324000 0.012058
9.150000 0.324000 0.012556
9.300000 0.323000 0.013123
9.450000 0.323000 0.013569
9.600000 0.322000 0.014204
9.750000 0.322000 0.014788
9.900000 0.322000 0.015406
10.050000 0.322000 0.016024
10.200000 0.322000 0.016660
10.350000 0.322000 0.017295
10.500000 0.321000 0.017947
10.650000 0.321000 0.018600
10.800000 0.321000 0.019270
10.950000 0.321000 0.019956
11.100000 0.321000 0.020677
11.250000 0.321000 0.021416
11.400000 0.321000 0.022171
11.550000 0.321000 0.022892
11.700000 0.321000 0.023682
11.850000 0.322000 0.024421
12.000000 0.322000 0.025245
12.150000 0.322000 0.026017
12.300000 0.322000 0.026859
12.450000 0.322000 0.027717
12.600000 0.322000 0.028524
12.750000 0.322000 0.029365
12.900000 0.322000 0.030155
13.050000 0.322000 0.031065
13.200000 0.322000 0.031941
13.350000 0.322000 0.032851
13.500000 0.323000 0.033727
13.650000 0.323000 0.034637
13.800000 0.323000 0.035564
13.950000 0.323000 0.036491
14.100000 0.323000 0.037418
14.250000 0.323000 0.038345
14.400000 0.323000 0.039324
14.550000 0.323000 0.040337
14.700000 0.323000 0.041299
14.850000 0.323000 0.042277
15.000000 0.323000 0.043308
15.150000 0.323000 0.044355
15.300000 0.324000 0.045402
15.450000 0.324000 0.046467
15.600000 0.324000 0.047531
15.750000 0.324000 0.048630
15.900000 0.324000 0.049729
16.050000 0.324000 0.050879
16.200000 0.324000 0.052013
16.350000 0.324000 0.053112
16.500000 0.324000 0.054245
16.650000 0.324000 0.055395
16.800000 0.324000 0.056631
16.950000 0.324000 0.057851
17.100000 0.324000 0.059052
17.250000 0.324000 0.060323
17.400000 0.324000 0.061611
17.550000 0.324000 0.062881
17.700000 0.324000 0.064203
17.850000 0.324000 0.065491
18.000000 0.324000 0.066779
18.150000 0.324000 0.068170
18.300000 0.325000 0.069526
18.450000 0.325000 0.070934
18.600000 0.325000 0.072376
18.750000 0.325000 0.073836
18.900000 0.325000 0.075330
19.050000 0.325000 0.076806
19.200000 0.325000 0.078317
19.350000 0.325000 0.079931
19.500000 0.325000 0.081545
19.650000 0.325000 0.083159
19.800000 0.325000 0.084790
19.950000 0.325000 0.086456
20.100000 0.325000 0.088070
20.250000 0.325000 0.089752
20.400000 0.325000 0.091504
20.550000 0.325000 0.093272
20.700000 0.325000 0.095075
20.850000 0.325000 0.096878
21.000000 0.325000 0.098646
21.150000 0.325000 0.100535
21.300000 0.325000 0.102493
21.450000 0.325000 0.104519
21.600000 0.325000 0.106527
21.750000 0.325000 0.108468
21.900000 0.325000 0.110511
22.050000 0.325000 0.112640
22.200000 0.325000 0.114821
22.350000 0.325000 0.117070
22.500000 0.325000 0.119371
22.650000 0.325000 0.121483
22.800000 0.325000 0.123783
22.950000 0.325000 0.126170
23.100000 0.325000 0.128591
23.250000 0.325000 0.131063
23.400000 0.325000 0.133553
23.550000 0.325000 0.136060
23.700000 0.325000 0.138653
23.850000 0.325000 0.141314
24.000000 0.325000 0.144078
24.150000 0.325000 0.146911
24.300000 0.325000 0.149865
24.450000 0.325000 0.152801
24.600000 0.325000 0.155754
24.750000 0.325000 0.158690
24.900000 0.325000 0.161592
25.050000 0.325000 0.164665
25.200000 0.325000 0.167945
25.350000 0.325000 0.171258
25.500000 0.325000 0.174675
25.650000 0.325000 0.178247
25.800000 0.325000 0.181801
25.950000 0.326000 0.185475
26.100000 0.326000 0.189218
26.250000 0.326000 0.192961
26.400000 0.326000 0.196807
26.550000 0.326000 0.200756
26.700000 0.326000 0.204826
26.850000 0.326000 0.208723
27.000000 0.326000 0.212655
27.150000 0.326000 0.216312
27.300000 0.326000 0.220038
27.450000 0.326000 0.223953
27.600000 0.326000 0.228005
27.750000 0.326000 0.231817
27.900000 0.326000 0.235646
28.050000 0.326000 0.239458
28.200000 0.326000 0.243304
28.350000 0.326000 0.247287
28.500000 0.326000 0.251236
28.650000 0.326000 0.255288
28.800000 0.326000 0.259426
28.950000 0.326000 0.263152
29.100000 0.326000 0.267221
29.250000 0.326000 0.271411
29.400000 0.326000 0.275755
29.550000 0.326000 0.279910
29.700000 0.326000 0.284100
29.850000 0.326000 0.288392
30.000000 0.326000 0.292633
30.150000 0.326000 0.292633
30.300000 0.326000 0.297303
30.450000 0.327000 0.301802
30.600000 0.327000 0.306163
30.750000 0.327000 0.310387
30.900000 0.327000 0.314937
31.050000 0.327000 0.319435
31.200000 0.327000 0.324003
31.350000 0.327000 0.328656
31.500000 0.327000 0.333274
31.650000 0.327000 0.338013
31.800000 0.327000 0.342615
31.950000 0.327000 0.347131
32.100000 0.327000 0.351698
32.250000 0.327000 0.356368
32.400000 0.327000 0.360953
32.550000 0.327000 0.365520
32.700000 0.327000 0.370362
32.850000 0.327000 0.375238
33.000000 0.327000 0.380097
33.150000 0.327000 0.384887
33.300000 0.327000 0.389661
33.450000 0.327000 0.394743
33.600000 0.327000 0.399551
33.750000 0.327000 0.404805
33.900000 0.327000 0.409595
34.050000 0.327000 0.414471
34.200000 0.327000 0.419674
34.350000 0.327000 0.424756
34.500000 0.327000 0.429942
34.650000 0.327000 0.435007
34.800000 0.327000 0.440192
34.950000 0.327000 0.445154
35.100000 0.327000 0.450408
35.250000 0.327000 0.455473
35.400000 0.327000 0.460590
35.550000 0.327000 0.466170
35.700000 0.327000 0.471356
35.850000 0.327000 0.476730
36.000000 0.327000 0.482104
36.150000 0.327000 0.487650
36.300000 0.327000 0.493007
36.450000 0.327000 0.498347
36.600000 0.327000 0.503790
36.750000 0.327000 0.509164
36.900000 0.327000 0.514847
37.050000 0.327000 0.520118
37.200000 0.327000 0.525458
37.350000 0.327000 0.530747
37.500000 0.327000 0.535606
37.650000 0.327000 0.540946
37.800000 0.327000 0.545530
37.950000 0.326000 0.550217
38.100000 0.326000 0.554819
38.250000 0.326000 0.559455
38.400000 0.325000 0.563644
38.550000 0.325000 0.567903
38.700000 0.324000 0.572332
38.850000 0.324000 0.576539
39.000000 0.324000 0.581226
39.150000 0.323000 0.585141
39.300000 0.323000 0.589623
39.450000 0.323000 0.593984
39.600000 0.323000 0.598053
39.750000 0.323000 0.602689
39.900000 0.323000 0.607136
40.050000 0.323000 0.611823
40.200000 0.323000 0.615755
40.350000 0.322000 0.620426
40.500000 0.322000 0.624718
40.650000 0.322000 0.628410
40.800000 0.322000 0.632376
40.950000 0.321000 0.635982
41.100000 0.321000 0.639999
41.250000 0.320000 0.643313
41.400000 0.320000 0.646833
41.550000 0.320000 0.650490
41.700000 0.320000 0.654216
41.850000 0.319000 0.658526
42.000000 0.319000 0.662217
42.150000 0.319000 0.665943
42.300000 0.319000 0.669892
42.450000 0.319000 0.673567
42.600000 0.319000 0.677533
42.750000 0.319000 0.681345
42.900000 0.319000 0.685294
43.050000 0.319000 0.689123
43.200000 0.319000 0.692763
43.350000 0.319000 0.696437
43.500000 0.319000 0.699974
43.650000 0.319000 0.703872
43.800000 0.319000 0.707048
43.950000 0.319000 0.710242
44.100000 0.318000 0.712852
44.250000 0.318000 0.716045
44.400000 0.318000 0.719565
44.550000 0.318000 0.723033
44.700000 0.317000 0.724974
44.850000 0.317000 0.727377
45.000000 0.317000 0.730314
45.150000 0.317000 0.732906
45.300000 0.317000 0.735825
45.450000 0.317000 0.738641
45.600000 0.317000 0.741457
45.750000 0.317000 0.744393
45.900000 0.316000 0.746883
46.050000 0.317000 0.749475
46.200000 0.317000 0.752240
46.350000 0.317000 0.754712
46.500000 0.317000 0.757597
46.650000 0.317000 0.760413
46.800000 0.317000 0.763177
46.950000 0.317000 0.765581
47.100000 0.317000 0.768414
47.250000 0.317000 0.772363
47.400000 0.317000 0.774612
47.550000 0.317000 0.776432
47.700000 0.317000 0.778527
47.850000 0.316000 0.780210
48.000000 0.316000 0.781909
48.150000 0.316000 0.783403
48.300000 0.316000 0.784897
48.450000 0.315000 0.784725
48.600000 0.315000 0.785996
48.750000 0.315000 0.787953
48.900000 0.315000 0.789516
49.050000 0.315000 0.790477
49.200000 0.315000 0.792108
49.350000 0.315000 0.792933
49.500000 0.315000 0.794821
49.650000 0.315000 0.795748
49.800000 0.315000 0.797088
49.950000 0.315000 0.798015
50.100000 0.315000 0.799268
50.250000 0.316000 0.801208
50.400000 0.316000 0.802256
50.550000 0.316000 0.803544
50.700000 0.316000 0.804505
50.850000 0.316000 0.805209
51.000000 0.316000 0.806256
51.150000 0.316000 0.806995
51.300000 0.316000 0.807664
51.450000 0.316000 0.808849
51.600000 0.316000 0.809879
51.750000 0.316000 0.810309
51.900000 0.317000 0.810995
52.050000 0.317000 0.811785
52.200000 0.317000 0.812438
52.350000 0.317000 0.813313
52.500000 0.317000 0.813622
52.650000 0.317000 0.814532
52.800000 0.318000 0.814876
52.950000 0.318000 0.815408
53.100000 0.318000 0.815940
53.250000 0.318000 0.816232
53.400000 0.318000 0.817314
53.550000 0.319000 0.817280
53.700000 0.319000 0.817177
53.850000 0.319000 0.817211
54.000000 0.319000 0.817743
54.150000 0.319000 0.817778
54.300000 0.319000 0.818361
54.450000 0.319000 0.818550
54.600000 0.320000 0.818396
54.750000 0.320000 0.818791
54.900000 0.320000 0.818739
55.050000 0.320000 0.818739
55.200000 0.320000 0.819392
55.350000 0.320000 0.820010
55.500000 0.320000 0.819907
55.650000 0.320000 0.820010
55.800000 0.320000 0.819992
55.950000 0.321000 0.820130
56.100000 0.321000 0.819786
56.250000 0.321000 0.819460
56.400000 0.321000 0.819546
56.550000 0.321000 0.819889
56.700000 0.321000 0.819975
56.850000 0.321000 0.819649
57.000000 0.321000 0.819941
57.150000 0.321000 0.819958
57.300000 0.321000 0.820405
57.450000 0.321000 0.820233
57.600000 0.321000 0.822036
57.750000 0.322000 0.821074
57.900000 0.322000 0.821332
58.050000 0.322000 0.821109
58.200000 0.322000 0.821589
58.350000 0.322000 0.821538
58.500000 0.322000 0.821692
58.650000 0.322000 0.822036
58.800000 0.322000 0.822516
58.950000 0.322000 0.823117
59.100000 0.322000 0.823495
59.250000 0.322000 0.823890
59.400000 0.322000 0.824336
59.550000 0.323000 0.824611
59.700000 0.323000 0.825178
59.850000 0.323000 0.825762
