Spannung(in V) Druck(in mbar) Strom (in mA)
-8.850000 0.605000 -0.036928
-8.700000 0.605000 -0.036911
-8.550000 0.605000 -0.036894
-8.400000 0.605000 -0.036876
-8.250000 0.604000 -0.036876
-8.100000 0.604000 -0.036911
-7.950000 0.604000 -0.036859
-7.800000 0.604000 -0.036825
-7.650000 0.604000 -0.036825
-7.500000 0.604000 -0.036825
-7.350000 0.604000 -0.036808
-7.200000 0.604000 -0.036791
-7.050000 0.604000 -0.036825
-6.900000 0.604000 -0.036773
-6.750000 0.604000 -0.036756
-6.600000 0.604000 -0.036739
-6.450000 0.604000 -0.036739
-6.300000 0.604000 -0.036739
-6.150000 0.604000 -0.036688
-6.000000 0.604000 -0.036688
-5.850000 0.604000 -0.036670
-5.700000 0.604000 -0.036653
-5.550000 0.603000 -0.036705
-5.400000 0.604000 -0.036619
-5.250000 0.604000 -0.036722
-5.100000 0.604000 -0.036602
-4.950000 0.603000 -0.036602
-4.800000 0.603000 -0.036653
-4.650000 0.604000 -0.036567
-4.500000 0.604000 -0.036550
-4.350000 0.604000 -0.036516
-4.200000 0.604000 -0.036499
-4.050000 0.603000 -0.036499
-3.900000 0.603000 -0.036464
-3.750000 0.604000 -0.036447
-3.600000 0.604000 -0.036447
-3.450000 0.603000 -0.036430
-3.300000 0.603000 -0.036396
-3.150000 0.603000 -0.036378
-3.000000 0.603000 -0.036396
-2.850000 0.604000 -0.036344
-2.700000 0.603000 -0.036430
-2.550000 0.603000 -0.036327
-2.400000 0.603000 -0.036293
-2.250000 0.603000 -0.036275
-2.100000 0.603000 -0.036258
-1.950000 0.603000 -0.036344
-1.800000 0.603000 -0.036224
-1.650000 0.604000 -0.036344
-1.500000 0.603000 -0.036293
-1.350000 0.603000 -0.036275
-1.200000 0.603000 -0.036241
-1.050000 0.603000 -0.036121
-0.900000 0.603000 -0.036155
-0.750000 0.603000 -0.036104
-0.600000 0.603000 -0.036172
-0.450000 0.603000 -0.036155
-0.300000 0.603000 -0.036069
-0.150000 0.603000 -0.036087
-0.000000 0.603000 -0.035949
0.000000 0.603000 -0.035915
0.150000 0.603000 -0.035932
0.300000 0.603000 -0.035966
0.450000 0.603000 -0.035984
0.600000 0.603000 -0.035949
0.750000 0.603000 -0.035829
0.900000 0.603000 -0.035812
1.050000 0.603000 -0.035778
1.200000 0.603000 -0.035881
1.350000 0.603000 -0.035778
1.500000 0.603000 -0.035795
1.650000 0.603000 -0.035692
1.800000 0.603000 -0.035657
1.950000 0.603000 -0.035726
2.100000 0.604000 -0.035606
2.250000 0.604000 -0.035657
2.400000 0.604000 -0.035537
2.550000 0.604000 -0.035623
2.700000 0.604000 -0.035520
2.850000 0.604000 -0.035520
3.000000 0.603000 -0.035417
3.150000 0.603000 -0.035365
3.300000 0.603000 -0.035417
3.450000 0.603000 -0.035331
3.600000 0.603000 -0.035297
3.750000 0.603000 -0.035245
3.900000 0.603000 -0.035331
4.050000 0.603000 -0.035177
4.200000 0.603000 -0.035194
4.350000 0.604000 -0.035108
4.500000 0.603000 -0.035074
4.650000 0.603000 -0.035039
4.800000 0.603000 -0.035005
4.950000 0.603000 -0.035056
5.100000 0.603000 -0.034919
5.250000 0.603000 -0.034919
5.400000 0.603000 -0.034833
5.550000 0.603000 -0.034782
5.700000 0.603000 -0.034747
5.850000 0.603000 -0.034713
6.000000 0.603000 -0.034661
6.150000 0.603000 -0.034610
6.300000 0.603000 -0.034576
6.450000 0.603000 -0.034524
6.600000 0.603000 -0.034473
6.750000 0.603000 -0.034438
6.900000 0.603000 -0.034387
7.050000 0.603000 -0.034335
7.200000 0.603000 -0.034301
7.350000 0.603000 -0.034284
7.500000 0.603000 -0.034181
7.650000 0.603000 -0.034267
7.800000 0.603000 -0.034095
7.950000 0.603000 -0.034043
8.100000 0.603000 -0.033992
8.250000 0.603000 -0.033923
8.400000 0.603000 -0.033872
8.550000 0.603000 -0.033820
8.700000 0.603000 -0.033751
8.850000 0.603000 -0.033700
9.000000 0.603000 -0.033648
9.150000 0.603000 -0.033580
9.300000 0.603000 -0.033528
9.450000 0.602000 -0.033460
9.600000 0.603000 -0.033391
9.750000 0.602000 -0.033408
9.900000 0.602000 -0.033254
10.050000 0.603000 -0.033202
10.200000 0.603000 -0.033150
10.350000 0.603000 -0.033065
10.500000 0.602000 -0.033082
10.650000 0.602000 -0.032927
10.800000 0.603000 -0.032859
10.950000 0.602000 -0.032773
11.100000 0.602000 -0.032756
11.250000 0.602000 -0.032635
11.400000 0.602000 -0.032653
11.550000 0.602000 -0.032464
11.700000 0.602000 -0.032412
11.850000 0.602000 -0.032326
12.000000 0.602000 -0.032240
12.150000 0.602000 -0.032240
12.300000 0.602000 -0.032086
12.450000 0.602000 -0.032000
12.600000 0.602000 -0.031914
12.750000 0.602000 -0.031828
12.900000 0.602000 -0.031725
13.050000 0.602000 -0.031657
13.200000 0.602000 -0.031571
13.350000 0.602000 -0.031468
13.500000 0.602000 -0.031382
13.650000 0.602000 -0.031296
13.800000 0.602000 -0.031262
13.950000 0.602000 -0.031107
14.100000 0.602000 -0.031021
14.250000 0.602000 -0.030901
14.400000 0.602000 -0.030798
14.550000 0.602000 -0.030695
14.700000 0.602000 -0.030575
14.850000 0.602000 -0.030489
15.000000 0.602000 -0.030369
15.150000 0.602000 -0.030283
15.300000 0.602000 -0.030163
15.450000 0.602000 -0.030043
15.600000 0.602000 -0.029923
15.750000 0.602000 -0.029820
15.900000 0.602000 -0.029665
16.050000 0.602000 -0.029562
16.200000 0.602000 -0.029442
16.350000 0.602000 -0.029322
16.500000 0.602000 -0.029201
16.650000 0.602000 -0.029081
16.800000 0.602000 -0.028961
16.950000 0.602000 -0.028824
17.100000 0.602000 -0.028703
17.250000 0.602000 -0.028566
17.400000 0.602000 -0.028463
17.550000 0.602000 -0.028326
17.700000 0.603000 -0.028188
17.850000 0.602000 -0.028051
18.000000 0.602000 -0.027914
18.150000 0.602000 -0.027759
18.300000 0.602000 -0.027622
18.450000 0.602000 -0.027467
18.600000 0.602000 -0.027296
18.750000 0.602000 -0.027158
18.900000 0.602000 -0.027004
19.050000 0.602000 -0.026849
19.200000 0.602000 -0.026695
19.350000 0.602000 -0.026523
19.500000 0.602000 -0.026368
19.650000 0.602000 -0.026197
19.800000 0.602000 -0.026025
19.950000 0.603000 -0.025853
20.100000 0.602000 -0.025682
20.250000 0.602000 -0.025476
20.400000 0.602000 -0.025304
20.550000 0.602000 -0.025115
20.700000 0.602000 -0.024926
20.850000 0.602000 -0.024720
21.000000 0.602000 -0.024531
21.150000 0.602000 -0.024325
21.300000 0.602000 -0.024119
21.450000 0.602000 -0.023913
21.600000 0.602000 -0.023707
21.750000 0.603000 -0.023518
21.900000 0.603000 -0.023312
22.050000 0.602000 -0.023106
22.200000 0.603000 -0.022866
22.350000 0.603000 -0.022642
22.500000 0.603000 -0.022436
22.650000 0.602000 -0.022196
22.800000 0.602000 -0.021956
22.950000 0.602000 -0.021681
23.100000 0.602000 -0.021458
23.250000 0.603000 -0.021200
23.400000 0.603000 -0.020960
23.550000 0.603000 -0.020685
23.700000 0.603000 -0.020410
23.850000 0.603000 -0.020153
24.000000 0.603000 -0.019844
24.150000 0.603000 -0.019586
24.300000 0.603000 -0.019260
24.450000 0.603000 -0.018968
24.600000 0.603000 -0.018642
24.750000 0.603000 -0.018333
24.900000 0.603000 -0.018007
25.050000 0.603000 -0.017680
25.200000 0.603000 -0.017354
25.350000 0.603000 -0.017028
25.500000 0.603000 -0.016633
25.650000 0.603000 -0.016255
25.800000 0.603000 -0.015860
25.950000 0.603000 -0.015465
26.100000 0.603000 -0.015105
26.250000 0.603000 -0.014710
26.400000 0.603000 -0.014263
26.550000 0.603000 -0.013834
26.700000 0.603000 -0.013371
26.850000 0.603000 -0.012959
27.000000 0.603000 -0.012512
27.150000 0.603000 -0.012066
27.300000 0.603000 -0.011533
27.450000 0.603000 -0.011053
27.600000 0.603000 -0.010486
27.750000 0.603000 -0.009919
27.900000 0.603000 -0.009353
28.050000 0.603000 -0.008803
28.200000 0.603000 -0.008185
28.350000 0.602000 -0.007584
28.500000 0.603000 -0.006983
28.650000 0.603000 -0.006331
28.800000 0.602000 -0.005678
28.950000 0.602000 -0.004957
29.100000 0.602000 -0.004322
29.250000 0.602000 -0.003601
29.400000 0.602000 -0.002897
29.550000 0.602000 -0.002159
29.700000 0.602000 -0.001472
29.850000 0.602000 -0.000802
30.000000 0.602000 -0.000270
30.150000 0.602000 -0.000373
30.300000 0.602000 0.000383
30.450000 0.602000 0.001086
30.600000 0.602000 0.001808
30.750000 0.602000 0.002546
30.900000 0.602000 0.003353
31.050000 0.602000 0.004108
31.200000 0.602000 0.004812
31.350000 0.602000 0.005619
31.500000 0.602000 0.006340
31.650000 0.602000 0.007113
31.800000 0.602000 0.007886
31.950000 0.602000 0.008607
32.100000 0.602000 0.009362
32.250000 0.602000 0.010135
32.400000 0.602000 0.011011
32.550000 0.602000 0.011698
32.700000 0.602000 0.012590
32.850000 0.602000 0.013500
33.000000 0.602000 0.014376
33.150000 0.602000 0.015235
33.300000 0.602000 0.016093
33.450000 0.602000 0.017106
33.600000 0.602000 0.018085
33.750000 0.602000 0.019012
33.900000 0.602000 0.019956
34.050000 0.602000 0.020969
34.200000 0.602000 0.021931
34.350000 0.602000 0.022910
34.500000 0.602000 0.024008
34.650000 0.602000 0.024970
34.800000 0.602000 0.026138
34.950000 0.602000 0.027236
35.100000 0.602000 0.028215
35.250000 0.602000 0.029211
35.400000 0.602000 0.030327
35.550000 0.602000 0.031374
35.700000 0.602000 0.032542
35.850000 0.602000 0.033692
36.000000 0.602000 0.034774
36.150000 0.602000 0.035924
36.300000 0.602000 0.037178
36.450000 0.602000 0.038345
36.600000 0.602000 0.039427
36.750000 0.602000 0.040612
36.900000 0.603000 0.041745
37.050000 0.603000 0.043033
37.200000 0.602000 0.044235
37.350000 0.603000 0.045454
37.500000 0.602000 0.046656
37.650000 0.603000 0.047840
37.800000 0.602000 0.049128
37.950000 0.603000 0.050261
38.100000 0.603000 0.051532
38.250000 0.603000 0.052803
38.400000 0.603000 0.054039
38.550000 0.603000 0.055378
38.700000 0.603000 0.056752
38.850000 0.603000 0.058091
39.000000 0.603000 0.059276
39.150000 0.603000 0.060632
39.300000 0.603000 0.061885
39.450000 0.603000 0.063362
39.600000 0.603000 0.064667
39.750000 0.602000 0.066092
39.900000 0.602000 0.067534
40.050000 0.602000 0.068959
40.200000 0.602000 0.070316
40.350000 0.602000 0.071690
40.500000 0.602000 0.073132
40.650000 0.602000 0.074540
40.800000 0.602000 0.075999
40.950000 0.602000 0.077424
41.100000 0.602000 0.078867
41.250000 0.602000 0.080360
41.400000 0.602000 0.081734
41.550000 0.602000 0.083262
41.700000 0.602000 0.084636
41.850000 0.602000 0.086164
42.000000 0.602000 0.087537
42.150000 0.602000 0.088980
42.300000 0.602000 0.090474
42.450000 0.602000 0.092002
42.600000 0.602000 0.093392
42.750000 0.602000 0.094852
42.900000 0.602000 0.096449
43.050000 0.602000 0.097874
43.200000 0.602000 0.099333
43.350000 0.602000 0.100741
43.500000 0.602000 0.102218
43.650000 0.602000 0.103866
43.800000 0.602000 0.105463
43.950000 0.602000 0.106888
44.100000 0.602000 0.108382
44.250000 0.602000 0.109944
44.400000 0.602000 0.111335
44.550000 0.603000 0.112949
44.700000 0.602000 0.114494
44.850000 0.603000 0.115954
45.000000 0.602000 0.117516
45.150000 0.603000 0.119027
45.300000 0.602000 0.120624
45.450000 0.602000 0.122101
45.600000 0.602000 0.123663
45.750000 0.602000 0.125346
45.900000 0.602000 0.126840
46.050000 0.602000 0.128385
46.200000 0.602000 0.129896
46.350000 0.602000 0.131527
46.500000 0.602000 0.132935
46.650000 0.602000 0.134515
46.800000 0.602000 0.136043
46.950000 0.602000 0.137622
47.100000 0.602000 0.139099
47.250000 0.602000 0.140524
47.400000 0.602000 0.142190
47.550000 0.602000 0.143597
47.700000 0.602000 0.145143
47.850000 0.602000 0.146602
48.000000 0.602000 0.148045
48.150000 0.602000 0.149435
48.300000 0.603000 0.150775
48.450000 0.602000 0.152389
48.600000 0.602000 0.153865
48.750000 0.602000 0.155325
48.900000 0.602000 0.156698
49.050000 0.602000 0.158158
49.200000 0.602000 0.159634
49.350000 0.602000 0.161180
49.500000 0.602000 0.162639
49.650000 0.602000 0.163858
49.800000 0.602000 0.165386
49.950000 0.602000 0.166777
50.100000 0.602000 0.168168
50.250000 0.602000 0.169541
50.400000 0.602000 0.170778
50.550000 0.602000 0.172083
50.700000 0.602000 0.173456
50.850000 0.602000 0.174916
51.000000 0.602000 0.176083
51.150000 0.602000 0.177474
51.300000 0.602000 0.178744
51.450000 0.603000 0.180067
51.600000 0.602000 0.181217
51.750000 0.602000 0.182505
51.900000 0.602000 0.183861
52.050000 0.602000 0.185269
52.200000 0.602000 0.186643
52.350000 0.602000 0.187896
52.500000 0.602000 0.189064
52.650000 0.602000 0.190334
52.800000 0.602000 0.191485
52.950000 0.602000 0.192807
53.100000 0.602000 0.194043
53.250000 0.602000 0.195331
53.400000 0.602000 0.196430
53.550000 0.602000 0.197597
53.700000 0.602000 0.198576
53.850000 0.602000 0.199709
54.000000 0.602000 0.200877
54.150000 0.602000 0.202079
54.300000 0.602000 0.203263
54.450000 0.602000 0.204242
54.600000 0.602000 0.205221
54.750000 0.602000 0.206388
54.900000 0.602000 0.207298
55.050000 0.602000 0.208449
55.200000 0.602000 0.209444
55.350000 0.602000 0.210629
55.500000 0.602000 0.211591
55.650000 0.602000 0.212466
55.800000 0.602000 0.213394
55.950000 0.602000 0.214355
56.100000 0.602000 0.215437
56.250000 0.602000 0.216295
56.400000 0.602000 0.217154
56.550000 0.602000 0.218098
56.700000 0.602000 0.218957
56.850000 0.602000 0.220055
57.000000 0.602000 0.220983
57.150000 0.602000 0.222047
57.300000 0.602000 0.222854
57.450000 0.602000 0.223833
57.600000 0.602000 0.224726
57.750000 0.602000 0.225653
57.900000 0.602000 0.226546
58.050000 0.602000 0.227336
58.200000 0.602000 0.228297
58.350000 0.602000 0.229138
58.500000 0.602000 0.230134
58.650000 0.602000 0.231079
58.800000 0.602000 0.232023
58.950000 0.602000 0.232916
59.100000 0.602000 0.233688
59.250000 0.602000 0.234787
59.400000 0.602000 0.235508
59.550000 0.602000 0.236367
59.700000 0.602000 0.237191
59.850000 0.602000 0.238067
