Spannung(in V) Druck(in mbar) Strom (in mA)
-8.850000 0.607000 -0.036894
-8.700000 0.607000 -0.036894
-8.550000 0.607000 -0.036928
-8.400000 0.607000 -0.036859
-8.250000 0.607000 -0.036859
-8.100000 0.607000 -0.036945
-7.950000 0.607000 -0.036825
-7.800000 0.607000 -0.036894
-7.650000 0.607000 -0.036808
-7.500000 0.607000 -0.036808
-7.350000 0.607000 -0.036791
-7.200000 0.607000 -0.036773
-7.050000 0.607000 -0.036756
-6.900000 0.607000 -0.036756
-6.750000 0.607000 -0.036791
-6.600000 0.607000 -0.036722
-6.450000 0.607000 -0.036773
-6.300000 0.608000 -0.036705
-6.150000 0.608000 -0.036705
-6.000000 0.608000 -0.036688
-5.850000 0.608000 -0.036670
-5.700000 0.608000 -0.036688
-5.550000 0.608000 -0.036636
-5.400000 0.608000 -0.036636
-5.250000 0.608000 -0.036619
-5.100000 0.608000 -0.036722
-4.950000 0.608000 -0.036584
-4.800000 0.608000 -0.036567
-4.650000 0.608000 -0.036653
-4.500000 0.608000 -0.036550
-4.350000 0.608000 -0.036636
-4.200000 0.608000 -0.036516
-4.050000 0.608000 -0.036550
-3.900000 0.608000 -0.036499
-3.750000 0.608000 -0.036464
-3.600000 0.608000 -0.036481
-3.450000 0.608000 -0.036430
-3.300000 0.608000 -0.036481
-3.150000 0.608000 -0.036430
-3.000000 0.608000 -0.036396
-2.850000 0.608000 -0.036413
-2.700000 0.608000 -0.036344
-2.550000 0.608000 -0.036430
-2.400000 0.608000 -0.036327
-2.250000 0.608000 -0.036396
-2.100000 0.608000 -0.036293
-1.950000 0.608000 -0.036396
-1.800000 0.608000 -0.036241
-1.650000 0.608000 -0.036224
-1.500000 0.608000 -0.036241
-1.350000 0.608000 -0.036190
-1.200000 0.608000 -0.036293
-1.050000 0.608000 -0.036155
-0.900000 0.608000 -0.036121
-0.750000 0.608000 -0.036224
-0.600000 0.608000 -0.036087
-0.450000 0.608000 -0.036190
-0.300000 0.608000 -0.036087
-0.150000 0.608000 -0.036018
-0.000000 0.608000 -0.036001
0.000000 0.608000 -0.035984
0.150000 0.608000 -0.035984
0.300000 0.608000 -0.035966
0.450000 0.608000 -0.036052
0.600000 0.608000 -0.035932
0.750000 0.608000 -0.035915
0.900000 0.608000 -0.035898
1.050000 0.608000 -0.035932
1.200000 0.608000 -0.035829
1.350000 0.608000 -0.035795
1.500000 0.608000 -0.035760
1.650000 0.608000 -0.035846
1.800000 0.608000 -0.035795
1.950000 0.608000 -0.035692
2.100000 0.608000 -0.035778
2.250000 0.608000 -0.035640
2.400000 0.608000 -0.035657
2.550000 0.608000 -0.035589
2.700000 0.608000 -0.035692
2.850000 0.608000 -0.035520
3.000000 0.608000 -0.035486
3.150000 0.608000 -0.035503
3.300000 0.608000 -0.035434
3.450000 0.608000 -0.035486
3.600000 0.608000 -0.035365
3.750000 0.608000 -0.035451
3.900000 0.608000 -0.035314
4.050000 0.608000 -0.035280
4.200000 0.608000 -0.035348
4.350000 0.608000 -0.035211
4.500000 0.608000 -0.035280
4.650000 0.608000 -0.035125
4.800000 0.608000 -0.035194
4.950000 0.608000 -0.035074
5.100000 0.608000 -0.035108
5.250000 0.608000 -0.034988
5.400000 0.608000 -0.034953
5.550000 0.608000 -0.034971
5.700000 0.608000 -0.034885
5.850000 0.608000 -0.034850
6.000000 0.608000 -0.034799
6.150000 0.608000 -0.034799
6.300000 0.608000 -0.034713
6.450000 0.608000 -0.034713
6.600000 0.608000 -0.034644
6.750000 0.608000 -0.034593
6.900000 0.608000 -0.034558
7.050000 0.608000 -0.034507
7.200000 0.608000 -0.034541
7.350000 0.608000 -0.034421
7.500000 0.608000 -0.034387
7.650000 0.608000 -0.034318
7.800000 0.608000 -0.034267
7.950000 0.608000 -0.034215
8.100000 0.608000 -0.034164
8.250000 0.608000 -0.034198
8.400000 0.608000 -0.034061
8.550000 0.608000 -0.034043
8.700000 0.608000 -0.033957
8.850000 0.608000 -0.033957
9.000000 0.608000 -0.033837
9.150000 0.608000 -0.033786
9.300000 0.608000 -0.033717
9.450000 0.608000 -0.033683
9.600000 0.608000 -0.033597
9.750000 0.608000 -0.033545
9.900000 0.608000 -0.033580
10.050000 0.608000 -0.033425
10.200000 0.608000 -0.033357
10.350000 0.608000 -0.033288
10.500000 0.608000 -0.033236
10.650000 0.608000 -0.033168
10.800000 0.608000 -0.033082
10.950000 0.608000 -0.033013
11.100000 0.608000 -0.032944
11.250000 0.608000 -0.032893
11.400000 0.608000 -0.032807
11.550000 0.608000 -0.032738
11.700000 0.608000 -0.032653
11.850000 0.608000 -0.032584
12.000000 0.608000 -0.032515
12.150000 0.608000 -0.032447
12.300000 0.608000 -0.032378
12.450000 0.608000 -0.032292
12.600000 0.608000 -0.032206
12.750000 0.608000 -0.032120
12.900000 0.608000 -0.032034
13.050000 0.608000 -0.031966
13.200000 0.608000 -0.031863
13.350000 0.608000 -0.031777
13.500000 0.608000 -0.031691
13.650000 0.608000 -0.031691
13.800000 0.608000 -0.031519
13.950000 0.608000 -0.031451
14.100000 0.608000 -0.031330
14.250000 0.607000 -0.031227
14.400000 0.607000 -0.031142
14.550000 0.607000 -0.031021
14.700000 0.607000 -0.030987
14.850000 0.607000 -0.030815
15.000000 0.607000 -0.030781
15.150000 0.607000 -0.030609
15.300000 0.607000 -0.030506
15.450000 0.607000 -0.030403
15.600000 0.607000 -0.030300
15.750000 0.607000 -0.030180
15.900000 0.607000 -0.030060
16.050000 0.607000 -0.029957
16.200000 0.607000 -0.029837
16.350000 0.607000 -0.029699
16.500000 0.607000 -0.029579
16.650000 0.607000 -0.029459
16.800000 0.607000 -0.029390
16.950000 0.607000 -0.029219
17.100000 0.607000 -0.029116
17.250000 0.607000 -0.028944
17.400000 0.607000 -0.028824
17.550000 0.607000 -0.028669
17.700000 0.607000 -0.028549
17.850000 0.607000 -0.028412
18.000000 0.607000 -0.028274
18.150000 0.607000 -0.028137
18.300000 0.607000 -0.028000
18.450000 0.607000 -0.027862
18.600000 0.607000 -0.027690
18.750000 0.607000 -0.027570
18.900000 0.607000 -0.027416
19.050000 0.607000 -0.027296
19.200000 0.607000 -0.027141
19.350000 0.607000 -0.026986
19.500000 0.607000 -0.026815
19.650000 0.607000 -0.026643
19.800000 0.607000 -0.026523
19.950000 0.607000 -0.026317
20.100000 0.607000 -0.026145
20.250000 0.607000 -0.025973
20.400000 0.607000 -0.025802
20.550000 0.607000 -0.025647
20.700000 0.607000 -0.025441
20.850000 0.607000 -0.025304
21.000000 0.608000 -0.025098
21.150000 0.608000 -0.024909
21.300000 0.608000 -0.024720
21.450000 0.608000 -0.024514
21.600000 0.608000 -0.024342
21.750000 0.608000 -0.024119
21.900000 0.608000 -0.023913
22.050000 0.608000 -0.023707
22.200000 0.608000 -0.023518
22.350000 0.608000 -0.023312
22.500000 0.608000 -0.023072
22.650000 0.608000 -0.022831
22.800000 0.608000 -0.022625
22.950000 0.608000 -0.022385
23.100000 0.608000 -0.022110
23.250000 0.608000 -0.021887
23.400000 0.608000 -0.021629
23.550000 0.608000 -0.021406
23.700000 0.608000 -0.021131
23.850000 0.608000 -0.020840
24.000000 0.608000 -0.020616
24.150000 0.608000 -0.020342
24.300000 0.608000 -0.020050
24.450000 0.608000 -0.019758
24.600000 0.608000 -0.019449
24.750000 0.608000 -0.019157
24.900000 0.608000 -0.018848
25.050000 0.608000 -0.018556
25.200000 0.608000 -0.018195
25.350000 0.608000 -0.017869
25.500000 0.608000 -0.017543
25.650000 0.608000 -0.017165
25.800000 0.608000 -0.016805
25.950000 0.608000 -0.016427
26.100000 0.608000 -0.016049
26.250000 0.608000 -0.015637
26.400000 0.608000 -0.015259
26.550000 0.608000 -0.014830
26.700000 0.608000 -0.014401
26.850000 0.608000 -0.013954
27.000000 0.608000 -0.013491
27.150000 0.608000 -0.013062
27.300000 0.608000 -0.012564
27.450000 0.608000 -0.012066
27.600000 0.608000 -0.011568
27.750000 0.608000 -0.011018
27.900000 0.608000 -0.010486
28.050000 0.608000 -0.009919
28.200000 0.608000 -0.009319
28.350000 0.608000 -0.008735
28.500000 0.608000 -0.008151
28.650000 0.608000 -0.007567
28.800000 0.608000 -0.006898
28.950000 0.608000 -0.006279
29.100000 0.608000 -0.005610
29.250000 0.608000 -0.004940
29.400000 0.608000 -0.004253
29.550000 0.608000 -0.003567
29.700000 0.608000 -0.002897
29.850000 0.608000 -0.002227
30.000000 0.608000 -0.001712
30.150000 0.608000 -0.001832
30.300000 0.608000 -0.001094
30.450000 0.608000 -0.000459
30.600000 0.608000 0.000297
30.750000 0.608000 0.000966
30.900000 0.608000 0.001687
31.050000 0.608000 0.002288
31.200000 0.608000 0.002992
31.350000 0.608000 0.003765
31.500000 0.608000 0.004435
31.650000 0.608000 0.005224
31.800000 0.608000 0.005877
31.950000 0.608000 0.006701
32.100000 0.608000 0.007439
32.250000 0.608000 0.008298
32.400000 0.608000 0.009122
32.550000 0.608000 0.009946
32.700000 0.608000 0.010736
32.850000 0.608000 0.011543
33.000000 0.608000 0.012470
33.150000 0.608000 0.013294
33.300000 0.608000 0.014256
33.450000 0.608000 0.015132
33.600000 0.608000 0.016042
33.750000 0.609000 0.016917
33.900000 0.609000 0.018016
34.050000 0.609000 0.018875
34.200000 0.609000 0.019853
34.350000 0.609000 0.020901
34.500000 0.609000 0.021897
34.650000 0.609000 0.022875
34.800000 0.609000 0.023854
34.950000 0.609000 0.024953
35.100000 0.609000 0.026034
35.250000 0.608000 0.027185
35.400000 0.608000 0.028318
35.550000 0.608000 0.029365
35.700000 0.608000 0.030550
35.850000 0.608000 0.031666
36.000000 0.608000 0.032868
36.150000 0.608000 0.033984
36.300000 0.608000 0.035220
36.450000 0.608000 0.036422
36.600000 0.608000 0.037607
36.750000 0.608000 0.038757
36.900000 0.608000 0.039959
37.050000 0.608000 0.041161
37.200000 0.608000 0.042380
37.350000 0.608000 0.043531
37.500000 0.608000 0.044698
37.650000 0.607000 0.046020
37.800000 0.607000 0.047325
37.950000 0.607000 0.048562
38.100000 0.607000 0.049729
38.250000 0.607000 0.050879
38.400000 0.608000 0.052202
38.550000 0.608000 0.053455
38.700000 0.608000 0.054777
38.850000 0.608000 0.056048
39.000000 0.608000 0.057438
39.150000 0.608000 0.058640
39.300000 0.608000 0.060031
39.450000 0.608000 0.061267
39.600000 0.608000 0.062572
39.750000 0.608000 0.063894
39.900000 0.608000 0.065199
40.050000 0.608000 0.066607
40.200000 0.608000 0.067878
40.350000 0.608000 0.069492
40.500000 0.608000 0.070814
40.650000 0.608000 0.072136
40.800000 0.608000 0.073458
40.950000 0.609000 0.074746
41.100000 0.609000 0.076102
41.250000 0.609000 0.077493
41.400000 0.609000 0.078849
41.550000 0.609000 0.080223
41.700000 0.609000 0.081682
41.850000 0.609000 0.083125
42.000000 0.609000 0.084533
42.150000 0.609000 0.086044
42.300000 0.609000 0.087452
42.450000 0.609000 0.088911
42.600000 0.609000 0.090353
42.750000 0.609000 0.091641
42.900000 0.609000 0.093238
43.050000 0.609000 0.094732
43.200000 0.609000 0.096311
43.350000 0.609000 0.097685
43.500000 0.609000 0.099230
43.650000 0.609000 0.100707
43.800000 0.610000 0.102183
43.950000 0.610000 0.103712
44.100000 0.610000 0.105188
44.250000 0.610000 0.106802
44.400000 0.610000 0.108244
44.550000 0.610000 0.109824
44.700000 0.610000 0.111301
44.850000 0.610000 0.112863
45.000000 0.610000 0.114254
45.150000 0.610000 0.115816
45.300000 0.610000 0.117379
45.450000 0.610000 0.118941
45.600000 0.610000 0.120521
45.750000 0.610000 0.122101
45.900000 0.610000 0.123560
46.050000 0.610000 0.125002
46.200000 0.610000 0.126548
46.350000 0.610000 0.128196
46.500000 0.610000 0.129570
46.650000 0.610000 0.131338
46.800000 0.610000 0.132763
46.950000 0.610000 0.134463
47.100000 0.610000 0.135802
47.250000 0.610000 0.137468
47.400000 0.610000 0.138962
47.550000 0.610000 0.140404
47.700000 0.610000 0.141846
47.850000 0.610000 0.143288
48.000000 0.610000 0.145057
48.150000 0.610000 0.146568
48.300000 0.610000 0.148165
48.450000 0.610000 0.149693
48.600000 0.610000 0.151084
48.750000 0.610000 0.152474
48.900000 0.610000 0.153985
49.050000 0.610000 0.155531
49.200000 0.610000 0.157024
49.350000 0.610000 0.158501
49.500000 0.610000 0.159875
49.650000 0.610000 0.161231
49.800000 0.610000 0.162639
49.950000 0.610000 0.164133
50.100000 0.610000 0.165386
50.250000 0.610000 0.166725
50.400000 0.610000 0.168254
50.550000 0.610000 0.169627
50.700000 0.610000 0.171035
50.850000 0.610000 0.172443
51.000000 0.610000 0.173851
51.150000 0.610000 0.175139
51.300000 0.610000 0.176547
51.450000 0.610000 0.177886
51.600000 0.610000 0.179105
51.750000 0.610000 0.180290
51.900000 0.610000 0.181560
52.050000 0.610000 0.183037
52.200000 0.610000 0.184462
52.350000 0.610000 0.185819
52.500000 0.610000 0.187158
52.650000 0.610000 0.188411
52.800000 0.610000 0.189441
52.950000 0.610000 0.190884
53.100000 0.610000 0.192137
53.250000 0.610000 0.193356
53.400000 0.610000 0.194369
53.550000 0.610000 0.195502
53.700000 0.610000 0.196636
53.850000 0.610000 0.197649
54.000000 0.610000 0.198954
54.150000 0.610000 0.200104
54.300000 0.610000 0.201340
54.450000 0.610000 0.202353
54.600000 0.610000 0.203607
54.750000 0.610000 0.204620
54.900000 0.610000 0.205633
55.050000 0.610000 0.206886
55.200000 0.610000 0.208002
55.350000 0.610000 0.209084
55.500000 0.610000 0.210114
55.650000 0.610000 0.211213
55.800000 0.610000 0.212398
55.950000 0.610000 0.213256
56.100000 0.610000 0.214235
56.250000 0.610000 0.215282
56.400000 0.610000 0.216398
56.550000 0.610000 0.217325
56.700000 0.610000 0.218424
56.850000 0.610000 0.219300
57.000000 0.610000 0.220485
57.150000 0.610000 0.221360
57.300000 0.610000 0.222373
57.450000 0.610000 0.223266
57.600000 0.610000 0.224176
57.750000 0.610000 0.225138
57.900000 0.610000 0.225979
58.050000 0.610000 0.226941
58.200000 0.610000 0.227765
58.350000 0.610000 0.228709
58.500000 0.610000 0.229499
58.650000 0.610000 0.230426
58.800000 0.610000 0.231542
58.950000 0.610000 0.232521
59.100000 0.610000 0.233397
59.250000 0.610000 0.234204
59.400000 0.610000 0.235148
59.550000 0.610000 0.236092
59.700000 0.610000 0.236899
59.850000 0.610000 0.237775
