Spannung(in V) Druck(in mbar) Strom (in mA)
-8.850000 0.609000 -0.037168
-8.700000 0.609000 -0.037168
-8.550000 0.609000 -0.037151
-8.400000 0.609000 -0.037151
-8.250000 0.608000 -0.037237
-8.100000 0.609000 -0.037134
-7.950000 0.608000 -0.037134
-7.800000 0.608000 -0.037185
-7.650000 0.608000 -0.037117
-7.500000 0.608000 -0.037117
-7.350000 0.608000 -0.037117
-7.200000 0.609000 -0.037117
-7.050000 0.608000 -0.037100
-6.900000 0.608000 -0.037100
-6.750000 0.608000 -0.037117
-6.600000 0.608000 -0.037100
-6.450000 0.608000 -0.037185
-6.300000 0.608000 -0.037100
-6.150000 0.608000 -0.037134
-6.000000 0.609000 -0.037082
-5.850000 0.608000 -0.037082
-5.700000 0.609000 -0.037168
-5.550000 0.609000 -0.037065
-5.400000 0.608000 -0.037134
-5.250000 0.608000 -0.037065
-5.100000 0.608000 -0.037134
-4.950000 0.608000 -0.037048
-4.800000 0.608000 -0.037048
-4.650000 0.608000 -0.037082
-4.500000 0.608000 -0.037048
-4.350000 0.608000 -0.037031
-4.200000 0.608000 -0.037031
-4.050000 0.608000 -0.037082
-3.900000 0.608000 -0.037014
-3.750000 0.608000 -0.037014
-3.600000 0.608000 -0.037082
-3.450000 0.608000 -0.036997
-3.300000 0.608000 -0.036997
-3.150000 0.608000 -0.036997
-3.000000 0.608000 -0.037117
-2.850000 0.608000 -0.036979
-2.700000 0.608000 -0.036979
-2.550000 0.608000 -0.036979
-2.400000 0.608000 -0.036962
-2.250000 0.608000 -0.037082
-2.100000 0.608000 -0.036945
-1.950000 0.608000 -0.037048
-1.800000 0.608000 -0.036979
-1.650000 0.608000 -0.036928
-1.500000 0.608000 -0.036928
-1.350000 0.608000 -0.036928
-1.200000 0.608000 -0.037031
-1.050000 0.608000 -0.036911
-0.900000 0.608000 -0.036962
-0.750000 0.608000 -0.036911
-0.600000 0.608000 -0.037014
-0.450000 0.608000 -0.036876
-0.300000 0.608000 -0.036876
-0.150000 0.608000 -0.036997
-0.000000 0.608000 -0.036945
0.000000 0.607000 -0.036859
0.150000 0.607000 -0.036876
0.300000 0.607000 -0.036945
0.450000 0.607000 -0.036842
0.600000 0.607000 -0.036859
0.750000 0.607000 -0.036842
0.900000 0.607000 -0.036842
1.050000 0.607000 -0.036825
1.200000 0.607000 -0.036911
1.350000 0.607000 -0.036842
1.500000 0.607000 -0.036859
1.650000 0.607000 -0.036791
1.800000 0.607000 -0.036773
1.950000 0.607000 -0.036911
2.100000 0.607000 -0.036756
2.250000 0.607000 -0.036859
2.400000 0.607000 -0.036739
2.550000 0.607000 -0.036842
2.700000 0.607000 -0.036722
2.850000 0.607000 -0.036842
3.000000 0.607000 -0.036688
3.150000 0.607000 -0.036791
3.300000 0.607000 -0.036670
3.450000 0.607000 -0.036670
3.600000 0.607000 -0.036653
3.750000 0.607000 -0.036636
3.900000 0.607000 -0.036739
4.050000 0.607000 -0.036619
4.200000 0.607000 -0.036688
4.350000 0.607000 -0.036602
4.500000 0.607000 -0.036636
4.650000 0.607000 -0.036584
4.800000 0.607000 -0.036550
4.950000 0.607000 -0.036550
5.100000 0.607000 -0.036533
5.250000 0.607000 -0.036619
5.400000 0.607000 -0.036516
5.550000 0.607000 -0.036516
5.700000 0.607000 -0.036481
5.850000 0.606000 -0.036464
6.000000 0.607000 -0.036447
6.150000 0.606000 -0.036447
6.300000 0.606000 -0.036516
6.450000 0.606000 -0.036413
6.600000 0.607000 -0.036396
6.750000 0.607000 -0.036378
6.900000 0.606000 -0.036361
7.050000 0.606000 -0.036396
7.200000 0.606000 -0.036327
7.350000 0.606000 -0.036344
7.500000 0.606000 -0.036293
7.650000 0.606000 -0.036293
7.800000 0.606000 -0.036258
7.950000 0.606000 -0.036241
8.100000 0.606000 -0.036344
8.250000 0.606000 -0.036207
8.400000 0.606000 -0.036275
8.550000 0.606000 -0.036207
8.700000 0.606000 -0.036155
8.850000 0.606000 -0.036138
9.000000 0.606000 -0.036104
9.150000 0.606000 -0.036104
9.300000 0.606000 -0.036069
9.450000 0.606000 -0.036069
9.600000 0.606000 -0.036035
9.750000 0.606000 -0.036018
9.900000 0.606000 -0.036001
10.050000 0.606000 -0.035984
10.200000 0.606000 -0.035966
10.350000 0.606000 -0.035932
10.500000 0.606000 -0.035915
10.650000 0.606000 -0.035898
10.800000 0.606000 -0.035863
10.950000 0.606000 -0.035829
11.100000 0.606000 -0.035812
11.250000 0.606000 -0.035778
11.400000 0.606000 -0.035760
11.550000 0.606000 -0.035743
11.700000 0.606000 -0.035709
11.850000 0.606000 -0.035726
12.000000 0.606000 -0.035657
12.150000 0.606000 -0.035623
12.300000 0.606000 -0.035606
12.450000 0.606000 -0.035554
12.600000 0.606000 -0.035537
12.750000 0.606000 -0.035503
12.900000 0.606000 -0.035503
13.050000 0.606000 -0.035451
13.200000 0.606000 -0.035434
13.350000 0.606000 -0.035400
13.500000 0.606000 -0.035365
13.650000 0.606000 -0.035383
13.800000 0.606000 -0.035314
13.950000 0.606000 -0.035262
14.100000 0.606000 -0.035245
14.250000 0.606000 -0.035211
14.400000 0.606000 -0.035228
14.550000 0.606000 -0.035125
14.700000 0.606000 -0.035125
14.850000 0.606000 -0.035056
15.000000 0.606000 -0.035039
15.150000 0.605000 -0.034988
15.300000 0.605000 -0.034953
15.450000 0.605000 -0.034919
15.600000 0.605000 -0.034868
15.750000 0.605000 -0.034868
15.900000 0.606000 -0.034799
16.050000 0.606000 -0.034782
16.200000 0.606000 -0.034730
16.350000 0.606000 -0.034679
16.500000 0.606000 -0.034644
16.650000 0.606000 -0.034593
16.800000 0.606000 -0.034558
16.950000 0.606000 -0.034507
17.100000 0.606000 -0.034455
17.250000 0.606000 -0.034421
17.400000 0.606000 -0.034370
17.550000 0.606000 -0.034318
17.700000 0.606000 -0.034267
17.850000 0.606000 -0.034232
18.000000 0.606000 -0.034198
18.150000 0.606000 -0.034129
18.300000 0.606000 -0.034078
18.450000 0.606000 -0.034026
18.600000 0.606000 -0.033975
18.750000 0.606000 -0.033940
18.900000 0.606000 -0.033872
19.050000 0.606000 -0.033837
19.200000 0.606000 -0.033769
19.350000 0.606000 -0.033734
19.500000 0.606000 -0.033648
19.650000 0.606000 -0.033597
19.800000 0.606000 -0.033545
19.950000 0.606000 -0.033477
20.100000 0.606000 -0.033425
20.250000 0.606000 -0.033357
20.400000 0.606000 -0.033322
20.550000 0.606000 -0.033236
20.700000 0.606000 -0.033185
20.850000 0.606000 -0.033116
21.000000 0.606000 -0.033047
21.150000 0.606000 -0.032979
21.300000 0.606000 -0.032910
21.450000 0.606000 -0.032859
21.600000 0.606000 -0.032773
21.750000 0.606000 -0.032704
21.900000 0.606000 -0.032635
22.050000 0.606000 -0.032584
22.200000 0.606000 -0.032498
22.350000 0.606000 -0.032429
22.500000 0.606000 -0.032344
22.650000 0.606000 -0.032275
22.800000 0.606000 -0.032189
22.950000 0.606000 -0.032120
23.100000 0.606000 -0.032034
23.250000 0.606000 -0.031949
23.400000 0.606000 -0.031880
23.550000 0.606000 -0.031794
23.700000 0.606000 -0.031708
23.850000 0.606000 -0.031622
24.000000 0.606000 -0.031554
24.150000 0.606000 -0.031468
24.300000 0.606000 -0.031365
24.450000 0.606000 -0.031279
24.600000 0.606000 -0.031193
24.750000 0.606000 -0.031107
24.900000 0.606000 -0.031004
25.050000 0.606000 -0.030918
25.200000 0.606000 -0.030815
25.350000 0.607000 -0.030730
25.500000 0.606000 -0.030627
25.650000 0.606000 -0.030523
25.800000 0.606000 -0.030438
25.950000 0.606000 -0.030317
26.100000 0.606000 -0.030214
26.250000 0.606000 -0.030111
26.400000 0.606000 -0.030008
26.550000 0.606000 -0.029888
26.700000 0.606000 -0.029768
26.850000 0.607000 -0.029665
27.000000 0.606000 -0.029545
27.150000 0.607000 -0.029425
27.300000 0.606000 -0.029304
27.450000 0.606000 -0.029184
27.600000 0.606000 -0.029064
27.750000 0.606000 -0.028927
27.900000 0.606000 -0.028806
28.050000 0.607000 -0.028669
28.200000 0.606000 -0.028549
28.350000 0.607000 -0.028412
28.500000 0.607000 -0.028240
28.650000 0.607000 -0.028137
28.800000 0.607000 -0.028000
28.950000 0.607000 -0.027862
29.100000 0.607000 -0.027725
29.250000 0.607000 -0.027570
29.400000 0.607000 -0.027399
29.550000 0.607000 -0.027244
29.700000 0.607000 -0.027089
29.850000 0.607000 -0.026935
30.000000 0.607000 -0.026780
30.150000 0.607000 -0.026798
30.300000 0.607000 -0.026660
30.450000 0.607000 -0.026489
30.600000 0.607000 -0.026300
30.750000 0.607000 -0.026214
30.900000 0.607000 -0.025939
31.050000 0.607000 -0.025767
31.200000 0.607000 -0.025630
31.350000 0.607000 -0.025441
31.500000 0.607000 -0.025184
31.650000 0.607000 -0.025029
31.800000 0.607000 -0.024875
31.950000 0.607000 -0.024686
32.100000 0.607000 -0.024377
32.250000 0.607000 -0.024256
32.400000 0.607000 -0.023947
32.550000 0.607000 -0.023793
32.700000 0.607000 -0.023484
32.850000 0.607000 -0.023346
33.000000 0.607000 -0.023037
33.150000 0.607000 -0.022797
33.300000 0.607000 -0.022574
33.450000 0.607000 -0.022299
33.600000 0.607000 -0.022042
33.750000 0.607000 -0.021784
33.900000 0.607000 -0.021578
34.050000 0.607000 -0.021252
34.200000 0.607000 -0.021046
34.350000 0.607000 -0.020668
34.500000 0.607000 -0.020393
34.650000 0.607000 -0.020118
34.800000 0.607000 -0.019809
34.950000 0.607000 -0.019500
35.100000 0.607000 -0.019174
35.250000 0.607000 -0.018951
35.400000 0.607000 -0.018539
35.550000 0.607000 -0.018213
35.700000 0.607000 -0.017852
35.850000 0.607000 -0.017526
36.000000 0.607000 -0.017251
36.150000 0.607000 -0.016805
36.300000 0.607000 -0.016393
36.450000 0.607000 -0.016015
36.600000 0.607000 -0.015706
36.750000 0.607000 -0.015225
36.900000 0.607000 -0.014864
37.050000 0.607000 -0.014401
37.200000 0.607000 -0.013989
37.350000 0.606000 -0.013542
37.500000 0.606000 -0.013130
37.650000 0.606000 -0.012632
37.800000 0.606000 -0.012186
37.950000 0.606000 -0.011774
38.100000 0.606000 -0.011242
38.250000 0.606000 -0.010761
38.400000 0.606000 -0.010246
38.550000 0.606000 -0.009748
38.700000 0.606000 -0.009233
38.850000 0.606000 -0.008752
39.000000 0.606000 -0.008202
39.150000 0.606000 -0.007670
39.300000 0.606000 -0.007121
39.450000 0.606000 -0.006554
39.600000 0.606000 -0.005970
39.750000 0.606000 -0.005387
39.900000 0.606000 -0.004768
40.050000 0.606000 -0.004168
40.200000 0.606000 -0.003584
40.350000 0.606000 -0.002966
40.500000 0.606000 -0.002348
40.650000 0.606000 -0.001695
40.800000 0.606000 -0.001077
40.950000 0.606000 -0.000390
41.100000 0.606000 0.000262
41.250000 0.606000 0.000915
41.400000 0.606000 0.001636
41.550000 0.606000 0.002340
41.700000 0.606000 0.003078
41.850000 0.606000 0.003817
42.000000 0.606000 0.004520
42.150000 0.606000 0.005242
42.300000 0.606000 0.005997
42.450000 0.606000 0.006735
42.600000 0.606000 0.007508
42.750000 0.606000 0.008281
42.900000 0.606000 0.009053
43.050000 0.606000 0.009843
43.200000 0.606000 0.010685
43.350000 0.606000 0.011509
43.500000 0.606000 0.012350
43.650000 0.606000 0.013157
43.800000 0.606000 0.013998
43.950000 0.606000 0.014857
44.100000 0.606000 0.015750
44.250000 0.606000 0.016608
44.400000 0.606000 0.017518
44.550000 0.606000 0.018360
44.700000 0.606000 0.019321
44.850000 0.606000 0.020231
45.000000 0.606000 0.021141
45.150000 0.606000 0.022120
45.300000 0.606000 0.023030
45.450000 0.605000 0.023957
45.600000 0.606000 0.024953
45.750000 0.605000 0.025880
45.900000 0.606000 0.026824
46.050000 0.606000 0.027700
46.200000 0.606000 0.028696
46.350000 0.606000 0.029743
46.500000 0.606000 0.030756
46.650000 0.606000 0.031735
46.800000 0.606000 0.032748
46.950000 0.606000 0.033744
47.100000 0.606000 0.034705
47.250000 0.607000 0.035787
47.400000 0.606000 0.036749
47.550000 0.607000 0.037882
47.700000 0.606000 0.038929
47.850000 0.607000 0.040062
48.000000 0.607000 0.041093
48.150000 0.606000 0.042191
48.300000 0.607000 0.043239
48.450000 0.606000 0.044321
48.600000 0.606000 0.045522
48.750000 0.606000 0.046638
48.900000 0.606000 0.047789
49.050000 0.606000 0.048922
49.200000 0.606000 0.050004
49.350000 0.606000 0.051274
49.500000 0.607000 0.052339
49.650000 0.606000 0.053575
49.800000 0.607000 0.054777
49.950000 0.607000 0.055910
50.100000 0.607000 0.057078
50.250000 0.606000 0.058228
50.400000 0.607000 0.059464
50.550000 0.607000 0.060666
50.700000 0.607000 0.061920
50.850000 0.607000 0.063139
51.000000 0.607000 0.064461
51.150000 0.607000 0.065663
51.300000 0.607000 0.066882
51.450000 0.606000 0.068273
51.600000 0.606000 0.069492
51.750000 0.607000 0.070780
51.900000 0.607000 0.072050
52.050000 0.606000 0.073269
52.200000 0.606000 0.074540
52.350000 0.606000 0.075776
52.500000 0.606000 0.077150
52.650000 0.606000 0.078472
52.800000 0.606000 0.079880
52.950000 0.606000 0.081167
53.100000 0.606000 0.082610
53.250000 0.606000 0.083915
53.400000 0.606000 0.085254
53.550000 0.606000 0.086576
53.700000 0.606000 0.087864
53.850000 0.606000 0.089340
54.000000 0.606000 0.090628
54.150000 0.606000 0.092002
54.300000 0.606000 0.093375
54.450000 0.606000 0.094869
54.600000 0.606000 0.096191
54.750000 0.606000 0.097599
54.900000 0.606000 0.098990
55.050000 0.605000 0.100415
55.200000 0.605000 0.101840
55.350000 0.606000 0.103248
55.500000 0.606000 0.104553
55.650000 0.605000 0.105944
55.800000 0.605000 0.107369
55.950000 0.605000 0.108777
56.100000 0.605000 0.110219
56.250000 0.605000 0.111610
56.400000 0.605000 0.113001
56.550000 0.605000 0.114460
56.700000 0.605000 0.115851
56.850000 0.605000 0.117293
57.000000 0.605000 0.118649
57.150000 0.605000 0.120057
57.300000 0.605000 0.121397
57.450000 0.605000 0.122839
57.600000 0.605000 0.124213
57.750000 0.605000 0.125552
57.900000 0.605000 0.127080
58.050000 0.605000 0.128522
58.200000 0.605000 0.129913
58.350000 0.605000 0.131287
58.500000 0.605000 0.132798
58.650000 0.605000 0.134085
58.800000 0.605000 0.135545
58.950000 0.605000 0.136867
59.100000 0.605000 0.138223
59.250000 0.605000 0.139580
59.400000 0.605000 0.141056
59.550000 0.605000 0.142567
59.700000 0.605000 0.143907
59.850000 0.605000 0.145383
