Spannung(in V) Druck(in mbar) Strom (in mA)
-8.850000 0.601000 -0.037374
-8.700000 0.601000 -0.037357
-8.550000 0.602000 -0.037374
-8.400000 0.602000 -0.037323
-8.250000 0.602000 -0.037306
-8.100000 0.602000 -0.037288
-7.950000 0.602000 -0.037288
-7.800000 0.602000 -0.037288
-7.650000 0.602000 -0.037254
-7.500000 0.602000 -0.037237
-7.350000 0.602000 -0.037220
-7.200000 0.602000 -0.037220
-7.050000 0.602000 -0.037220
-6.900000 0.602000 -0.037237
-6.750000 0.602000 -0.037203
-6.600000 0.602000 -0.037185
-6.450000 0.602000 -0.037185
-6.300000 0.602000 -0.037185
-6.150000 0.602000 -0.037185
-6.000000 0.602000 -0.037168
-5.850000 0.602000 -0.037151
-5.700000 0.602000 -0.037151
-5.550000 0.602000 -0.037151
-5.400000 0.602000 -0.037203
-5.250000 0.602000 -0.037134
-5.100000 0.602000 -0.037151
-4.950000 0.602000 -0.037134
-4.800000 0.602000 -0.037220
-4.650000 0.603000 -0.037117
-4.500000 0.603000 -0.037100
-4.350000 0.603000 -0.037100
-4.200000 0.603000 -0.037100
-4.050000 0.603000 -0.037203
-3.900000 0.603000 -0.037082
-3.750000 0.603000 -0.037168
-3.600000 0.603000 -0.037065
-3.450000 0.603000 -0.037065
-3.300000 0.603000 -0.037065
-3.150000 0.603000 -0.037048
-3.000000 0.603000 -0.037065
-2.850000 0.603000 -0.037117
-2.700000 0.603000 -0.037065
-2.550000 0.603000 -0.037065
-2.400000 0.603000 -0.037031
-2.250000 0.603000 -0.037134
-2.100000 0.603000 -0.037014
-1.950000 0.603000 -0.037014
-1.800000 0.603000 -0.037031
-1.650000 0.603000 -0.037014
-1.500000 0.602000 -0.037100
-1.350000 0.603000 -0.036997
-1.200000 0.603000 -0.037082
-1.050000 0.602000 -0.037048
-0.900000 0.602000 -0.036979
-0.750000 0.603000 -0.037082
-0.600000 0.603000 -0.037014
-0.450000 0.603000 -0.036962
-0.300000 0.603000 -0.037048
-0.150000 0.603000 -0.037065
-0.000000 0.603000 -0.037082
0.000000 0.603000 -0.036945
0.150000 0.603000 -0.036945
0.300000 0.603000 -0.037014
0.450000 0.603000 -0.036962
0.600000 0.603000 -0.036962
0.750000 0.603000 -0.036962
0.900000 0.603000 -0.036928
1.050000 0.603000 -0.036928
1.200000 0.602000 -0.036911
1.350000 0.603000 -0.037014
1.500000 0.603000 -0.036911
1.650000 0.603000 -0.036894
1.800000 0.603000 -0.036876
1.950000 0.602000 -0.036876
2.100000 0.602000 -0.036928
2.250000 0.602000 -0.036876
2.400000 0.602000 -0.036911
2.550000 0.603000 -0.036979
2.700000 0.603000 -0.036859
2.850000 0.603000 -0.036842
3.000000 0.603000 -0.036825
3.150000 0.603000 -0.036911
3.300000 0.603000 -0.036825
3.450000 0.603000 -0.036825
3.600000 0.603000 -0.036808
3.750000 0.603000 -0.036928
3.900000 0.603000 -0.036791
4.050000 0.603000 -0.036791
4.200000 0.603000 -0.036808
4.350000 0.603000 -0.036773
4.500000 0.603000 -0.036876
4.650000 0.603000 -0.036756
4.800000 0.603000 -0.036825
4.950000 0.603000 -0.036739
5.100000 0.603000 -0.036722
5.250000 0.603000 -0.036756
5.400000 0.603000 -0.036705
5.550000 0.603000 -0.036791
5.700000 0.603000 -0.036705
5.850000 0.603000 -0.036722
6.000000 0.603000 -0.036688
6.150000 0.603000 -0.036688
6.300000 0.603000 -0.036653
6.450000 0.603000 -0.036653
6.600000 0.603000 -0.036636
6.750000 0.603000 -0.036636
6.900000 0.603000 -0.036688
7.050000 0.603000 -0.036619
7.200000 0.603000 -0.036584
7.350000 0.603000 -0.036584
7.500000 0.603000 -0.036584
7.650000 0.603000 -0.036636
7.800000 0.603000 -0.036567
7.950000 0.603000 -0.036619
8.100000 0.603000 -0.036533
8.250000 0.603000 -0.036636
8.400000 0.603000 -0.036516
8.550000 0.603000 -0.036499
8.700000 0.603000 -0.036481
8.850000 0.603000 -0.036567
9.000000 0.603000 -0.036464
9.150000 0.603000 -0.036447
9.300000 0.603000 -0.036533
9.450000 0.603000 -0.036413
9.600000 0.603000 -0.036430
9.750000 0.603000 -0.036396
9.900000 0.603000 -0.036396
10.050000 0.603000 -0.036361
10.200000 0.603000 -0.036361
10.350000 0.603000 -0.036344
10.500000 0.603000 -0.036327
10.650000 0.603000 -0.036310
10.800000 0.603000 -0.036293
10.950000 0.603000 -0.036361
11.100000 0.603000 -0.036275
11.250000 0.603000 -0.036258
11.400000 0.603000 -0.036224
11.550000 0.603000 -0.036207
11.700000 0.603000 -0.036241
11.850000 0.603000 -0.036172
12.000000 0.603000 -0.036172
12.150000 0.603000 -0.036138
12.300000 0.603000 -0.036121
12.450000 0.603000 -0.036172
12.600000 0.603000 -0.036104
12.750000 0.603000 -0.036155
12.900000 0.603000 -0.036052
13.050000 0.603000 -0.036035
13.200000 0.603000 -0.036018
13.350000 0.603000 -0.036052
13.500000 0.603000 -0.035984
13.650000 0.603000 -0.035966
13.800000 0.603000 -0.035932
13.950000 0.603000 -0.035898
14.100000 0.603000 -0.035966
14.250000 0.603000 -0.035863
14.400000 0.603000 -0.035846
14.550000 0.603000 -0.035829
14.700000 0.603000 -0.035812
14.850000 0.603000 -0.035795
15.000000 0.603000 -0.035760
15.150000 0.603000 -0.035726
15.300000 0.603000 -0.035709
15.450000 0.603000 -0.035709
15.600000 0.603000 -0.035657
15.750000 0.603000 -0.035640
15.900000 0.603000 -0.035606
16.050000 0.603000 -0.035589
16.200000 0.603000 -0.035554
16.350000 0.603000 -0.035537
16.500000 0.603000 -0.035520
16.650000 0.603000 -0.035486
16.800000 0.603000 -0.035451
16.950000 0.603000 -0.035434
17.100000 0.603000 -0.035417
17.250000 0.603000 -0.035383
17.400000 0.603000 -0.035348
17.550000 0.603000 -0.035331
17.700000 0.603000 -0.035297
17.850000 0.603000 -0.035262
18.000000 0.603000 -0.035245
18.150000 0.603000 -0.035245
18.300000 0.603000 -0.035177
18.450000 0.603000 -0.035142
18.600000 0.603000 -0.035125
18.750000 0.603000 -0.035091
18.900000 0.603000 -0.035056
19.050000 0.603000 -0.035005
19.200000 0.603000 -0.034988
19.350000 0.603000 -0.034953
19.500000 0.603000 -0.034902
19.650000 0.603000 -0.034885
19.800000 0.603000 -0.034850
19.950000 0.603000 -0.034816
20.100000 0.603000 -0.034764
20.250000 0.604000 -0.034730
20.400000 0.603000 -0.034713
20.550000 0.604000 -0.034661
20.700000 0.604000 -0.034644
20.850000 0.603000 -0.034593
21.000000 0.604000 -0.034558
21.150000 0.604000 -0.034507
21.300000 0.604000 -0.034473
21.450000 0.604000 -0.034438
21.600000 0.604000 -0.034387
21.750000 0.604000 -0.034352
21.900000 0.604000 -0.034284
22.050000 0.604000 -0.034267
22.200000 0.604000 -0.034232
22.350000 0.604000 -0.034181
22.500000 0.604000 -0.034129
22.650000 0.604000 -0.034095
22.800000 0.604000 -0.034043
22.950000 0.603000 -0.033992
23.100000 0.604000 -0.033940
23.250000 0.603000 -0.033889
23.400000 0.604000 -0.033854
23.550000 0.603000 -0.033803
23.700000 0.604000 -0.033769
23.850000 0.604000 -0.033700
24.000000 0.604000 -0.033648
24.150000 0.604000 -0.033614
24.300000 0.604000 -0.033563
24.450000 0.604000 -0.033494
24.600000 0.604000 -0.033442
24.750000 0.603000 -0.033391
24.900000 0.604000 -0.033339
25.050000 0.604000 -0.033288
25.200000 0.604000 -0.033236
25.350000 0.604000 -0.033168
25.500000 0.604000 -0.033116
25.650000 0.604000 -0.033065
25.800000 0.604000 -0.032996
25.950000 0.604000 -0.032944
26.100000 0.604000 -0.032893
26.250000 0.604000 -0.032824
26.400000 0.604000 -0.032756
26.550000 0.604000 -0.032687
26.700000 0.604000 -0.032635
26.850000 0.604000 -0.032550
27.000000 0.604000 -0.032481
27.150000 0.604000 -0.032412
27.300000 0.604000 -0.032361
27.450000 0.604000 -0.032292
27.600000 0.604000 -0.032223
27.750000 0.604000 -0.032155
27.900000 0.604000 -0.032086
28.050000 0.604000 -0.032017
28.200000 0.604000 -0.031931
28.350000 0.604000 -0.031863
28.500000 0.604000 -0.031794
28.650000 0.604000 -0.031725
28.800000 0.604000 -0.031640
28.950000 0.604000 -0.031571
29.100000 0.604000 -0.031485
29.250000 0.604000 -0.031399
29.400000 0.604000 -0.031330
29.550000 0.604000 -0.031245
29.700000 0.604000 -0.031159
29.850000 0.604000 -0.031056
30.000000 0.604000 -0.030987
30.150000 0.604000 -0.031004
30.300000 0.604000 -0.030953
30.450000 0.604000 -0.030850
30.600000 0.604000 -0.030815
30.750000 0.604000 -0.030678
30.900000 0.604000 -0.030644
31.050000 0.604000 -0.030575
31.200000 0.604000 -0.030386
31.350000 0.604000 -0.030369
31.500000 0.604000 -0.030180
31.650000 0.604000 -0.030094
31.800000 0.604000 -0.030026
31.950000 0.604000 -0.029871
32.100000 0.604000 -0.029785
32.250000 0.604000 -0.029682
32.400000 0.604000 -0.029579
32.550000 0.603000 -0.029476
32.700000 0.603000 -0.029425
32.850000 0.603000 -0.029253
33.000000 0.603000 -0.029270
33.150000 0.603000 -0.029081
33.300000 0.603000 -0.028910
33.450000 0.603000 -0.028806
33.600000 0.603000 -0.028721
33.750000 0.603000 -0.028669
33.900000 0.603000 -0.028429
34.050000 0.603000 -0.028309
34.200000 0.603000 -0.028206
34.350000 0.603000 -0.028068
34.500000 0.603000 -0.027948
34.650000 0.603000 -0.027811
34.800000 0.603000 -0.027690
34.950000 0.603000 -0.027553
35.100000 0.603000 -0.027519
35.250000 0.603000 -0.027278
35.400000 0.603000 -0.027158
35.550000 0.603000 -0.027004
35.700000 0.603000 -0.026866
35.850000 0.603000 -0.026712
36.000000 0.603000 -0.026574
36.150000 0.603000 -0.026506
36.300000 0.603000 -0.026300
36.450000 0.603000 -0.026179
36.600000 0.603000 -0.025973
36.750000 0.603000 -0.025888
36.900000 0.603000 -0.025647
37.050000 0.603000 -0.025476
37.200000 0.603000 -0.025321
37.350000 0.603000 -0.025149
37.500000 0.603000 -0.024978
37.650000 0.603000 -0.024806
37.800000 0.603000 -0.024634
37.950000 0.603000 -0.024428
38.100000 0.603000 -0.024256
38.250000 0.603000 -0.024085
38.400000 0.603000 -0.023879
38.550000 0.603000 -0.023776
38.700000 0.603000 -0.023501
38.850000 0.603000 -0.023364
39.000000 0.603000 -0.023055
39.150000 0.603000 -0.022866
39.300000 0.603000 -0.022660
39.450000 0.603000 -0.022436
39.600000 0.603000 -0.022299
39.750000 0.603000 -0.021973
39.900000 0.603000 -0.021818
40.050000 0.603000 -0.021509
40.200000 0.603000 -0.021286
40.350000 0.603000 -0.021046
40.500000 0.603000 -0.020805
40.650000 0.603000 -0.020582
40.800000 0.603000 -0.020273
40.950000 0.603000 -0.019998
41.100000 0.603000 -0.019724
41.250000 0.603000 -0.019432
41.400000 0.603000 -0.019140
41.550000 0.603000 -0.018899
41.700000 0.603000 -0.018556
41.850000 0.604000 -0.018264
42.000000 0.604000 -0.017955
42.150000 0.604000 -0.017646
42.300000 0.604000 -0.017337
42.450000 0.604000 -0.016994
42.600000 0.604000 -0.016667
42.750000 0.604000 -0.016324
42.900000 0.604000 -0.015980
43.050000 0.604000 -0.015603
43.200000 0.604000 -0.015242
43.350000 0.604000 -0.014899
43.500000 0.604000 -0.014504
43.650000 0.604000 -0.014075
43.800000 0.604000 -0.013663
43.950000 0.604000 -0.013285
44.100000 0.603000 -0.012856
44.250000 0.603000 -0.012392
44.400000 0.603000 -0.011946
44.550000 0.603000 -0.011499
44.700000 0.603000 -0.011036
44.850000 0.603000 -0.010572
45.000000 0.603000 -0.010108
45.150000 0.603000 -0.009610
45.300000 0.603000 -0.009078
45.450000 0.603000 -0.008580
45.600000 0.603000 -0.008031
45.750000 0.602000 -0.007499
45.900000 0.602000 -0.006949
46.050000 0.602000 -0.006365
46.200000 0.602000 -0.005713
46.350000 0.602000 -0.005163
46.500000 0.602000 -0.004648
46.650000 0.602000 -0.004065
46.800000 0.602000 -0.003429
46.950000 0.602000 -0.002863
47.100000 0.602000 -0.002210
47.250000 0.602000 -0.001558
47.400000 0.602000 -0.000888
47.550000 0.602000 -0.000236
47.700000 0.602000 0.000451
47.850000 0.602000 0.001086
48.000000 0.602000 0.001773
48.150000 0.602000 0.002426
48.300000 0.602000 0.003113
48.450000 0.602000 0.003817
48.600000 0.602000 0.004555
48.750000 0.602000 0.005259
48.900000 0.602000 0.006014
49.050000 0.602000 0.006787
49.200000 0.602000 0.007525
49.350000 0.602000 0.008246
49.500000 0.602000 0.009036
49.650000 0.602000 0.009775
49.800000 0.602000 0.010702
49.950000 0.602000 0.011526
50.100000 0.602000 0.012316
50.250000 0.602000 0.013054
50.400000 0.602000 0.013912
50.550000 0.602000 0.014754
50.700000 0.602000 0.015561
50.850000 0.602000 0.016385
51.000000 0.602000 0.017226
51.150000 0.602000 0.018068
51.300000 0.602000 0.018995
51.450000 0.602000 0.019888
51.600000 0.602000 0.020780
51.750000 0.602000 0.021708
51.900000 0.602000 0.022566
52.050000 0.602000 0.023562
52.200000 0.602000 0.024489
52.350000 0.602000 0.025468
52.500000 0.602000 0.026412
52.650000 0.602000 0.027425
52.800000 0.602000 0.028352
52.950000 0.602000 0.029383
53.100000 0.602000 0.030413
53.250000 0.602000 0.031374
53.400000 0.602000 0.032422
53.550000 0.602000 0.033366
53.700000 0.602000 0.034413
53.850000 0.602000 0.035392
54.000000 0.602000 0.036440
54.150000 0.602000 0.037453
54.300000 0.602000 0.038500
54.450000 0.603000 0.039496
54.600000 0.603000 0.040560
54.750000 0.603000 0.041676
54.900000 0.603000 0.042655
55.050000 0.603000 0.043754
55.200000 0.602000 0.044870
55.350000 0.602000 0.045986
55.500000 0.602000 0.047154
55.650000 0.602000 0.048218
55.800000 0.602000 0.049351
55.950000 0.603000 0.050588
56.100000 0.602000 0.051807
56.250000 0.602000 0.052906
56.400000 0.602000 0.054056
56.550000 0.602000 0.055258
56.700000 0.602000 0.056563
56.850000 0.602000 0.057679
57.000000 0.602000 0.058692
57.150000 0.602000 0.059997
57.300000 0.602000 0.061164
57.450000 0.602000 0.062366
57.600000 0.602000 0.063654
57.750000 0.602000 0.064890
57.900000 0.602000 0.066023
58.050000 0.602000 0.067260
58.200000 0.602000 0.068650
58.350000 0.602000 0.069887
58.500000 0.602000 0.071209
58.650000 0.602000 0.072462
58.800000 0.602000 0.073784
58.950000 0.602000 0.074952
59.100000 0.602000 0.076222
59.250000 0.602000 0.077476
59.400000 0.602000 0.078729
59.550000 0.602000 0.080068
59.700000 0.602000 0.081373
59.850000 0.602000 0.082678
