Spannung(in V) Druck(in mbar) Strom (in mA)
-8.850000 0.613000 -0.036791
-8.700000 0.613000 -0.036791
-8.550000 0.613000 -0.036808
-8.400000 0.613000 -0.036791
-8.250000 0.613000 -0.036791
-8.100000 0.613000 -0.036791
-7.950000 0.613000 -0.036791
-7.800000 0.613000 -0.036791
-7.650000 0.613000 -0.036842
-7.500000 0.613000 -0.036773
-7.350000 0.613000 -0.036894
-7.200000 0.613000 -0.036791
-7.050000 0.613000 -0.036791
-6.900000 0.613000 -0.036773
-6.750000 0.613000 -0.036773
-6.600000 0.613000 -0.036859
-6.450000 0.613000 -0.036773
-6.300000 0.613000 -0.036773
-6.150000 0.613000 -0.036773
-6.000000 0.613000 -0.036773
-5.850000 0.613000 -0.036773
-5.700000 0.613000 -0.036773
-5.550000 0.613000 -0.036859
-5.400000 0.613000 -0.036773
-5.250000 0.613000 -0.036756
-5.100000 0.613000 -0.036756
-4.950000 0.613000 -0.036756
-4.800000 0.612000 -0.036825
-4.650000 0.612000 -0.036756
-4.500000 0.612000 -0.036773
-4.350000 0.612000 -0.036739
-4.200000 0.612000 -0.036739
-4.050000 0.612000 -0.036791
-3.900000 0.612000 -0.036739
-3.750000 0.612000 -0.036842
-3.600000 0.612000 -0.036739
-3.450000 0.612000 -0.036739
-3.300000 0.612000 -0.036773
-3.150000 0.612000 -0.036739
-3.000000 0.612000 -0.036808
-2.850000 0.612000 -0.036722
-2.700000 0.611000 -0.036773
-2.550000 0.611000 -0.036722
-2.400000 0.611000 -0.036722
-2.250000 0.611000 -0.036722
-2.100000 0.611000 -0.036722
-1.950000 0.611000 -0.036739
-1.800000 0.611000 -0.036859
-1.650000 0.611000 -0.036756
-1.500000 0.611000 -0.036808
-1.350000 0.611000 -0.036705
-1.200000 0.611000 -0.036567
-1.050000 0.612000 -0.036705
-0.900000 0.612000 -0.036808
-0.750000 0.612000 -0.036688
-0.600000 0.612000 -0.036688
-0.450000 0.612000 -0.036825
-0.300000 0.612000 -0.036688
-0.150000 0.612000 -0.036808
-0.000000 0.612000 -0.036791
0.000000 0.612000 -0.036670
0.150000 0.612000 -0.036670
0.300000 0.612000 -0.036670
0.450000 0.612000 -0.036773
0.600000 0.612000 -0.036705
0.750000 0.613000 -0.036739
0.900000 0.612000 -0.036653
1.050000 0.613000 -0.036756
1.200000 0.612000 -0.036756
1.350000 0.613000 -0.036722
1.500000 0.612000 -0.036653
1.650000 0.613000 -0.036739
1.800000 0.613000 -0.036636
1.950000 0.613000 -0.036636
2.100000 0.613000 -0.036670
2.250000 0.613000 -0.036739
2.400000 0.613000 -0.036619
2.550000 0.612000 -0.036619
2.700000 0.612000 -0.036722
2.850000 0.612000 -0.036602
3.000000 0.612000 -0.036602
3.150000 0.612000 -0.036670
3.300000 0.612000 -0.036602
3.450000 0.612000 -0.036602
3.600000 0.612000 -0.036584
3.750000 0.612000 -0.036567
3.900000 0.612000 -0.036653
4.050000 0.612000 -0.036567
4.200000 0.612000 -0.036670
4.350000 0.612000 -0.036550
4.500000 0.612000 -0.036670
4.650000 0.612000 -0.036584
4.800000 0.612000 -0.036533
4.950000 0.612000 -0.036602
5.100000 0.612000 -0.036516
5.250000 0.612000 -0.036619
5.400000 0.612000 -0.036516
5.550000 0.612000 -0.036602
5.700000 0.612000 -0.036499
5.850000 0.612000 -0.036499
6.000000 0.612000 -0.036499
6.150000 0.612000 -0.036481
6.300000 0.612000 -0.036567
6.450000 0.612000 -0.036481
6.600000 0.612000 -0.036464
6.750000 0.612000 -0.036464
6.900000 0.612000 -0.036447
7.050000 0.611000 -0.036447
7.200000 0.611000 -0.036430
7.350000 0.611000 -0.036430
7.500000 0.611000 -0.036413
7.650000 0.611000 -0.036533
7.800000 0.611000 -0.036413
7.950000 0.611000 -0.036464
8.100000 0.611000 -0.036378
8.250000 0.611000 -0.036378
8.400000 0.611000 -0.036378
8.550000 0.611000 -0.036361
8.700000 0.611000 -0.036344
8.850000 0.611000 -0.036344
9.000000 0.611000 -0.036344
9.150000 0.611000 -0.036327
9.300000 0.611000 -0.036310
9.450000 0.611000 -0.036293
9.600000 0.611000 -0.036293
9.750000 0.611000 -0.036293
9.900000 0.611000 -0.036258
10.050000 0.610000 -0.036293
10.200000 0.611000 -0.036241
10.350000 0.611000 -0.036241
10.500000 0.611000 -0.036224
10.650000 0.611000 -0.036207
10.800000 0.611000 -0.036258
10.950000 0.611000 -0.036207
11.100000 0.611000 -0.036241
11.250000 0.611000 -0.036172
11.400000 0.611000 -0.036155
11.550000 0.611000 -0.036138
11.700000 0.610000 -0.036121
11.850000 0.611000 -0.036121
12.000000 0.611000 -0.036104
12.150000 0.611000 -0.036104
12.300000 0.611000 -0.036069
12.450000 0.611000 -0.036104
12.600000 0.611000 -0.036052
12.750000 0.611000 -0.036018
12.900000 0.611000 -0.036018
13.050000 0.611000 -0.036001
13.200000 0.610000 -0.036069
13.350000 0.610000 -0.035966
13.500000 0.610000 -0.035949
13.650000 0.610000 -0.035949
13.800000 0.610000 -0.035932
13.950000 0.610000 -0.035898
14.100000 0.610000 -0.035898
14.250000 0.610000 -0.035881
14.400000 0.610000 -0.035846
14.550000 0.610000 -0.035829
14.700000 0.610000 -0.035812
14.850000 0.610000 -0.035812
15.000000 0.610000 -0.035778
15.150000 0.610000 -0.035743
15.300000 0.610000 -0.035743
15.450000 0.610000 -0.035726
15.600000 0.610000 -0.035692
15.750000 0.610000 -0.035674
15.900000 0.610000 -0.035657
16.050000 0.610000 -0.035623
16.200000 0.610000 -0.035606
16.350000 0.610000 -0.035606
16.500000 0.610000 -0.035554
16.650000 0.609000 -0.035537
16.800000 0.609000 -0.035503
16.950000 0.609000 -0.035468
17.100000 0.609000 -0.035451
17.250000 0.609000 -0.035400
17.400000 0.609000 -0.035383
17.550000 0.609000 -0.035365
17.700000 0.609000 -0.035314
17.850000 0.609000 -0.035297
18.000000 0.609000 -0.035262
18.150000 0.609000 -0.035228
18.300000 0.609000 -0.035245
18.450000 0.609000 -0.035177
18.600000 0.609000 -0.035159
18.750000 0.609000 -0.035108
18.900000 0.609000 -0.035074
19.050000 0.609000 -0.035039
19.200000 0.609000 -0.035005
19.350000 0.609000 -0.034971
19.500000 0.609000 -0.034953
19.650000 0.609000 -0.034902
19.800000 0.609000 -0.034868
19.950000 0.609000 -0.034833
20.100000 0.609000 -0.034799
20.250000 0.609000 -0.034764
20.400000 0.609000 -0.034713
20.550000 0.609000 -0.034679
20.700000 0.609000 -0.034644
20.850000 0.609000 -0.034593
21.000000 0.609000 -0.034558
21.150000 0.609000 -0.034524
21.300000 0.609000 -0.034490
21.450000 0.609000 -0.034438
21.600000 0.609000 -0.034404
21.750000 0.609000 -0.034352
21.900000 0.609000 -0.034301
22.050000 0.609000 -0.034249
22.200000 0.609000 -0.034215
22.350000 0.609000 -0.034164
22.500000 0.609000 -0.034129
22.650000 0.609000 -0.034061
22.800000 0.609000 -0.033992
22.950000 0.610000 -0.033940
23.100000 0.610000 -0.033872
23.250000 0.610000 -0.033820
23.400000 0.609000 -0.033769
23.550000 0.610000 -0.033717
23.700000 0.610000 -0.033648
23.850000 0.610000 -0.033597
24.000000 0.610000 -0.033511
24.150000 0.610000 -0.033442
24.300000 0.610000 -0.033357
24.450000 0.610000 -0.033288
24.600000 0.610000 -0.033219
24.750000 0.610000 -0.033133
24.900000 0.610000 -0.033065
25.050000 0.610000 -0.032962
25.200000 0.610000 -0.032876
25.350000 0.610000 -0.032790
25.500000 0.610000 -0.032721
25.650000 0.610000 -0.032618
25.800000 0.610000 -0.032498
25.950000 0.610000 -0.032378
26.100000 0.610000 -0.032258
26.250000 0.610000 -0.032155
26.400000 0.610000 -0.032034
26.550000 0.610000 -0.031914
26.700000 0.610000 -0.031777
26.850000 0.610000 -0.031622
27.000000 0.610000 -0.031485
27.150000 0.610000 -0.031348
27.300000 0.610000 -0.031227
27.450000 0.610000 -0.031056
27.600000 0.610000 -0.030901
27.750000 0.610000 -0.030747
27.900000 0.610000 -0.030575
28.050000 0.610000 -0.030403
28.200000 0.610000 -0.030232
28.350000 0.610000 -0.030026
28.500000 0.610000 -0.029802
28.650000 0.610000 -0.029596
28.800000 0.610000 -0.029339
28.950000 0.610000 -0.029064
29.100000 0.610000 -0.028772
29.250000 0.610000 -0.028463
29.400000 0.610000 -0.028154
29.550000 0.610000 -0.027811
29.700000 0.610000 -0.027467
29.850000 0.610000 -0.027072
30.000000 0.610000 -0.026763
30.150000 0.610000 -0.026798
30.300000 0.610000 -0.026437
30.450000 0.610000 -0.026025
30.600000 0.610000 -0.025579
30.750000 0.610000 -0.025098
30.900000 0.610000 -0.024703
31.050000 0.611000 -0.024188
31.200000 0.611000 -0.023759
31.350000 0.611000 -0.023175
31.500000 0.611000 -0.022642
31.650000 0.611000 -0.022110
31.800000 0.611000 -0.021647
31.950000 0.611000 -0.021011
32.100000 0.611000 -0.020428
32.250000 0.611000 -0.019655
32.400000 0.610000 -0.019037
32.550000 0.611000 -0.018401
32.700000 0.610000 -0.017732
32.850000 0.610000 -0.017079
33.000000 0.611000 -0.016324
33.150000 0.611000 -0.015603
33.300000 0.611000 -0.014796
33.450000 0.611000 -0.014092
33.600000 0.611000 -0.013319
33.750000 0.610000 -0.012564
33.900000 0.611000 -0.011774
34.050000 0.610000 -0.010915
34.200000 0.611000 -0.010143
34.350000 0.611000 -0.009353
34.500000 0.611000 -0.008477
34.650000 0.611000 -0.007602
34.800000 0.611000 -0.006709
34.950000 0.611000 -0.005833
35.100000 0.611000 -0.004906
35.250000 0.611000 -0.004013
35.400000 0.611000 -0.003069
35.550000 0.610000 -0.002124
35.700000 0.610000 -0.001180
35.850000 0.610000 -0.000218
36.000000 0.610000 0.000726
36.150000 0.610000 0.001756
36.300000 0.610000 0.002632
36.450000 0.610000 0.003662
36.600000 0.610000 0.004744
36.750000 0.610000 0.005774
36.900000 0.610000 0.006753
37.050000 0.610000 0.007783
37.200000 0.610000 0.008847
37.350000 0.610000 0.009826
37.500000 0.610000 0.010822
37.650000 0.610000 0.011852
37.800000 0.610000 0.012917
37.950000 0.610000 0.014050
38.100000 0.610000 0.015114
38.250000 0.610000 0.016145
38.400000 0.610000 0.017278
38.550000 0.610000 0.018308
38.700000 0.610000 0.019407
38.850000 0.610000 0.020471
39.000000 0.610000 0.021519
39.150000 0.610000 0.022721
39.300000 0.610000 0.023785
39.450000 0.610000 0.024953
39.600000 0.610000 0.026120
39.750000 0.610000 0.027236
39.900000 0.610000 0.028404
40.050000 0.609000 0.029486
40.200000 0.610000 0.030688
40.350000 0.610000 0.031735
40.500000 0.610000 0.033006
40.650000 0.610000 0.034122
40.800000 0.610000 0.035341
40.950000 0.610000 0.036491
41.100000 0.610000 0.037641
41.250000 0.610000 0.038912
41.400000 0.609000 0.040131
41.550000 0.610000 0.041436
41.700000 0.609000 0.042621
41.850000 0.609000 0.043857
42.000000 0.609000 0.045110
42.150000 0.609000 0.046329
42.300000 0.609000 0.047634
42.450000 0.609000 0.048956
42.600000 0.609000 0.050193
42.750000 0.609000 0.051463
42.900000 0.609000 0.052734
43.050000 0.609000 0.054056
43.200000 0.609000 0.055275
43.350000 0.609000 0.056649
43.500000 0.609000 0.057902
43.650000 0.609000 0.059104
43.800000 0.609000 0.060546
43.950000 0.609000 0.061920
44.100000 0.609000 0.063311
44.250000 0.609000 0.064650
44.400000 0.609000 0.066058
44.550000 0.609000 0.067500
44.700000 0.609000 0.068856
44.850000 0.609000 0.070247
45.000000 0.609000 0.071535
45.150000 0.609000 0.072994
45.300000 0.609000 0.074317
45.450000 0.609000 0.075845
45.600000 0.609000 0.077253
45.750000 0.609000 0.078729
45.900000 0.609000 0.080120
46.050000 0.609000 0.081511
46.200000 0.609000 0.083056
46.350000 0.609000 0.084344
46.500000 0.609000 0.085872
46.650000 0.609000 0.087349
46.800000 0.609000 0.088825
46.950000 0.609000 0.090147
47.100000 0.609000 0.091590
47.250000 0.609000 0.092946
47.400000 0.609000 0.094423
47.550000 0.609000 0.096002
47.700000 0.609000 0.097445
47.850000 0.609000 0.099007
48.000000 0.609000 0.100415
48.150000 0.609000 0.101857
48.300000 0.609000 0.103488
48.450000 0.609000 0.104931
48.600000 0.609000 0.106339
48.750000 0.610000 0.107935
48.900000 0.610000 0.109343
49.050000 0.610000 0.110820
49.200000 0.610000 0.112245
49.350000 0.610000 0.113808
49.500000 0.610000 0.115284
49.650000 0.610000 0.116795
49.800000 0.610000 0.118255
49.950000 0.610000 0.119714
50.100000 0.610000 0.121276
50.250000 0.610000 0.122787
50.400000 0.610000 0.124419
50.550000 0.610000 0.125964
50.700000 0.610000 0.127406
50.850000 0.610000 0.129037
51.000000 0.610000 0.130651
51.150000 0.610000 0.132076
51.300000 0.610000 0.133553
51.450000 0.610000 0.135219
51.600000 0.610000 0.136626
51.750000 0.610000 0.138206
51.900000 0.610000 0.139820
52.050000 0.610000 0.141468
52.200000 0.610000 0.143117
52.350000 0.610000 0.144593
52.500000 0.610000 0.146121
52.650000 0.610000 0.147632
52.800000 0.610000 0.149229
52.950000 0.610000 0.150723
53.100000 0.610000 0.152268
53.250000 0.610000 0.153573
53.400000 0.610000 0.155153
53.550000 0.610000 0.156767
53.700000 0.609000 0.158209
53.850000 0.609000 0.159772
54.000000 0.609000 0.161300
54.150000 0.609000 0.162776
54.300000 0.609000 0.164219
54.450000 0.609000 0.165695
54.600000 0.609000 0.167120
54.750000 0.609000 0.168528
54.900000 0.609000 0.169971
55.050000 0.609000 0.171276
55.200000 0.609000 0.172701
55.350000 0.609000 0.174057
55.500000 0.609000 0.175551
55.650000 0.609000 0.176993
55.800000 0.609000 0.178350
55.950000 0.609000 0.179706
56.100000 0.609000 0.181114
56.250000 0.609000 0.182470
56.400000 0.609000 0.183758
56.550000 0.609000 0.185046
56.700000 0.609000 0.186265
56.850000 0.609000 0.187501
57.000000 0.609000 0.188943
57.150000 0.609000 0.190197
57.300000 0.609000 0.191570
57.450000 0.609000 0.192618
57.600000 0.609000 0.193854
57.750000 0.609000 0.195211
57.900000 0.609000 0.196378
58.050000 0.609000 0.197597
58.200000 0.609000 0.198713
58.350000 0.609000 0.199881
58.500000 0.609000 0.201014
58.650000 0.609000 0.202388
58.800000 0.609000 0.203504
58.950000 0.609000 0.204551
59.100000 0.609000 0.205804
59.250000 0.609000 0.206989
59.400000 0.609000 0.208174
59.550000 0.609000 0.209290
59.700000 0.609000 0.210251
59.850000 0.609000 0.211264
