Original file:
C:\Users\Kryolabor\Desktop\131124Joekob\eisenfolie.txt
Date / time: 14.11.2024, 14:49:44
Sample: Eisenfolie
Comments: 90.4 mV
Channel #	Counts	Counts (folded)
      0	  33560	  67471
      1	  33200	  66677
      2	  33359	  66979
      3	  33536	  67075
      4	  33453	  67012
      5	  33659	  67568
      6	  33807	  67341
      7	  33711	  67351
      8	  33532	  66968
      9	  33775	  67496
     10	  33474	  67399
     11	  33934	  67746
     12	  33402	  67033
     13	  33428	  66710
     14	  33569	  67412
     15	  33625	  67140
     16	  33695	  67379
     17	  33529	  67124
     18	  33550	  67062
     19	  33718	  67413
     20	  33969	  67519
     21	  33614	  66974
     22	  33873	  67288
     23	  33507	  67149
     24	  33180	  66905
     25	  33704	  67560
     26	  33612	  66899
     27	  33718	  67530
     28	  33542	  66956
     29	  33761	  67106
     30	  33586	  66917
     31	  33544	  67206
     32	  33736	  67330
     33	  33877	  67228
     34	  33333	  66658
     35	  33624	  67025
     36	  33673	  67096
     37	  33660	  66903
     38	  33465	  66979
     39	  33575	  67360
     40	  33770	  67275
     41	  33408	  66911
     42	  33671	  67070
     43	  33640	  66956
     44	  33545	  67075
     45	  33377	  66769
     46	  33338	  66978
     47	  33439	  66924
     48	  33688	  67104
     49	  33718	  67314
     50	  33551	  67205
     51	  33887	  67820
     52	  33641	  66983
     53	  33603	  67027
     54	  33630	  67012
     55	  33665	  67010
     56	  33486	  66986
     57	  33389	  67102
     58	  33349	  66520
     59	  33433	  67228
     60	  33146	  66917
     61	  33508	  66638
     62	  33382	  67063
     63	  33573	  67090
     64	  33319	  66712
     65	  33240	  66968
     66	  33507	  67191
     67	  33101	  66479
     68	  33520	  67059
     69	  33578	  67027
     70	  33401	  66761
     71	  33215	  66545
     72	  33685	  67141
     73	  33480	  67183
     74	  33452	  67232
     75	  33786	  67381
     76	  33709	  67377
     77	  33506	  67075
     78	  33485	  66813
     79	  33332	  66235
     80	  33482	  67085
     81	  33480	  67152
     82	  33490	  66920
     83	  33965	  67452
     84	  33460	  67030
     85	  33688	  67438
     86	  33799	  67428
     87	  33685	  67369
     88	  33311	  66751
     89	  33873	  67332
     90	  33732	  67509
     91	  33831	  67313
     92	  33509	  66668
     93	  33481	  66822
     94	  33362	  66657
     95	  33840	  67474
     96	  33565	  66799
     97	  33534	  66971
     98	  33659	  67062
     99	  33953	  67156
    100	  33474	  67272
    101	  33604	  67443
    102	  33677	  67453
    103	  33573	  67393
    104	  33730	  67158
    105	  33558	  67403
    106	  33580	  67141
    107	  33637	  67285
    108	  33488	  67224
    109	  33291	  66962
    110	  33957	  67405
    111	  33275	  67005
    112	  33736	  67239
    113	  33792	  67182
    114	  33723	  67189
    115	  33613	  66866
    116	  33342	  67034
    117	  33855	  67237
    118	  33776	  67156
    119	  33581	  67058
    120	  33497	  67158
    121	  33705	  67201
    122	  33574	  67185
    123	  33396	  67195
    124	  33690	  67302
    125	  33848	  67444
    126	  33323	  67096
    127	  33636	  67263
    128	  33634	  67059
    129	  33531	  66923
    130	  33830	  66852
    131	  33798	  67093
    132	  33900	  67611
    133	  33400	  66585
    134	  33506	  67005
    135	  33667	  67331
    136	  33617	  67405
    137	  33555	  66896
    138	  33545	  66989
    139	  33592	  67143
    140	  33551	  67028
    141	  33841	  67408
    142	  33667	  67063
    143	  33405	  67032
    144	  33808	  67331
    145	  33627	  67058
    146	  33338	  66968
    147	  33411	  67004
    148	  33419	  66610
    149	  33416	  67241
    150	  33767	  67007
    151	  33820	  67323
    152	  33532	  67096
    153	  33719	  67232
    154	  33499	  67108
    155	  33444	  67048
    156	  33688	  67348
    157	  33830	  67416
    158	  33542	  67249
    159	  33850	  67321
    160	  33522	  66847
    161	  33656	  67036
    162	  33555	  67008
    163	  33444	  66940
    164	  33434	  66923
    165	  33365	  66596
    166	  33333	  66847
    167	  33811	  66937
    168	  33626	  67156
    169	  33727	  67102
    170	  33766	  66987
    171	  33880	  67076
    172	  33635	  66889
    173	  33633	  67331
    174	  33575	  67433
    175	  33508	  66737
    176	  33581	  67111
    177	  34029	  67502
    178	  33888	  67274
    179	  33726	  67482
    180	  33680	  67309
    181	  33563	  66617
    182	  33682	  67071
    183	  33544	  66814
    184	  33461	  66737
    185	  33696	  66855
    186	  33428	  66380
    187	  33143	  66696
    188	  33371	  66203
    189	  33678	  67044
    190	  33108	  65680
    191	  32852	  65113
    192	  33214	  65279
    193	  32716	  63465
    194	  32027	  60895
    195	  31006	  58454
    196	  29035	  55771
    197	  27715	  55959
    198	  26987	  57006
    199	  28049	  59542
    200	  30141	  62645
    201	  31561	  63995
    202	  31918	  64223
    203	  32292	  65386
    204	  32977	  66001
    205	  33040	  65957
    206	  33129	  66418
    207	  33286	  66500
    208	  33248	  66494
    209	  33588	  66846
    210	  33223	  66380
    211	  33238	  66700
    212	  33422	  66845
    213	  33284	  66547
    214	  33560	  66967
    215	  33510	  66577
    216	  33181	  66190
    217	  33187	  65910
    218	  33141	  65564
    219	  33013	  64143
    220	  32285	  61917
    221	  31497	  60112
    222	  29924	  58633
    223	  28372	  58799
    224	  28483	  60082
    225	  29881	  61992
    226	  31753	  64577
    227	  32273	  65178
    228	  33082	  66366
    229	  32939	  66232
    230	  33257	  66311
    231	  33417	  66672
    232	  33441	  66802
    233	  33064	  66602
    234	  33667	  66733
    235	  33089	  66451
    236	  33350	  67103
    237	  33661	  67132
    238	  33574	  67126
    239	  33212	  66382
    240	  33901	  67244
    241	  33120	  66089
    242	  33508	  66441
    243	  33213	  65920
    244	  33154	  65544
    245	  33037	  63948
    246	  32691	  63144
    247	  31120	  61389
    248	  30311	  62049
    249	  30577	  63020
    250	  31677	  64564
    251	  32283	  65590
    252	  33199	  66529
    253	  33103	  66504
    254	  33195	  66289
    255	  33461	  66442
    256	  33574	  66789
    257	  33713	  66788
    258	  33386	  66569
    259	  33273	  66568
    260	  33627	  66901
    261	  32840	  65847
    262	  33248	  65947
    263	  33222	  64941
    264	  32761	  63382
    265	  31780	  61612
    266	  30543	  61794
    267	  29937	  62160
    268	  30919	  63687
    269	  32495	  65874
    270	  33198	  66162
    271	  33217	  66309
    272	  33435	  66691
    273	  33341	  66776
    274	  33147	  66337
    275	  33670	  67065
    276	  33665	  67173
    277	  33393	  66507
    278	  33472	  66856
    279	  33514	  66682
    280	  33581	  67157
    281	  33672	  66775
    282	  33396	  66759
    283	  33443	  66229
    284	  33546	  66256
    285	  33021	  65595
    286	  33130	  66019
    287	  32930	  64204
    288	  32714	  63080
    289	  32161	  60976
    290	  30643	  58896
    291	  28774	  57865
    292	  27853	  59339
    293	  29183	  61662
    294	  30880	  63645
    295	  32326	  65410
    296	  33110	  66503
    297	  32913	  66037
    298	  32884	  66127
    299	  33081	  66381
    300	  33179	  66452
    301	  33580	  66746
    302	  33342	  66334
    303	  33392	  66722
    304	  33427	  66719
    305	  33359	  66929
    306	  33414	  66553
    307	  33268	  66301
    308	  33308	  66079
    309	  32952	  65728
    310	  33039	  65443
    311	  32707	  64894
    312	  32656	  64228
    313	  32284	  62857
    314	  31644	  60698
    315	  31193	  58444
    316	  29278	  56327
    317	  27630	  56303
    318	  27088	  57680
    319	  28335	  60290
    320	  29946	  62461
    321	  31624	  64272
    322	  32499	  65161
    323	  32557	  65930
    324	  32795	  65866
    325	  33271	  66706
    326	  33347	  66878
    327	  33171	  66462
    328	  33327	  66806
    329	  33720	  67234
    330	  33324	  66634
    331	  33602	  66961
    332	  33513	  66660
    333	  33650	  67219
    334	  33866	  67440
    335	  33538	  66838
    336	  33292	  66682
    337	  33475	  67442
    338	  33512	  67279
    339	  33870	  67645
    340	  33356	  66885
    341	  33687	  67154
    342	  33689	  67053
    343	  33762	  67371
    344	  33523	  67079
    345	  33614	  67292
    346	  33293	  66855
    347	  33809	  67227
    348	  33392	  66969
    349	  33571	  66733
    350	  33755	  67382
    351	  33590	  67087
    352	  33633	  67184
    353	  33769	  67125
    354	  33204	  66282
    355	  33489	  66804
    356	  33664	  67372
    357	  33372	  66676
    358	  33924	  67053
    359	  33650	  67100
    360	  33272	  66781
    361	  33361	  66863
    362	  33312	  66701
    363	  33774	  67138
    364	  33176	  66284
    365	  33578	  67021
    366	  33559	  67247
    367	  33370	  66894
    368	  33263	  66702
    369	  33367	  66973
    370	  33682	  67131
    371	  33803	  67133
    372	  33500	  66989
    373	  33776	  67254
    374	  33792	  67328
    375	  33684	  67357
    376	  33694	  67160
    377	  33594	  67084
    378	  33652	  66975
    379	  33602	  67208
    380	  33513	  67136
    381	  34118	  67518
    382	  33767	  67488
    383	  33836	  67021
    384	  33614	  67210
    385	  33478	  66731
    386	  33264	  66499
    387	  33506	  67204
    388	  33427	  67046
    389	  33480	  67263
    390	  33674	  67150
    391	  33789	  67548
    392	  33608	  67417
    393	  33634	  67224
    394	  33737	  67560
    395	  33708	  67382
    396	  33547	  66740
    397	  33647	  66996
    398	  33572	  67270
    399	  33434	  66678
    400	  33631	  66999
    401	  33672	  67403
    402	  33689	  66872
    403	  33687	  67126
    404	  33837	  67372
    405	  33347	  66807
    406	  33424	  67209
    407	  33581	  66949
    408	  33408	  67097
    409	  34159	  67732
    410	  33385	  66503
    411	  33442	  66972
    412	  33798	  67605
    413	  33361	  66843
    414	  33402	  67194
    415	  33842	  67263
    416	  33431	  67037
    417	  33848	  67545
    418	  33484	  66960
    419	  33471	  67034
    420	  33802	  66970
    421	  33416	  67042
    422	  33327	  66785
    423	  33950	  67913
    424	  33617	  67103
    425	  33454	  67193
    426	  33473	  66891
    427	  33622	  67094
    428	  33600	  67297
    429	  33429	  66639
    430	  33566	  67007
    431	  33519	  67331
    432	  33421	  67241
    433	  33356	  66826
    434	  33800	  67560
    435	  33683	  66971
    436	  33740	  67349
    437	  33574	  66899
    438	  33818	  67132
    439	  33465	  67410
    440	  33484	  67040
    441	  33146	  66387
    442	  33396	  66910
    443	  33257	  66619
    444	  33547	  66771
    445	  33529	  66924
    446	  33537	  67005
    447	  33736	  67055
    448	  33899	  67343
    449	  33414	  66822
    450	  33672	  67348
    451	  33423	  66948
    452	  33492	  66805
    453	  33577	  67373
    454	  33339	  66815
    455	  33487	  66840
    456	  33484	  66802
    457	  33671	  67560
    458	  33326	  66835
    459	  33597	  67385
    460	  33495	  67292
    461	  33495	  67126
    462	  33685	  67172
    463	  33273	  66725
    464	  33558	  67124
    465	  33781	  67231
    466	  33476	  67221
    467	  33723	  67431
    468	  33558	  66941
    469	  33496	  67046
    470	  33768	  67274
    471	  33534	  67231
    472	  32887	  66451
    473	  33489	  67100
    474	  33579	  66956
    475	  33525	  67471
    476	  33391	  66817
    477	  33492	  66958
    478	  33250	  67012
    479	  33514	  66908
    480	  33809	  67184
    481	  33432	  66977
    482	  33691	  67064
    483	  33850	  67790
    484	  33546	  66943
    485	  33842	  67581
    486	  33841	  67597
    487	  33501	  67308
    488	  33796	  67230
    489	  33608	  67262
    490	  33582	  67222
    491	  33434	  66945
    492	  33664	  67413
    493	  33532	  67113
    494	  33490	  67256
    495	  34081	  67677
    496	  33469	  67289
    497	  33384	  66949
    498	  33424	  67317
    499	  33817	  67450
    500	  33606	  67024
    501	  33583	  67241
    502	  33366	  67116
    503	  33496	  67351
    504	  33340	  67068
    505	  33383	  66412
    506	  33555	  67182
    507	  33557	  66963
    508	  33695	  67485
    509	  33814	  67313
    510	  33948	  67419
    511	  33439	  66899
    512	  33460	      0
    513	  33471	      0
    514	  33499	      0
    515	  33790	      0
    516	  33406	      0
    517	  33627	      0
    518	  33029	      0
    519	  33728	      0
    520	  33855	      0
    521	  33750	      0
    522	  33658	      0
    523	  33418	      0
    524	  33633	      0
    525	  33893	      0
    526	  33565	      0
    527	  33820	      0
    528	  33596	      0
    529	  33766	      0
    530	  33581	      0
    531	  33749	      0
    532	  33511	      0
    533	  33640	      0
    534	  33654	      0
    535	  33434	      0
    536	  33807	      0
    537	  33756	      0
    538	  33739	      0
    539	  33397	      0
    540	  33940	      0
    541	  33373	      0
    542	  33545	      0
    543	  33375	      0
    544	  33394	      0
    545	  33762	      0
    546	  33466	      0
    547	  33426	      0
    548	  33946	      0
    549	  33377	      0
    550	  33611	      0
    551	  33564	      0
    552	  33697	      0
    553	  33506	      0
    554	  33550	      0
    555	  33383	      0
    556	  33708	      0
    557	  33745	      0
    558	  33450	      0
    559	  33566	      0
    560	  33452	      0
    561	  33487	      0
    562	  33631	      0
    563	  33797	      0
    564	  33788	      0
    565	  33509	      0
    566	  33889	      0
    567	  33318	      0
    568	  33353	      0
    569	  33476	      0
    570	  33796	      0
    571	  33313	      0
    572	  33525	      0
    573	  33676	      0
    574	  33408	      0
    575	  33444	      0
    576	  33319	      0
    577	  33468	      0
    578	  33395	      0
    579	  33224	      0
    580	  33362	      0
    581	  33514	      0
    582	  33241	      0
    583	  33556	      0
    584	  33945	      0
    585	  33314	      0
    586	  33325	      0
    587	  33609	      0
    588	  33288	      0
    589	  33760	      0
    590	  33470	      0
    591	  33820	      0
    592	  33812	      0
    593	  33441	      0
    594	  33210	      0
    595	  33697	      0
    596	  33472	      0
    597	  33418	      0
    598	  33739	      0
    599	  33486	      0
    600	  33963	      0
    601	  33458	      0
    602	  33626	      0
    603	  33168	      0
    604	  33563	      0
    605	  33476	      0
    606	  33697	      0
    607	  33606	      0
    608	  33421	      0
    609	  33792	      0
    610	  33482	      0
    611	  33807	      0
    612	  33530	      0
    613	  33118	      0
    614	  33573	      0
    615	  33689	      0
    616	  33368	      0
    617	  33785	      0
    618	  33460	      0
    619	  33535	      0
    620	  33439	      0
    621	  33183	      0
    622	  33731	      0
    623	  33368	      0
    624	  33244	      0
    625	  33698	      0
    626	  33349	      0
    627	  33193	      0
    628	  33674	      0
    629	  33823	      0
    630	  33590	      0
    631	  33809	      0
    632	  33759	      0
    633	  33476	      0
    634	  33783	      0
    635	  33619	      0
    636	  33698	      0
    637	  33235	      0
    638	  33253	      0
    639	  33596	      0
    640	  33185	      0
    641	  33721	      0
    642	  33400	      0
    643	  33623	      0
    644	  33606	      0
    645	  33323	      0
    646	  33490	      0
    647	  33466	      0
    648	  33673	      0
    649	  33536	      0
    650	  33478	      0
    651	  33489	      0
    652	  33330	      0
    653	  33449	      0
    654	  33606	      0
    655	  33439	      0
    656	  33524	      0
    657	  33688	      0
    658	  33443	      0
    659	  33108	      0
    660	  33364	      0
    661	  33389	      0
    662	  33502	      0
    663	  33509	      0
    664	  33450	      0
    665	  33129	      0
    666	  33304	      0
    667	  33708	      0
    668	  33315	      0
    669	  33078	      0
    670	  33356	      0
    671	  33551	      0
    672	  33497	      0
    673	  33627	      0
    674	  33162	      0
    675	  33577	      0
    676	  33418	      0
    677	  33562	      0
    678	  33678	      0
    679	  33556	      0
    680	  33609	      0
    681	  33364	      0
    682	  33467	      0
    683	  33529	      0
    684	  33775	      0
    685	  33767	      0
    686	  33967	      0
    687	  33390	      0
    688	  33300	      0
    689	  33574	      0
    690	  33569	      0
    691	  33147	      0
    692	  33359	      0
    693	  33310	      0
    694	  33514	      0
    695	  33479	      0
    696	  33291	      0
    697	  33531	      0
    698	  33435	      0
    699	  33071	      0
    700	  33373	      0
    701	  32662	      0
    702	  32648	      0
    703	  32515	      0
    704	  31955	      0
    705	  30592	      0
    706	  28673	      0
    707	  27049	      0
    708	  27251	      0
    709	  29054	      0
    710	  30573	      0
    711	  31572	      0
    712	  32187	      0
    713	  32404	      0
    714	  32776	      0
    715	  32771	      0
    716	  33033	      0
    717	  33139	      0
    718	  33570	      0
    719	  33292	      0
    720	  33330	      0
    721	  32992	      0
    722	  33166	      0
    723	  33273	      0
    724	  33300	      0
    725	  33243	      0
    726	  33124	      0
    727	  33393	      0
    728	  33084	      0
    729	  32765	      0
    730	  32479	      0
    731	  31486	      0
    732	  29091	      0
    733	  28253	      0
    734	  28815	      0
    735	  30366	      0
    736	  31274	      0
    737	  32889	      0
    738	  32574	      0
    739	  32710	      0
    740	  32786	      0
    741	  33363	      0
    742	  33103	      0
    743	  33576	      0
    744	  33168	      0
    745	  33384	      0
    746	  33114	      0
    747	  33508	      0
    748	  33395	      0
    749	  33190	      0
    750	  33435	      0
    751	  33256	      0
    752	  33092	      0
    753	  32964	      0
    754	  33379	      0
    755	  32768	      0
    756	  32223	      0
    757	  31251	      0
    758	  29832	      0
    759	  30621	      0
    760	  31719	      0
    761	  32699	      0
    762	  33007	      0
    763	  33274	      0
    764	  33295	      0
    765	  33183	      0
    766	  33075	      0
    767	  33215	      0
    768	  32981	      0
    769	  33094	      0
    770	  33401	      0
    771	  33330	      0
    772	  33307	      0
    773	  32887	      0
    774	  32443	      0
    775	  31738	      0
    776	  30269	      0
    777	  30453	      0
    778	  30911	      0
    779	  32390	      0
    780	  32707	      0
    781	  32933	      0
    782	  32969	      0
    783	  33343	      0
    784	  33170	      0
    785	  33552	      0
    786	  33471	      0
    787	  33753	      0
    788	  33362	      0
    789	  33066	      0
    790	  33538	      0
    791	  33361	      0
    792	  33255	      0
    793	  33054	      0
    794	  33293	      0
    795	  33284	      0
    796	  32905	      0
    797	  32824	      0
    798	  32111	      0
    799	  31599	      0
    800	  30427	      0
    801	  28709	      0
    802	  28615	      0
    803	  29632	      0
    804	  31130	      0
    805	  32423	      0
    806	  32723	      0
    807	  33009	      0
    808	  33067	      0
    809	  33407	      0
    810	  33263	      0
    811	  33423	      0
    812	  33462	      0
    813	  33157	      0
    814	  33258	      0
    815	  33246	      0
    816	  33214	      0
    817	  33289	      0
    818	  32917	      0
    819	  33024	      0
    820	  33094	      0
    821	  32305	      0
    822	  32434	      0
    823	  32504	      0
    824	  31493	      0
    825	  30019	      0
    826	  28244	      0
    827	  26736	      0
    828	  27448	      0
    829	  28868	      0
    830	  30749	      0
    831	  32065	      0
    832	  32261	      0
    833	  32572	      0
    834	  33366	      0
    835	  32832	      0
    836	  33553	      0
    837	  32952	      0
    838	  33159	      0
    839	  33276	      0
    840	  33270	      0
    841	  33389	      0
    842	  33054	      0
    843	  33629	      0
    844	  33756	      0
    845	  33386	      0
    846	  33473	      0
    847	  33530	      0
    848	  33229	      0
    849	  33858	      0
    850	  33698	      0
    851	  33254	      0
    852	  33196	      0
    853	  33221	      0
    854	  33375	      0
    855	  33530	      0
    856	  33126	      0
    857	  33514	      0
    858	  33231	      0
    859	  33489	      0
    860	  33496	      0
    861	  33453	      0
    862	  33380	      0
    863	  33325	      0
    864	  33471	      0
    865	  33707	      0
    866	  33586	      0
    867	  33660	      0
    868	  33604	      0
    869	  33609	      0
    870	  33513	      0
    871	  33564	      0
    872	  33503	      0
    873	  33240	      0
    874	  33825	      0
    875	  33191	      0
    876	  33593	      0
    877	  33630	      0
    878	  33431	      0
    879	  33523	      0
    880	  33627	      0
    881	  33396	      0
    882	  33567	      0
    883	  33477	      0
    884	  33551	      0
    885	  33444	      0
    886	  33341	      0
    887	  33788	      0
    888	  33664	      0
    889	  33499	      0
    890	  33185	      0
    891	  33711	      0
    892	  33295	      0
    893	  33022	      0
    894	  33392	      0
    895	  33425	      0
    896	  33627	      0
    897	  33773	      0
    898	  33596	      0
    899	  33612	      0
    900	  33799	      0
    901	  33611	      0
    902	  33496	      0
    903	  33661	      0
    904	  33477	      0
    905	  33380	      0
    906	  33382	      0
    907	  33692	      0
    908	  33253	      0
    909	  33466	      0
    910	  33390	      0
    911	  33503	      0
    912	  33730	      0
    913	  33448	      0
    914	  33671	      0
    915	  33736	      0
    916	  33648	      0
    917	  33561	      0
    918	  33845	      0
    919	  33428	      0
    920	  33820	      0
    921	  33776	      0
    922	  33839	      0
    923	  33798	      0
    924	  33203	      0
    925	  33403	      0
    926	  33437	      0
    927	  33234	      0
    928	  33634	      0
    929	  33295	      0
    930	  33341	      0
    931	  33159	      0
    932	  33482	      0
    933	  33777	      0
    934	  33459	      0
    935	  33440	      0
    936	  33684	      0
    937	  33629	      0
    938	  33750	      0
    939	  33570	      0
    940	  33487	      0
    941	  33430	      0
    942	  33672	      0
    943	  33603	      0
    944	  32903	      0
    945	  33328	      0
    946	  33569	      0
    947	  33668	      0
    948	  33595	      0
    949	  33780	      0
    950	  33703	      0
    951	  33456	      0
    952	  33330	      0
    953	  33360	      0
    954	  33449	      0
    955	  33539	      0
    956	  33378	      0
    957	  33684	      0
    958	  33728	      0
    959	  33393	      0
    960	  33517	      0
    961	  33681	      0
    962	  33130	      0
    963	  33771	      0
    964	  33795	      0
    965	  33171	      0
    966	  33713	      0
    967	  33500	      0
    968	  33345	      0
    969	  33382	      0
    970	  33424	      0
    971	  33342	      0
    972	  33933	      0
    973	  33654	      0
    974	  33596	      0
    975	  33416	      0
    976	  33485	      0
    977	  33640	      0
    978	  33392	      0
    979	  33530	      0
    980	  33316	      0
    981	  33399	      0
    982	  33503	      0
    983	  33505	      0
    984	  33785	      0
    985	  33514	      0
    986	  33243	      0
    987	  33423	      0
    988	  33401	      0
    989	  33325	      0
    990	  33351	      0
    991	  33594	      0
    992	  33662	      0
    993	  33331	      0
    994	  33345	      0
    995	  33414	      0
    996	  33812	      0
    997	  33287	      0
    998	  33856	      0
    999	  33725	      0
   1000	  33642	      0
   1001	  33415	      0
   1002	  33360	      0
   1003	  33550	      0
   1004	  33695	      0
   1005	  33512	      0
   1006	  33595	      0
   1007	  33684	      0
   1008	  33515	      0
   1009	  33843	      0
   1010	  33282	      0
   1011	  33631	      0
   1012	  33812	      0
   1013	  33925	      0
   1014	  33721	      0
   1015	  33436	      0
   1016	  33640	      0
   1017	  33534	      0
   1018	  33909	      0
   1019	  33559	      0
   1020	  33539	      0
   1021	  33620	      0
   1022	  33477	      0
   1023	  33911	      0
