TotalSpectrum-x_point	TotalSpectrum-y_point	TotalSpectrum-x_line	TotalSpectrum-y_line	Subspectrum2-x_line	Subspectrum2-y_line
-13.0254	37870	-13.0254	37839	-13.0254	37839
-13.0242	37514	-13.0242	37839	-13.0242	37839
-13.0225	37605	-13.0225	37839	-13.0225	37839
-13.0203	38242	-13.0203	37839	-13.0203	37839
-13.0176	37923	-13.0176	37839	-13.0176	37839
-13.0144	37664	-13.0144	37838.9	-13.0144	37838.9
-13.0107	38027	-13.0107	37838.9	-13.0107	37838.9
-13.0065	37916	-13.0065	37838.9	-13.0065	37838.9
-13.0019	37991	-13.0019	37838.9	-13.0019	37838.9
-12.9967	37812	-12.9967	37838.9	-12.9967	37838.9
-12.9911	38093	-12.9911	37838.9	-12.9911	37838.9
-12.985	38041	-12.985	37838.8	-12.985	37838.8
-12.9784	37556	-12.9784	37838.8	-12.9784	37838.8
-12.9713	37664	-12.9713	37838.8	-12.9713	37838.8
-12.9637	38054	-12.9637	37838.7	-12.9637	37838.7
-12.9556	38021	-12.9556	37838.7	-12.9556	37838.7
-12.947	37930	-12.947	37838.7	-12.947	37838.7
-12.938	37872	-12.938	37838.6	-12.938	37838.6
-12.9284	37889	-12.9284	37838.6	-12.9284	37838.6
-12.9184	38189	-12.9184	37838.6	-12.9184	37838.6
-12.9079	37607	-12.9079	37838.5	-12.9079	37838.5
-12.8969	37753	-12.8969	37838.5	-12.8969	37838.5
-12.8854	37874	-12.8854	37838.4	-12.8854	37838.4
-12.8734	37725	-12.8734	37838.4	-12.8734	37838.4
-12.861	37724	-12.861	37838.3	-12.861	37838.3
-12.848	37995	-12.848	37838.3	-12.848	37838.3
-12.8346	37853	-12.8346	37838.2	-12.8346	37838.2
-12.8207	37662	-12.8207	37838.1	-12.8207	37838.1
-12.8063	37912	-12.8063	37838.1	-12.8063	37838.1
-12.7915	38056	-12.7915	37838	-12.7915	37838
-12.7761	37661	-12.7761	37837.9	-12.7761	37837.9
-12.7603	37792	-12.7603	37837.9	-12.7603	37837.9
-12.744	37572	-12.744	37837.8	-12.744	37837.8
-12.7272	37947	-12.7272	37837.7	-12.7272	37837.7
-12.7099	37893	-12.7099	37837.6	-12.7099	37837.6
-12.6921	37813	-12.6921	37837.6	-12.6921	37837.6
-12.6739	37811	-12.6739	37837.5	-12.6739	37837.5
-12.6552	38093	-12.6552	37837.4	-12.6552	37837.4
-12.636	38007	-12.636	37837.3	-12.636	37837.3
-12.6164	37668	-12.6164	37837.2	-12.6164	37837.2
-12.5962	37820	-12.5962	37837.1	-12.5962	37837.1
-12.5756	37672	-12.5756	37837	-12.5756	37837
-12.5545	37732	-12.5545	37836.9	-12.5545	37836.9
-12.533	37927	-12.533	37836.8	-12.533	37836.8
-12.511	37999	-12.511	37836.7	-12.511	37836.7
-12.4885	37910	-12.4885	37836.6	-12.4885	37836.6
-12.4655	37723	-12.4655	37836.4	-12.4655	37836.4
-12.4421	37611	-12.4421	37836.3	-12.4421	37836.3
-12.4181	37918	-12.4181	37836.2	-12.4181	37836.2
-12.3938	38068	-12.3938	37836	-12.3938	37836
-12.3689	37776	-12.3689	37835.9	-12.3689	37835.9
-12.3436	37651	-12.3436	37835.7	-12.3436	37835.7
-12.3179	38018	-12.3179	37835.6	-12.3179	37835.6
-12.2916	38048	-12.2916	37835.4	-12.2916	37835.4
-12.2649	37905	-12.2649	37835.3	-12.2649	37835.3
-12.2378	37518	-12.2378	37835.1	-12.2378	37835.1
-12.2102	37686	-12.2102	37834.9	-12.2102	37834.9
-12.1821	38245	-12.1821	37834.8	-12.1821	37834.8
-12.1535	37659	-12.1535	37834.6	-12.1535	37834.6
-12.1245	37553	-12.1245	37834.4	-12.1245	37834.4
-12.0951	37927	-12.0951	37834.2	-12.0951	37834.2
-12.0652	37733	-12.0652	37834	-12.0652	37834
-12.0348	37786	-12.0348	37833.7	-12.0348	37833.7
-12.004	37812	-12.004	37833.5	-12.004	37833.5
-11.9727	37995	-11.9727	37833.3	-11.9727	37833.3
-11.941	38006	-11.941	37833	-11.941	37833
-11.9089	37919	-11.9089	37832.8	-11.9089	37832.8
-11.8762	37849	-11.8762	37832.5	-11.8762	37832.5
-11.8432	38024	-11.8432	37832.3	-11.8432	37832.3
-11.8097	37999	-11.8097	37832	-11.8097	37832
-11.7757	37804	-11.7757	37831.7	-11.7757	37831.7
-11.7413	38038	-11.7413	37831.4	-11.7413	37831.4
-11.7065	37336	-11.7065	37831.1	-11.7065	37831.1
-11.6712	38129	-11.6712	37830.7	-11.6712	37830.7
-11.6355	38125	-11.6355	37830.4	-11.6355	37830.4
-11.5993	37923	-11.5993	37830	-11.5993	37830
-11.5627	37801	-11.5627	37829.7	-11.5627	37829.7
-11.5257	37817	-11.5257	37829.3	-11.5257	37829.3
-11.4883	37271	-11.4883	37828.9	-11.4883	37828.9
-11.4504	37799	-11.4504	37828.5	-11.4504	37828.5
-11.412	37826	-11.412	37828	-11.412	37828
-11.3733	37774	-11.3733	37827.6	-11.3733	37827.6
-11.3341	37419	-11.3341	37827.1	-11.3341	37827.1
-11.2945	37885	-11.2945	37826.6	-11.2945	37826.6
-11.2545	37853	-11.2545	37826.1	-11.2545	37826.1
-11.214	37688	-11.214	37825.5	-11.214	37825.5
-11.1731	37994	-11.1731	37824.9	-11.1731	37824.9
-11.1318	37780	-11.1318	37824.3	-11.1318	37824.3
-11.0901	37426	-11.0901	37823.7	-11.0901	37823.7
-11.048	37900	-11.048	37823	-11.048	37823
-11.0054	37886	-11.0054	37822.3	-11.0054	37822.3
-10.9624	37626	-10.9624	37821.6	-10.9624	37821.6
-10.9191	37973	-10.9191	37820.8	-10.9191	37820.8
-10.8753	38003	-10.8753	37820	-10.8753	37820
-10.8311	38020	-10.8311	37819.1	-10.8311	37819.1
-10.7864	37836	-10.7864	37818.2	-10.7864	37818.2
-10.7414	38032	-10.7414	37817.2	-10.7414	37817.2
-10.696	37553	-10.696	37816.2	-10.696	37816.2
-10.6502	37832	-10.6502	37815.1	-10.6502	37815.1
-10.604	37758	-10.604	37813.9	-10.604	37813.9
-10.5573	37721	-10.5573	37812.7	-10.5573	37812.7
-10.5103	37845	-10.5103	37811.3	-10.5103	37811.3
-10.4629	37798	-10.4629	37809.9	-10.4629	37809.9
-10.4151	37920	-10.4151	37808.4	-10.4151	37808.4
-10.3669	37764	-10.3669	37806.8	-10.3669	37806.8
-10.3183	37772	-10.3183	37805.1	-10.3183	37805.1
-10.2693	37609	-10.2693	37803.2	-10.2693	37803.2
-10.2199	37821	-10.2199	37801.3	-10.2199	37801.3
-10.1702	37778	-10.1702	37799.1	-10.1702	37799.1
-10.1201	37477	-10.1201	37796.8	-10.1201	37796.8
-10.0695	38158	-10.0695	37794.3	-10.0695	37794.3
-10.0186	37645	-10.0186	37791.6	-10.0186	37791.6
-9.96738	38311	-9.96738	37788.6	-9.96738	37788.6
-9.91573	37911	-9.91573	37785.4	-9.91573	37785.4
-9.8637	37995	-9.8637	37781.9	-9.8637	37781.9
-9.81131	37639	-9.81131	37778	-9.81131	37778
-9.75855	37751	-9.75855	37773.7	-9.75855	37773.7
-9.70542	37867	-9.70542	37769	-9.70542	37769
-9.65193	37761	-9.65193	37763.8	-9.65193	37763.8
-9.59807	37816	-9.59807	37758	-9.59807	37758
-9.54385	37599	-9.54385	37751.6	-9.54385	37751.6
-9.48927	37921	-9.48927	37744.3	-9.48927	37744.3
-9.43433	37860	-9.43433	37736.1	-9.43433	37736.1
-9.37904	37462	-9.37904	37726.8	-9.37904	37726.8
-9.3234	37577	-9.3234	37716.3	-9.3234	37716.3
-9.2674	37666	-9.2674	37704.2	-9.2674	37704.2
-9.21106	37613	-9.21106	37690.2	-9.21106	37690.2
-9.15436	37724	-9.15436	37673.9	-9.15436	37673.9
-9.09733	37321	-9.09733	37654.8	-9.09733	37654.8
-9.03995	37687	-9.03995	37632.3	-9.03995	37632.3
-8.98223	37507	-8.98223	37605.3	-8.98223	37605.3
-8.92417	37525	-8.92417	37572.7	-8.92417	37572.7
-8.86578	37535	-8.86578	37532.8	-8.86578	37532.8
-8.80705	37628	-8.80705	37483.3	-8.80705	37483.3
-8.748	37374	-8.748	37420.8	-8.748	37420.8
-8.68861	37640	-8.68861	37340.5	-8.68861	37340.5
-8.62889	37251	-8.62889	37235.2	-8.62889	37235.2
-8.56885	36813	-8.56885	37093.6	-8.56885	37093.6
-8.50849	37444	-8.50849	36898.1	-8.50849	36898.1
-8.44781	36722	-8.44781	36619.9	-8.44781	36619.9
-8.38681	36114	-8.38681	36211.1	-8.38681	36211.1
-8.32549	35407	-8.32549	35594	-8.32549	35594
-8.26386	34444	-8.26386	34656.2	-8.26386	34656.2
-8.20192	33378	-8.20192	33316.5	-8.20192	33316.5
-8.13967	32410	-8.13967	31843.1	-8.13967	31843.1
-8.07711	32214	-8.07711	31249.2	-8.07711	31249.2
-8.01425	32579	-8.01425	32176.4	-8.01425	32176.4
-7.95109	33527	-7.95109	33704.6	-7.95109	33704.6
-7.88763	34888	-7.88763	34966.1	-7.88763	34966.1
-7.82387	35737	-7.82387	35821.5	-7.82387	35821.5
-7.75982	36325	-7.75982	36379.1	-7.75982	36379.1
-7.69547	37070	-7.69547	36747.6	-7.69547	36747.6
-7.63084	36828	-7.63084	36998.3	-7.63084	36998.3
-7.56592	37381	-7.56592	37174.3	-7.56592	37174.3
-7.50071	37226	-7.50071	37301.6	-7.50071	37301.6
-7.43522	37476	-7.43522	37396.1	-7.43522	37396.1
-7.36945	37143	-7.36945	37467.8	-7.36945	37467.8
-7.3034	37715	-7.3034	37523.3	-7.3034	37523.3
-7.23708	37627	-7.23708	37567	-7.23708	37567
-7.17049	37516	-7.17049	37601.9	-7.17049	37601.9
-7.10362	37537	-7.10362	37630.1	-7.10362	37630.1
-7.03649	37593	-7.03649	37653.2	-7.03649	37653.2
-6.96909	37587	-6.96909	37672.2	-6.96909	37672.2
-6.90143	37849	-6.90143	37687.9	-6.90143	37687.9
-6.83352	37910	-6.83352	37701	-6.83352	37701
-6.76534	37944	-6.76534	37712	-6.76534	37712
-6.69691	37647	-6.69691	37721.1	-6.69691	37721.1
-6.62822	37521	-6.62822	37728.7	-6.62822	37728.7
-6.55929	37575	-6.55929	37735.1	-6.55929	37735.1
-6.49011	38022	-6.49011	37740.2	-6.49011	37740.2
-6.42069	37801	-6.42069	37744.4	-6.42069	37744.4
-6.35102	37223	-6.35102	37747.7	-6.35102	37747.7
-6.28112	37798	-6.28112	37750.1	-6.28112	37750.1
-6.21098	37899	-6.21098	37751.7	-6.21098	37751.7
-6.1406	37883	-6.1406	37752.5	-6.1406	37752.5
-6.07	37679	-6.07	37752.5	-6.07	37752.5
-5.99916	37475	-5.99916	37751.8	-5.99916	37751.8
-5.9281	38006	-5.9281	37750.2	-5.9281	37750.2
-5.85682	37670	-5.85682	37747.7	-5.85682	37747.7
-5.78531	37467	-5.78531	37744.2	-5.78531	37744.2
-5.71359	37152	-5.71359	37739.5	-5.71359	37739.5
-5.64165	37587	-5.64165	37733.5	-5.64165	37733.5
-5.5695	37972	-5.5695	37725.9	-5.5695	37725.9
-5.49714	37264	-5.49714	37716.4	-5.49714	37716.4
-5.42458	37482	-5.42458	37704.4	-5.42458	37704.4
-5.35181	37737	-5.35181	37689.3	-5.35181	37689.3
-5.27883	37897	-5.27883	37670.2	-5.27883	37670.2
-5.20566	37448	-5.20566	37645.7	-5.20566	37645.7
-5.1323	37809	-5.1323	37614	-5.1323	37614
-5.05874	37452	-5.05874	37572.1	-5.05874	37572.1
-4.98499	37503	-4.98499	37515.5	-4.98499	37515.5
-4.91105	37524	-4.91105	37437.1	-4.91105	37437.1
-4.83693	37176	-4.83693	37324.7	-4.83693	37324.7
-4.76262	36835	-4.76262	37157.5	-4.76262	37157.5
-4.68814	36889	-4.68814	36897.5	-4.68814	36897.5
-4.61348	36405	-4.61348	36475.4	-4.61348	36475.4
-4.53864	35662	-4.53864	35774.8	-4.53864	35774.8
-4.46364	34535	-4.46364	34694.2	-4.46364	34694.2
-4.38846	32525	-4.38846	33598.9	-4.38846	33598.9
-4.31312	32954	-4.31312	33658.3	-4.31312	33658.3
-4.23762	34450	-4.23762	34795.9	-4.23762	34795.9
-4.16196	36198	-4.16196	35855.3	-4.16196	35855.3
-4.08614	36835	-4.08614	36532.1	-4.08614	36532.1
-4.01017	37444	-4.01017	36938.7	-4.01017	36938.7
-3.93405	36886	-3.93405	37189.3	-3.93405	37189.3
-3.85778	37601	-3.85778	37350.8	-3.85778	37350.8
-3.78136	37298	-3.78136	37459.5	-3.78136	37459.5
-3.70481	37480	-3.70481	37535.6	-3.70481	37535.6
-3.62811	37571	-3.62811	37590.6	-3.62811	37590.6
-3.55127	38062	-3.55127	37631.5	-3.55127	37631.5
-3.47431	37489	-3.47431	37662.6	-3.47431	37662.6
-3.39721	37620	-3.39721	37686.7	-3.39721	37686.7
-3.31998	37423	-3.31998	37705.7	-3.31998	37705.7
-3.24263	37311	-3.24263	37720.8	-3.24263	37720.8
-3.16516	37570	-3.16516	37733	-3.16516	37733
-3.08756	37846	-3.08756	37742.9	-3.08756	37742.9
-3.00985	37760	-3.00985	37751	-3.00985	37751
-2.93203	37844	-2.93203	37757.5	-2.93203	37757.5
-2.8541	37844	-2.8541	37762.8	-2.8541	37762.8
-2.77606	37782	-2.77606	37767	-2.77606	37767
-2.69792	38199	-2.69792	37770.2	-2.69792	37770.2
-2.61967	37827	-2.61967	37772.7	-2.61967	37772.7
-2.54133	38123	-2.54133	37774.3	-2.54133	37774.3
-2.46288	38143	-2.46288	37775.2	-2.46288	37775.2
-2.38435	37935	-2.38435	37775.3	-2.38435	37775.3
-2.30573	37924	-2.30573	37774.6	-2.30573	37774.6
-2.22702	37924	-2.22702	37772.9	-2.22702	37772.9
-2.14822	37444	-2.14822	37770	-2.14822	37770
-2.06935	37498	-2.06935	37765.6	-2.06935	37765.6
-1.9904	38017	-1.9904	37759.9	-1.9904	37759.9
-1.91137	37554	-1.91137	37754	-1.91137	37754
-1.83227	37590	-1.83227	37747.8	-1.83227	37747.8
-1.7531	37965	-1.7531	37739.1	-1.7531	37739.1
-1.67387	37495	-1.67387	37726.6	-1.67387	37726.6
-1.59457	37933	-1.59457	37709.4	-1.59457	37709.4
-1.51521	37846	-1.51521	37685.5	-1.51521	37685.5
-1.4358	37433	-1.4358	37652	-1.4358	37652
-1.35633	37449	-1.35633	37603.6	-1.35633	37603.6
-1.27681	37157	-1.27681	37531.2	-1.27681	37531.2
-1.19724	37672	-1.19724	37417.8	-1.19724	37417.8
-1.11763	37142	-1.11763	37231.2	-1.11763	37231.2
-1.03798	36781	-1.03798	36912.7	-1.03798	36912.7
-0.958281	36155	-0.958281	36387.9	-0.958281	36387.9
-0.878551	34893	-0.878551	35767.5	-0.878551	35767.5
-0.798788	34518	-0.798788	35688.4	-0.798788	35688.4
-0.718995	35340	-0.718995	36267.6	-0.718995	36267.6
-0.639175	36577	-0.639175	36832.1	-0.639175	36832.1
-0.559331	36991	-0.559331	37184.2	-0.559331	37184.2
-0.479466	37484	-0.479466	37389.7	-0.479466	37389.7
-0.399582	37736	-0.399582	37513.3	-0.399582	37513.3
-0.319684	37781	-0.319684	37591.3	-0.319684	37591.3
-0.239773	37572	-0.239773	37642.9	-0.239773	37642.9
-0.159854	37833	-0.159854	37678.2	-0.159854	37678.2
-0.079928	37464	-0.079928	37703.1	-0.079928	37703.1
0	37770	0	37721	0	37721
0.079928	37547	0.079928	37734	0.079928	37734
0.159854	37814	0.159854	37743.4	0.159854	37743.4
0.239773	37917	0.239773	37750	0.239773	37750
0.319684	37770	0.319684	37754.4	0.319684	37754.4
0.399582	38113	0.399582	37756.9	0.399582	37756.9
0.479466	37761	0.479466	37757.6	0.479466	37757.6
0.559331	37883	0.559331	37756.7	0.559331	37756.7
0.639175	38123	0.639175	37754.1	0.639175	37754.1
0.718995	37702	0.718995	37749.6	0.718995	37749.6
0.798788	37452	0.798788	37742.9	0.798788	37742.9
0.878551	37893	0.878551	37733.3	0.878551	37733.3
0.958281	37787	0.958281	37720.2	0.958281	37720.2
1.03798	38038	1.03798	37702	1.03798	37702
1.11763	38197	1.11763	37676.8	1.11763	37676.8
1.19724	37685	1.19724	37641.1	1.19724	37641.1
1.27681	37496	1.27681	37589	1.27681	37589
1.35633	37455	1.35633	37510.3	1.35633	37510.3
1.4358	37829	1.4358	37385.8	1.4358	37385.8
1.51521	36968	1.51521	37179.3	1.51521	37179.3
1.59457	37028	1.59457	36826.7	1.59457	36826.7
1.67387	36407	1.67387	36264.1	1.67387	36264.1
1.7531	34712	1.7531	35688.3	1.7531	35688.3
1.83227	34763	1.83227	35761.1	1.83227	35761.1
1.91137	35548	1.91137	36374.9	1.91137	36374.9
1.9904	36931	1.9904	36900.3	1.9904	36900.3
2.06935	37309	2.06935	37221.2	2.06935	37221.2
2.14822	37323	2.14822	37409.5	2.14822	37409.5
2.22702	37360	2.22702	37523.8	2.22702	37523.8
2.30573	37386	2.30573	37596.1	2.30573	37596.1
2.38435	37855	2.38435	37643.7	2.38435	37643.7
2.46288	37716	2.46288	37677.3	2.46288	37677.3
2.54133	38068	2.54133	37703.1	2.54133	37703.1
2.61967	37769	2.61967	37722.8	2.61967	37722.8
2.69792	37347	2.69792	37737.4	2.69792	37737.4
2.77606	37838	2.77606	37748.2	2.77606	37748.2
2.8541	37540	2.8541	37756.4	2.8541	37756.4
2.93203	37913	2.93203	37762.5	2.93203	37762.5
3.00985	37802	3.00985	37767.1	3.00985	37767.1
3.08756	37755	3.08756	37770.5	3.08756	37770.5
3.16516	37874	3.16516	37772.8	3.16516	37772.8
3.24263	37738	3.24263	37774.2	3.24263	37774.2
3.31998	37623	3.31998	37774.8	3.31998	37774.8
3.39721	37874	3.39721	37774.7	3.39721	37774.7
3.47431	37858	3.47431	37773.9	3.47431	37773.9
3.55127	37491	3.55127	37772.3	3.55127	37772.3
3.62811	37651	3.62811	37770.1	3.62811	37770.1
3.70481	38047	3.70481	37767	3.70481	37767
3.78136	37400	3.78136	37763.1	3.78136	37763.1
3.85778	37601	3.85778	37758.3	3.85778	37758.3
3.93405	37901	3.93405	37752.3	3.93405	37752.3
4.01017	37597	4.01017	37745	4.01017	37745
4.08614	37735	4.08614	37736	4.08614	37736
4.16196	37857	4.16196	37725.1	4.16196	37725.1
4.23762	37415	4.23762	37711.6	4.23762	37711.6
4.31312	37864	4.31312	37694.9	4.31312	37694.9
4.38846	37771	4.38846	37674	4.38846	37674
4.46364	37541	4.46364	37647.5	4.46364	37647.5
4.53864	37587	4.53864	37613.2	4.53864	37613.2
4.61348	37938	4.61348	37568.2	4.61348	37568.2
4.68814	37729	4.68814	37507.5	4.68814	37507.5
4.76262	37661	4.76262	37423.4	4.76262	37423.4
4.83693	37259	4.83693	37303	4.83693	37303
4.91105	37293	4.91105	37124	4.91105	37124
4.98499	36815	4.98499	36846.2	4.98499	36846.2
5.05874	36066	5.05874	36397.6	5.05874	36397.6
5.1323	35640	5.1323	35663.5	5.1323	35663.5
5.20566	34222	5.20566	34570.5	5.20566	34570.5
5.27883	32924	5.27883	33547.7	5.27883	33547.7
5.35181	33453	5.35181	33685.4	5.35181	33685.4
5.42458	34605	5.42458	34793.2	5.42458	34793.2
5.49714	35535	5.49714	35815.6	5.49714	35815.6
5.5695	36585	5.5695	36480.5	5.5695	36480.5
5.64165	36941	5.64165	36887.2	5.64165	36887.2
5.71359	37267	5.71359	37141.4	5.71359	37141.4
5.78531	37715	5.78531	37306.8	5.78531	37306.8
5.85682	37749	5.85682	37418.9	5.85682	37418.9
5.9281	37367	5.9281	37497.6	5.9281	37497.6
5.99916	37773	5.99916	37554.6	5.99916	37554.6
6.07	37762	6.07	37596.8	6.07	37596.8
6.1406	37630	6.1406	37628.7	6.1406	37628.7
6.21098	37696	6.21098	37653.2	6.21098	37653.2
6.28112	37868	6.28112	37672.2	6.28112	37672.2
6.35102	37491	6.35102	37687	6.35102	37687
6.42069	37526	6.42069	37698.5	6.42069	37698.5
6.49011	38001	6.49011	37707.5	6.49011	37707.5
6.55929	37754	6.55929	37714.2	6.55929	37714.2
6.62822	37878	6.62822	37719.2	6.62822	37719.2
6.69691	37733	6.69691	37722.7	6.69691	37722.7
6.76534	37943	6.76534	37724.7	6.76534	37724.7
6.83352	37931	6.83352	37725.5	6.83352	37725.5
6.90143	37668	6.90143	37725	6.90143	37725
6.96909	37362	6.96909	37723.4	6.96909	37723.4
7.03649	37635	7.03649	37720.5	7.03649	37720.5
7.10362	37872	7.10362	37716.4	7.10362	37716.4
7.17049	37541	7.17049	37710.9	7.17049	37710.9
7.23708	37704	7.23708	37703.9	7.23708	37703.9
7.3034	37631	7.3034	37695.2	7.3034	37695.2
7.36945	37655	7.36945	37684.5	7.36945	37684.5
7.43522	38017	7.43522	37671.5	7.43522	37671.5
7.50071	37949	7.50071	37655.7	7.50071	37655.7
7.56592	37852	7.56592	37636.5	7.56592	37636.5
7.63084	37440	7.63084	37613.1	7.63084	37613.1
7.69547	37232	7.69547	37584.3	7.69547	37584.3
7.75982	37382	7.75982	37548.6	7.75982	37548.6
7.82387	37615	7.82387	37504	7.82387	37504
7.88763	37663	7.88763	37447.4	7.88763	37447.4
7.95109	37454	7.95109	37374.5	7.95109	37374.5
8.01425	37327	8.01425	37278.9	8.01425	37278.9
8.07711	37265	8.07711	37151	8.07711	37151
8.13967	37099	8.13967	36975.5	8.13967	36975.5
8.20192	36805	8.20192	36728.2	8.20192	36728.2
8.26386	36323	8.26386	36369.4	8.26386	36369.4
8.32549	36230	8.32549	35835	8.32549	35835
8.38681	35059	8.38681	35028.4	8.38681	35028.4
8.44781	33799	8.44781	33850	8.44781	33850
8.50849	32630	8.50849	32384.1	8.50849	32384.1
8.56885	32255	8.56885	31313.3	8.56885	31313.3
8.62889	32027	8.62889	31585.7	8.62889	31585.7
8.68861	33111	8.68861	32907.2	8.68861	32907.2
8.748	34512	8.748	34282.7	8.748	34282.7
8.80705	35614	8.80705	35304.6	8.80705	35304.6
8.86578	35807	8.86578	35995	8.86578	35995
8.92417	36416	8.92417	36457.3	8.92417	36457.3
8.98223	36495	8.98223	36773.4	8.98223	36773.4
9.03995	37056	9.03995	36995.6	9.03995	36995.6
9.09733	37348	9.09733	37156.4	9.09733	37156.4
9.15436	37309	9.15436	37276	9.15436	37276
9.21106	37694	9.21106	37366.9	9.21106	37366.9
9.2674	37251	9.2674	37437.6	9.2674	37437.6
9.3234	37608	9.3234	37493.6	9.3234	37493.6
9.37904	37830	9.37904	37538.6	9.37904	37538.6
9.43433	37469	9.43433	37575.3	9.43433	37575.3
9.48927	37633	9.48927	37605.7	9.48927	37605.7
9.54385	37649	9.54385	37631	9.54385	37631
9.59807	37622	9.59807	37652.5	9.59807	37652.5
9.65193	37885	9.65193	37670.7	9.65193	37670.7
9.70542	38029	9.70542	37686.4	9.70542	37686.4
9.75855	37748	9.75855	37700	9.75855	37700
9.81131	37830	9.81131	37711.8	9.81131	37711.8
9.8637	37366	9.8637	37722.2	9.8637	37722.2
9.91573	37773	9.91573	37731.4	9.91573	37731.4
9.96738	37374	9.96738	37739.5	9.96738	37739.5
10.0186	37730	10.0186	37746.7	10.0186	37746.7
10.0695	37877	10.0695	37753.2	10.0695	37753.2
10.1201	37902	10.1201	37759	10.1201	37759
10.1702	37988	10.1702	37764.3	10.1702	37764.3
10.2199	37980	10.2199	37769	10.2199	37769
10.2693	37763	10.2693	37773.3	10.2693	37773.3
10.3183	37933	10.3183	37777.3	10.3183	37777.3
10.3669	37628	10.3669	37780.9	10.3669	37780.9
10.4151	37878	10.4151	37784.2	10.4151	37784.2
10.4629	37778	10.4629	37787.2	10.4629	37787.2
10.5103	37728	10.5103	37790	10.5103	37790
10.5573	37913	10.5573	37792.6	10.5573	37792.6
10.604	37569	10.604	37795	10.604	37795
10.6502	37724	10.6502	37797.2	10.6502	37797.2
10.696	37965	10.696	37799.3	10.696	37799.3
10.7414	37918	10.7414	37801.2	10.7414	37801.2
10.7864	37865	10.7864	37803	10.7864	37803
10.8311	37709	10.8311	37804.7	10.8311	37804.7
10.8753	37740	10.8753	37806.2	10.8753	37806.2
10.9191	37762	10.9191	37807.7	10.9191	37807.7
10.9624	37853	10.9624	37809.1	10.9624	37809.1
11.0054	38114	11.0054	37810.4	11.0054	37810.4
11.048	37906	11.048	37811.6	11.048	37811.6
11.0901	37583	11.0901	37812.8	11.0901	37812.8
11.1318	37589	11.1318	37813.9	11.1318	37813.9
11.1731	37970	11.1731	37814.9	11.1731	37814.9
11.214	38085	11.214	37815.9	11.214	37815.9
11.2545	37983	11.2545	37816.8	11.2545	37816.8
11.2945	37625	11.2945	37817.6	11.2945	37817.6
11.3341	37657	11.3341	37818.5	11.3341	37818.5
11.3733	37906	11.3733	37819.3	11.3733	37819.3
11.412	37681	11.412	37820	11.412	37820
11.4504	37713	11.4504	37820.7	11.4504	37820.7
11.4883	37655	11.4883	37821.4	11.4883	37821.4
11.5257	37573	11.5257	37822	11.5257	37822
11.5627	37720	11.5627	37822.6	11.5627	37822.6
11.5993	37818	11.5993	37823.2	11.5993	37823.2
11.6355	37662	11.6355	37823.8	11.6355	37823.8
11.6712	38023	11.6712	37824.3	11.6712	37824.3
11.7065	37649	11.7065	37824.8	11.7065	37824.8
11.7413	37787	11.7413	37825.3	11.7413	37825.3
11.7757	38000	11.7757	37825.8	11.7757	37825.8
11.8097	37586	11.8097	37826.2	11.8097	37826.2
11.8432	38152	11.8432	37826.7	11.8432	37826.7
11.8762	37767	11.8762	37827.1	11.8762	37827.1
11.9089	37920	11.9089	37827.5	11.9089	37827.5
11.941	37508	11.941	37827.8	11.941	37827.8
11.9727	37806	11.9727	37828.2	11.9727	37828.2
12.004	37769	12.004	37828.6	12.004	37828.6
12.0348	38126	12.0348	37828.9	12.0348	37828.9
12.0652	37454	12.0652	37829.2	12.0652	37829.2
12.0951	37755	12.0951	37829.5	12.0951	37829.5
12.1245	37808	12.1245	37829.8	12.1245	37829.8
12.1535	37633	12.1535	37830.1	12.1535	37830.1
12.1821	38004	12.1821	37830.4	12.1821	37830.4
12.2102	37778	12.2102	37830.7	12.2102	37830.7
12.2378	38050	12.2378	37830.9	12.2378	37830.9
12.2649	37867	12.2649	37831.2	12.2649	37831.2
12.2916	37916	12.2916	37831.4	12.2916	37831.4
12.3179	37754	12.3179	37831.6	12.3179	37831.6
12.3436	37847	12.3436	37831.8	12.3436	37831.8
12.3689	37926	12.3689	37832	12.3689	37832
12.3938	37834	12.3938	37832.3	12.3938	37832.3
12.4181	37940	12.4181	37832.4	12.4181	37832.4
12.4421	37770	12.4421	37832.6	12.4421	37832.6
12.4655	37832	12.4655	37832.8	12.4655	37832.8
12.4885	37963	12.4885	37833	12.4885	37833
12.511	37981	12.511	37833.2	12.511	37833.2
12.533	37798	12.533	37833.3	12.533	37833.3
12.5545	37815	12.5545	37833.5	12.5545	37833.5
12.5756	37852	12.5756	37833.6	12.5756	37833.6
12.5962	37909	12.5962	37833.8	12.5962	37833.8
12.6164	37996	12.6164	37833.9	12.6164	37833.9
12.636	37848	12.636	37834.1	12.636	37834.1
12.6552	38127	12.6552	37834.2	12.6552	37834.2
12.6739	37789	12.6739	37834.3	12.6739	37834.3
12.6921	37879	12.6921	37834.4	12.6921	37834.4
12.7099	37995	12.7099	37834.6	12.7099	37834.6
12.7272	37651	12.7272	37834.7	12.7272	37834.7
12.744	37911	12.744	37834.8	12.744	37834.8
12.7603	37784	12.7603	37834.9	12.7603	37834.9
12.7761	37764	12.7761	37835	12.7761	37835
12.7915	37418	12.7915	37835.1	12.7915	37835.1
12.8063	37569	12.8063	37835.2	12.8063	37835.2
12.8207	37898	12.8207	37835.2	12.8207	37835.2
12.8346	37779	12.8346	37835.3	12.8346	37835.3
12.848	37807	12.848	37835.4	12.848	37835.4
12.861	37629	12.861	37835.5	12.861	37835.5
12.8734	37572	12.8734	37835.6	12.8734	37835.6
12.8854	37657	12.8854	37835.6	12.8854	37835.6
12.8969	38492	12.8969	37835.7	12.8969	37835.7
12.9079	37875	12.9079	37835.8	12.9079	37835.8
12.9184	37917	12.9184	37835.8	12.9184	37835.8
12.9284	37821	12.9284	37835.9	12.9284	37835.9
12.938	38072	12.938	37835.9	12.938	37835.9
12.947	37675	12.947	37836	12.947	37836
12.9556	37798	12.9556	37836	12.9556	37836
12.9637	37813	12.9637	37836.1	12.9637	37836.1
12.9713	37659	12.9713	37836.1	12.9713	37836.1
12.9784	37827	12.9784	37836.2	12.9784	37836.2
12.985	38025	12.985	37836.2	12.985	37836.2
12.9911	37736	12.9911	37836.2	12.9911	37836.2
12.9967	37927	12.9967	37836.3	12.9967	37836.3
13.0019	37983	13.0019	37836.3	13.0019	37836.3
13.0065	37827	13.0065	37836.3	13.0065	37836.3
13.0107	37568	13.0107	37836.3	13.0107	37836.3
13.0144	38088	13.0144	37836.4	13.0144	37836.4
13.0176	38171	13.0176	37836.4	13.0176	37836.4
13.0203	37812	13.0203	37836.4	13.0203	37836.4
13.0225	37991	13.0225	37836.4	13.0225	37836.4
13.0242	38019	13.0242	37836.4	13.0242	37836.4
13.0254	37822	13.0254	37836.4	13.0254	37836.4
13.0262	38019	13.0262	37836.4	13.0262	37836.4
13.0264	37725	13.0264	37836.4	13.0264	37836.4
