Original file:
C:\Users\Kryolabor\Desktop\131124Joekob\fe_3O_4.txt
Date / time: 18.11.2024, 14:33:24
Sample: Fe_3O_4
Comments: 80.0 mV
Channel #	Counts	Counts (folded)
      0	  74225	 148560
      1	  74741	 148727
      2	  74534	 148600
      3	  73962	 147658
      4	  73954	 147210
      5	  74270	 148273
      6	  74098	 148268
      7	  74407	 148681
      8	  74351	 148136
      9	  74073	 148447
     10	  74282	 148856
     11	  73766	 148055
     12	  74553	 148147
     13	  74289	 148798
     14	  74343	 148707
     15	  73973	 148090
     16	  74075	 148098
     17	  74226	 148223
     18	  74651	 149030
     19	  74260	 148430
     20	  74386	 148283
     21	  74182	 148290
     22	  74307	 148421
     23	  74273	 148376
     24	  74295	 148052
     25	  74332	 148556
     26	  74698	 148709
     27	  73983	 147943
     28	  74238	 148711
     29	  74359	 148427
     30	  74000	 147573
     31	  74190	 148684
     32	  74259	 148401
     33	  74142	 148384
     34	  74079	 148452
     35	  73894	 148104
     36	  74085	 148033
     37	  74532	 148843
     38	  74190	 148725
     39	  74453	 148771
     40	  74592	 148705
     41	  73984	 147925
     42	  74196	 148327
     43	  74572	 148388
     44	  74532	 148771
     45	  73771	 148001
     46	  73509	 147915
     47	  73846	 147920
     48	  73833	 148297
     49	  74384	 148117
     50	  74389	 148311
     51	  74225	 148158
     52	  74288	 148542
     53	  73820	 147328
     54	  74068	 147599
     55	  74325	 148446
     56	  74608	 148268
     57	  74636	 148995
     58	  74192	 148166
     59	  74147	 148660
     60	  74392	 147959
     61	  73749	 147510
     62	  73897	 147589
     63	  74066	 148216
     64	  74056	 148691
     65	  73982	 147844
     66	  73931	 148155
     67	  74505	 148982
     68	  74035	 147730
     69	  73973	 147634
     70	  74620	 148128
     71	  74396	 148474
     72	  74022	 148123
     73	  74527	 148556
     74	  74315	 148256
     75	  74268	 148151
     76	  74105	 148602
     77	  74073	 148157
     78	  74108	 147830
     79	  74363	 148369
     80	  73941	 147774
     81	  74166	 148070
     82	  74094	 148233
     83	  74276	 148146
     84	  74417	 148269
     85	  73994	 148893
     86	  74470	 148488
     87	  73774	 147910
     88	  73783	 148032
     89	  74250	 147779
     90	  74380	 148294
     91	  74113	 147816
     92	  74178	 148019
     93	  74287	 147951
     94	  74097	 147959
     95	  74521	 148930
     96	  73883	 147637
     97	  73851	 148003
     98	  74179	 148519
     99	  73961	 148110
    100	  73755	 147411
    101	  74149	 148631
    102	  74526	 148540
    103	  74489	 148452
    104	  74193	 147809
    105	  73851	 148036
    106	  74479	 147998
    107	  74333	 148673
    108	  74020	 147431
    109	  74162	 148078
    110	  73953	 148126
    111	  74182	 147925
    112	  73832	 147973
    113	  74256	 148268
    114	  73695	 147623
    115	  74199	 147749
    116	  74426	 148707
    117	  73949	 147770
    118	  73877	 147425
    119	  74415	 148648
    120	  74226	 147994
    121	  73735	 148087
    122	  74087	 147780
    123	  73693	 147517
    124	  73871	 147343
    125	  74226	 148288
    126	  74104	 148099
    127	  74028	 147298
    128	  73968	 147845
    129	  73640	 147535
    130	  73789	 147698
    131	  73514	 147172
    132	  73734	 147012
    133	  74089	 147446
    134	  73942	 147062
    135	  73539	 146979
    136	  73671	 145963
    137	  73715	 145929
    138	  73597	 145157
    139	  73085	 143850
    140	  72750	 143062
    141	  72808	 141577
    142	  71836	 138661
    143	  71631	 136795
    144	  70703	 134664
    145	  68878	 133820
    146	  67051	 132860
    147	  66030	 133802
    148	  64908	 135211
    149	  64399	 135200
    150	  65155	 136680
    151	  67449	 140039
    152	  69442	 141801
    153	  70825	 143951
    154	  72028	 145335
    155	  72506	 145626
    156	  73073	 146502
    157	  73632	 146788
    158	  73580	 147145
    159	  73377	 147242
    160	  73734	 147143
    161	  73843	 147585
    162	  74399	 148348
    163	  73853	 147243
    164	  74541	 148563
    165	  74229	 147813
    166	  74062	 147915
    167	  73466	 147320
    168	  74060	 147960
    169	  74202	 147890
    170	  74193	 147748
    171	  74066	 147682
    172	  74202	 148562
    173	  73670	 147563
    174	  74233	 147705
    175	  74370	 147811
    176	  74269	 147978
    177	  74316	 147919
    178	  74270	 147898
    179	  73995	 147841
    180	  74326	 148082
    181	  74567	 148054
    182	  73960	 147449
    183	  73885	 146701
    184	  74185	 147045
    185	  73858	 146572
    186	  73332	 145920
    187	  74062	 145711
    188	  72807	 142904
    189	  73145	 141020
    190	  72379	 139252
    191	  72019	 138114
    192	  70514	 138338
    193	  68657	 138501
    194	  67191	 138423
    195	  66664	 139093
    196	  67580	 140530
    197	  69430	 142737
    198	  71685	 145233
    199	  72294	 146036
    200	  72662	 146232
    201	  73468	 147096
    202	  73490	 146954
    203	  73887	 147903
    204	  74088	 148449
    205	  73648	 147341
    206	  74058	 147992
    207	  74137	 147690
    208	  74249	 148753
    209	  74178	 148141
    210	  74216	 148425
    211	  74153	 147899
    212	  74101	 148081
    213	  74940	 149349
    214	  74365	 148314
    215	  74691	 148557
    216	  74215	 148263
    217	  74278	 148045
    218	  74087	 148188
    219	  74117	 147806
    220	  74332	 148371
    221	  74128	 147498
    222	  74021	 148075
    223	  74380	 148495
    224	  74105	 147747
    225	  74336	 148457
    226	  73722	 147218
    227	  73771	 147508
    228	  73635	 146073
    229	  74153	 145793
    230	  73684	 144383
    231	  73297	 143879
    232	  72786	 144009
    233	  72556	 143802
    234	  71245	 142386
    235	  70796	 142455
    236	  71635	 144461
    237	  71160	 144412
    238	  71497	 144802
    239	  71786	 145360
    240	  72432	 146056
    241	  73851	 146863
    242	  74083	 147930
    243	  74101	 147740
    244	  73851	 147767
    245	  74264	 148410
    246	  74530	 148685
    247	  74194	 148240
    248	  73992	 147943
    249	  74009	 147662
    250	  73971	 147946
    251	  74300	 147943
    252	  73785	 147604
    253	  73864	 147454
    254	  73891	 147477
    255	  74315	 147490
    256	  74207	 147272
    257	  74556	 147332
    258	  73801	 146377
    259	  73440	 144779
    260	  73798	 144337
    261	  73108	 144235
    262	  72880	 144463
    263	  71640	 143907
    264	  70584	 142801
    265	  70620	 142154
    266	  72215	 143596
    267	  72602	 145081
    268	  72802	 146216
    269	  72172	 145108
    270	  71385	 144706
    271	  72382	 146051
    272	  73766	 147448
    273	  73189	 146966
    274	  73851	 147906
    275	  74000	 147862
    276	  74142	 148511
    277	  73868	 147698
    278	  73948	 147749
    279	  73839	 147604
    280	  74554	 148128
    281	  74189	 148048
    282	  74408	 148246
    283	  74529	 148145
    284	  74159	 147923
    285	  73853	 147848
    286	  74059	 147411
    287	  74043	 148049
    288	  73979	 147772
    289	  74543	 148468
    290	  74136	 147556
    291	  74186	 147640
    292	  74276	 148344
    293	  74423	 148306
    294	  74093	 147291
    295	  74070	 147023
    296	  73763	 146255
    297	  73845	 145889
    298	  73589	 143830
    299	  73645	 142536
    300	  73218	 141801
    301	  72162	 141599
    302	  70873	 141796
    303	  69521	 140966
    304	  68144	 140658
    305	  69340	 141491
    306	  71200	 143444
    307	  72218	 143011
    308	  72928	 143335
    309	  72465	 142076
    310	  72756	 144076
    311	  72011	 143981
    312	  70784	 143757
    313	  70105	 143358
    314	  70837	 144017
    315	  72070	 145359
    316	  72954	 146859
    317	  73535	 147270
    318	  73398	 147692
    319	  73873	 147508
    320	  73989	 147190
    321	  74061	 147832
    322	  74352	 147551
    323	  73980	 147615
    324	  73951	 147935
    325	  74512	 147843
    326	  73843	 147315
    327	  73536	 147274
    328	  73849	 147678
    329	  73947	 147738
    330	  73812	 147308
    331	  74289	 147611
    332	  73948	 147737
    333	  74171	 148191
    334	  73609	 146906
    335	  73828	 146983
    336	  73563	 146631
    337	  73499	 145890
    338	  74009	 146307
    339	  73251	 144479
    340	  72789	 142671
    341	  72844	 141251
    342	  72299	 140677
    343	  71653	 138414
    344	  70400	 137882
    345	  69374	 138892
    346	  68000	 138371
    347	  67785	 139060
    348	  68153	 140255
    349	  69154	 141244
    350	  70544	 143164
    351	  71357	 144012
    352	  72391	 144728
    353	  72352	 143604
    354	  72764	 143445
    355	  73317	 142854
    356	  72295	 141033
    357	  72637	 141902
    358	  71417	 141579
    359	  69617	 141177
    360	  69159	 140899
    361	  69299	 142218
    362	  69910	 143036
    363	  71479	 144815
    364	  72029	 145879
    365	  72391	 146011
    366	  72778	 146533
    367	  73226	 147129
    368	  73241	 147212
    369	  73974	 148014
    370	  73787	 147316
    371	  74131	 147732
    372	  73829	 147606
    373	  74106	 147967
    374	  73995	 148074
    375	  73722	 148026
    376	  74032	 148051
    377	  74114	 147840
    378	  74245	 148135
    379	  74075	 148324
    380	  74567	 148594
    381	  74063	 148218
    382	  74641	 148378
    383	  74314	 148183
    384	  74518	 148093
    385	  73956	 148232
    386	  74382	 148354
    387	  73908	 147636
    388	  74228	 148014
    389	  74500	 148540
    390	  74128	 147910
    391	  73899	 147763
    392	  74940	 149048
    393	  74070	 147898
    394	  74570	 148611
    395	  74440	 148338
    396	  73979	 148381
    397	  74319	 148515
    398	  74309	 148669
    399	  74079	 147867
    400	  74045	 148058
    401	  73775	 147968
    402	  74123	 148047
    403	  74553	 148498
    404	  74528	 148834
    405	  73774	 147573
    406	  74252	 148549
    407	  74350	 147864
    408	  74160	 148408
    409	  74606	 148929
    410	  74411	 148109
    411	  74273	 148524
    412	  74462	 148505
    413	  74654	 148037
    414	  74356	 147923
    415	  73952	 148250
    416	  74655	 148969
    417	  74504	 148078
    418	  74241	 148005
    419	  74601	 149118
    420	  74547	 148542
    421	  73994	 147609
    422	  73793	 147632
    423	  74439	 148452
    424	  74502	 148673
    425	  73797	 147469
    426	  74540	 148274
    427	  74035	 147891
    428	  74555	 148471
    429	  73926	 148057
    430	  74434	 148364
    431	  74223	 148387
    432	  74106	 148351
    433	  74448	 148598
    434	  74274	 148069
    435	  74472	 148264
    436	  74275	 148494
    437	  74242	 148352
    438	  74525	 148073
    439	  74429	 148629
    440	  74348	 148278
    441	  74154	 148405
    442	  74185	 148079
    443	  74776	 148738
    444	  74340	 147868
    445	  74303	 148574
    446	  74224	 148094
    447	  74027	 148287
    448	  74001	 148019
    449	  74190	 148354
    450	  73815	 148052
    451	  73687	 147351
    452	  74730	 149081
    453	  74463	 148273
    454	  74054	 148314
    455	  74029	 148177
    456	  73787	 147575
    457	  74172	 148065
    458	  74368	 148791
    459	  74135	 147685
    460	  74334	 148547
    461	  74629	 148507
    462	  74630	 149053
    463	  74332	 148210
    464	  74227	 148566
    465	  74384	 148323
    466	  74533	 148725
    467	  74026	 148476
    468	  74724	 148742
    469	  74391	 148156
    470	  74328	 148324
    471	  73920	 148063
    472	  74158	 148192
    473	  75133	 149446
    474	  74162	 148607
    475	  74284	 147999
    476	  74650	 148770
    477	  73925	 147625
    478	  74037	 148600
    479	  73915	 147792
    480	  74178	 148180
    481	  74716	 148715
    482	  74076	 148585
    483	  74728	 148504
    484	  74155	 148411
    485	  73985	 148148
    486	  74008	 147783
    487	  74047	 148025
    488	  74156	 148612
    489	  74194	 148098
    490	  74184	 147869
    491	  74083	 148484
    492	  74416	 148452
    493	  73866	 147625
    494	  73942	 148066
    495	  74211	 148162
    496	  74005	 148356
    497	  74365	 148760
    498	  74414	 148730
    499	  74116	 148591
    500	  74107	 148290
    501	  74241	 148489
    502	  74551	 148547
    503	  74752	 148422
    504	  74804	 149144
    505	  74381	 148329
    506	  74458	 148675
    507	  74442	 148355
    508	  74191	 148196
    509	  74826	 149230
    510	  74368	 148445
    511	  74077	      0
    512	  74404	      0
    513	  74005	      0
    514	  73913	      0
    515	  74217	      0
    516	  73948	      0
    517	  74340	      0
    518	  73670	      0
    519	  73996	      0
    520	  74248	      0
    521	  74183	      0
    522	  74475	      0
    523	  74316	      0
    524	  74395	      0
    525	  74351	      0
    526	  73951	      0
    527	  74124	      0
    528	  73759	      0
    529	  74036	      0
    530	  74401	      0
    531	  73685	      0
    532	  73904	      0
    533	  74456	      0
    534	  73978	      0
    535	  73775	      0
    536	  74163	      0
    537	  74256	      0
    538	  73776	      0
    539	  74509	      0
    540	  73999	      0
    541	  74002	      0
    542	  73877	      0
    543	  74563	      0
    544	  73700	      0
    545	  74120	      0
    546	  73715	      0
    547	  74445	      0
    548	  74313	      0
    549	  74034	      0
    550	  74143	      0
    551	  73996	      0
    552	  73765	      0
    553	  74018	      0
    554	  74450	      0
    555	  74192	      0
    556	  73939	      0
    557	  74339	      0
    558	  73878	      0
    559	  74423	      0
    560	  73878	      0
    561	  74213	      0
    562	  73550	      0
    563	  74423	      0
    564	  73893	      0
    565	  73788	      0
    566	  74148	      0
    567	  74260	      0
    568	  73810	      0
    569	  74351	      0
    570	  73664	      0
    571	  74237	      0
    572	  74164	      0
    573	  74018	      0
    574	  74260	      0
    575	  73870	      0
    576	  74271	      0
    577	  73528	      0
    578	  73962	      0
    579	  73894	      0
    580	  74251	      0
    581	  73930	      0
    582	  74200	      0
    583	  73548	      0
    584	  74110	      0
    585	  74219	      0
    586	  73792	      0
    587	  73795	      0
    588	  74150	      0
    589	  74245	      0
    590	  74164	      0
    591	  73930	      0
    592	  74131	      0
    593	  73916	      0
    594	  73856	      0
    595	  73734	      0
    596	  73672	      0
    597	  74171	      0
    598	  74013	      0
    599	  73839	      0
    600	  73615	      0
    601	  73995	      0
    602	  74517	      0
    603	  73764	      0
    604	  73574	      0
    605	  74314	      0
    606	  74298	      0
    607	  73567	      0
    608	  73383	      0
    609	  74043	      0
    610	  74251	      0
    611	  73698	      0
    612	  74323	      0
    613	  74248	      0
    614	  73514	      0
    615	  74297	      0
    616	  73799	      0
    617	  74306	      0
    618	  73945	      0
    619	  73924	      0
    620	  74193	      0
    621	  74013	      0
    622	  73788	      0
    623	  74360	      0
    624	  74196	      0
    625	  74402	      0
    626	  73898	      0
    627	  74041	      0
    628	  73828	      0
    629	  74108	      0
    630	  73864	      0
    631	  73782	      0
    632	  74040	      0
    633	  73786	      0
    634	  73728	      0
    635	  73972	      0
    636	  74276	      0
    637	  73575	      0
    638	  73869	      0
    639	  73737	      0
    640	  74155	      0
    641	  74027	      0
    642	  74249	      0
    643	  73890	      0
    644	  73726	      0
    645	  74019	      0
    646	  74304	      0
    647	  74079	      0
    648	  73861	      0
    649	  73777	      0
    650	  73601	      0
    651	  73529	      0
    652	  74040	      0
    653	  73971	      0
    654	  73903	      0
    655	  73755	      0
    656	  73620	      0
    657	  73850	      0
    658	  73336	      0
    659	  73126	      0
    660	  72919	      0
    661	  71740	      0
    662	  71560	      0
    663	  70162	      0
    664	  69265	      0
    665	  68738	      0
    666	  69537	      0
    667	  70681	      0
    668	  71252	      0
    669	  72337	      0
    670	  72655	      0
    671	  72620	      0
    672	  72090	      0
    673	  72102	      0
    674	  71275	      0
    675	  70371	      0
    676	  69518	      0
    677	  67482	      0
    678	  66761	      0
    679	  68378	      0
    680	  68407	      0
    681	  69882	      0
    682	  71228	      0
    683	  72298	      0
    684	  72391	      0
    685	  73068	      0
    686	  73155	      0
    687	  73297	      0
    688	  74020	      0
    689	  73789	      0
    690	  73322	      0
    691	  73496	      0
    692	  73791	      0
    693	  73829	      0
    694	  73738	      0
    695	  73472	      0
    696	  73331	      0
    697	  73984	      0
    698	  73635	      0
    699	  73199	      0
    700	  73771	      0
    701	  73201	      0
    702	  73635	      0
    703	  74294	      0
    704	  73735	      0
    705	  73905	      0
    706	  73289	      0
    707	  73180	      0
    708	  73253	      0
    709	  72973	      0
    710	  71970	      0
    711	  71320	      0
    712	  69611	      0
    713	  70407	      0
    714	  70793	      0
    715	  72244	      0
    716	  72151	      0
    717	  72514	      0
    718	  71445	      0
    719	  70923	      0
    720	  69437	      0
    721	  68583	      0
    722	  68891	      0
    723	  70241	      0
    724	  72044	      0
    725	  72492	      0
    726	  72953	      0
    727	  73198	      0
    728	  73883	      0
    729	  74068	      0
    730	  73454	      0
    731	  73420	      0
    732	  73925	      0
    733	  73793	      0
    734	  74006	      0
    735	  73352	      0
    736	  73995	      0
    737	  73764	      0
    738	  73616	      0
    739	  73838	      0
    740	  73859	      0
    741	  73574	      0
    742	  73765	      0
    743	  73801	      0
    744	  73830	      0
    745	  74369	      0
    746	  73862	      0
    747	  74055	      0
    748	  73777	      0
    749	  73682	      0
    750	  73669	      0
    751	  73321	      0
    752	  72936	      0
    753	  73414	      0
    754	  72479	      0
    755	  71381	      0
    756	  71534	      0
    757	  72217	      0
    758	  72267	      0
    759	  71583	      0
    760	  71127	      0
    761	  70539	      0
    762	  71339	      0
    763	  72576	      0
    764	  72776	      0
    765	  73065	      0
    766	  73175	      0
    767	  73586	      0
    768	  73590	      0
    769	  73819	      0
    770	  73643	      0
    771	  73975	      0
    772	  73653	      0
    773	  73951	      0
    774	  74046	      0
    775	  74155	      0
    776	  74146	      0
    777	  73916	      0
    778	  73639	      0
    779	  73847	      0
    780	  73012	      0
    781	  73624	      0
    782	  73574	      0
    783	  73305	      0
    784	  73252	      0
    785	  72826	      0
    786	  71659	      0
    787	  71141	      0
    788	  71246	      0
    789	  71223	      0
    790	  70582	      0
    791	  70699	      0
    792	  71640	      0
    793	  72438	      0
    794	  73737	      0
    795	  73496	      0
    796	  74121	      0
    797	  73642	      0
    798	  74115	      0
    799	  74054	      0
    800	  73370	      0
    801	  74039	      0
    802	  73689	      0
    803	  74101	      0
    804	  73767	      0
    805	  74048	      0
    806	  73866	      0
    807	  73949	      0
    808	  74409	      0
    809	  73980	      0
    810	  73746	      0
    811	  74209	      0
    812	  73963	      0
    813	  74504	      0
    814	  73553	      0
    815	  73934	      0
    816	  73693	      0
    817	  74361	      0
    818	  74016	      0
    819	  73464	      0
    820	  73628	      0
    821	  73570	      0
    822	  73742	      0
    823	  73548	      0
    824	  73307	      0
    825	  72950	      0
    826	  72429	      0
    827	  71232	      0
    828	  69844	      0
    829	  67824	      0
    830	  66095	      0
    831	  66873	      0
    832	  67875	      0
    833	  70097	      0
    834	  71649	      0
    835	  72588	      0
    836	  72714	      0
    837	  72860	      0
    838	  72816	      0
    839	  73489	      0
    840	  73487	      0
    841	  73756	      0
    842	  73846	      0
    843	  73628	      0
    844	  73603	      0
    845	  73709	      0
    846	  73441	      0
    847	  73472	      0
    848	  73893	      0
    849	  74360	      0
    850	  73616	      0
    851	  73555	      0
    852	  73688	      0
    853	  73900	      0
    854	  73854	      0
    855	  73853	      0
    856	  73584	      0
    857	  74022	      0
    858	  73390	      0
    859	  73949	      0
    860	  73742	      0
    861	  73409	      0
    862	  73865	      0
    863	  73565	      0
    864	  73156	      0
    865	  73429	      0
    866	  73120	      0
    867	  73307	      0
    868	  73126	      0
    869	  72359	      0
    870	  72590	      0
    871	  71525	      0
    872	  70801	      0
    873	  70303	      0
    874	  67772	      0
    875	  65809	      0
    876	  64942	      0
    877	  63961	      0
    878	  65164	      0
    879	  66825	      0
    880	  68769	      0
    881	  70312	      0
    882	  70765	      0
    883	  71560	      0
    884	  72214	      0
    885	  72292	      0
    886	  73440	      0
    887	  73120	      0
    888	  73357	      0
    889	  73278	      0
    890	  73658	      0
    891	  73909	      0
    892	  73895	      0
    893	  73877	      0
    894	  73270	      0
    895	  73995	      0
    896	  74062	      0
    897	  73472	      0
    898	  73824	      0
    899	  73693	      0
    900	  74352	      0
    901	  73768	      0
    902	  74233	      0
    903	  73548	      0
    904	  73821	      0
    905	  74281	      0
    906	  73550	      0
    907	  73928	      0
    908	  74012	      0
    909	  74141	      0
    910	  73743	      0
    911	  74173	      0
    912	  73916	      0
    913	  73411	      0
    914	  74340	      0
    915	  73519	      0
    916	  74185	      0
    917	  73616	      0
    918	  73963	      0
    919	  74014	      0
    920	  74482	      0
    921	  73656	      0
    922	  74149	      0
    923	  74340	      0
    924	  74152	      0
    925	  73754	      0
    926	  74409	      0
    927	  73862	      0
    928	  73664	      0
    929	  73841	      0
    930	  73703	      0
    931	  73914	      0
    932	  73529	      0
    933	  74249	      0
    934	  74136	      0
    935	  74018	      0
    936	  74899	      0
    937	  73852	      0
    938	  73870	      0
    939	  74139	      0
    940	  73904	      0
    941	  73833	      0
    942	  74006	      0
    943	  73722	      0
    944	  74084	      0
    945	  74497	      0
    946	  73883	      0
    947	  73941	      0
    948	  74029	      0
    949	  74101	      0
    950	  74078	      0
    951	  73508	      0
    952	  73661	      0
    953	  73695	      0
    954	  74477	      0
    955	  74224	      0
    956	  73862	      0
    957	  74635	      0
    958	  74150	      0
    959	  73692	      0
    960	  73761	      0
    961	  73567	      0
    962	  74513	      0
    963	  73974	      0
    964	  74359	      0
    965	  73660	      0
    966	  74121	      0
    967	  73531	      0
    968	  73508	      0
    969	  74254	      0
    970	  73933	      0
    971	  73922	      0
    972	  73733	      0
    973	  74464	      0
    974	  74074	      0
    975	  74406	      0
    976	  74230	      0
    977	  74239	      0
    978	  73816	      0
    979	  74131	      0
    980	  73941	      0
    981	  74113	      0
    982	  74318	      0
    983	  74535	      0
    984	  74311	      0
    985	  73948	      0
    986	  74210	      0
    987	  74373	      0
    988	  74242	      0
    989	  74142	      0
    990	  74494	      0
    991	  73573	      0
    992	  74068	      0
    993	  74473	      0
    994	  73960	      0
    995	  74011	      0
    996	  74224	      0
    997	  73757	      0
    998	  74103	      0
    999	  74114	      0
   1000	  74108	      0
   1001	  73897	      0
   1002	  74170	      0
   1003	  74379	      0
   1004	  73997	      0
   1005	  74023	      0
   1006	  74117	      0
   1007	  74364	      0
   1008	  74509	      0
   1009	  73594	      0
   1010	  74289	      0
   1011	  74574	      0
   1012	  74374	      0
   1013	  73785	      0
   1014	  74274	      0
   1015	  74170	      0
   1016	  74003	      0
   1017	  73256	      0
   1018	  73696	      0
   1019	  74066	      0
   1020	  73986	      0
   1021	  74335	      0
   1022	  74509	      0
   1023	  74601	      0
