Original file:
C:\Users\Kryolabor\Desktop\131124Joekob\gelbes_bls.txt
Date / time: 20.11.2024, 10:01:45
Sample: Gelbes Bls
Comments: 20,0 mV
Channel #	Counts	Counts (folded)
      0	  14904	  30410
      1	  15144	  30117
      2	  15249	  30412
      3	  14855	  30160
      4	  15297	  30448
      5	  14953	  29998
      6	  15288	  30174
      7	  14958	  30158
      8	  15067	  30412
      9	  15195	  30485
     10	  15348	  30115
     11	  15183	  30695
     12	  14986	  29890
     13	  15393	  30307
     14	  14971	  30255
     15	  15165	  30421
     16	  15096	  30462
     17	  15070	  30568
     18	  15163	  30236
     19	  15270	  30036
     20	  14881	  30183
     21	  14911	  30184
     22	  15178	  30006
     23	  15012	  29869
     24	  14928	  30238
     25	  14874	  29996
     26	  15059	  30228
     27	  14991	  30427
     28	  15099	  30349
     29	  15244	  30185
     30	  15316	  30432
     31	  15108	  30065
     32	  15235	  30441
     33	  14955	  30181
     34	  15205	  29923
     35	  15019	  30046
     36	  14907	  30017
     37	  14980	  30166
     38	  14820	  30336
     39	  15197	  30099
     40	  15255	  30034
     41	  14934	  30065
     42	  15020	  30325
     43	  14967	  30063
     44	  15247	  30349
     45	  15082	  30059
     46	  15036	  30244
     47	  15033	  30053
     48	  15131	  30097
     49	  14975	  30218
     50	  15052	  30419
     51	  15207	  30352
     52	  15087	  30281
     53	  15144	  30332
     54	  15274	  29989
     55	  15126	  30372
     56	  15044	  29947
     57	  15116	  30599
     58	  14935	  30493
     59	  15184	  29908
     60	  15321	  30185
     61	  14996	  30241
     62	  15143	  30093
     63	  15007	  30430
     64	  15028	  29942
     65	  15206	  30017
     66	  14964	  30387
     67	  15000	  30271
     68	  15232	  29939
     69	  15033	  30346
     70	  14857	  30277
     71	  15130	  30463
     72	  15163	  30410
     73	  15232	  30117
     74	  15288	  30202
     75	  15251	  30378
     76	  15048	  30085
     77	  15347	  30104
     78	  14963	  30274
     79	  15123	  30382
     80	  15234	  30434
     81	  15119	  30045
     82	  15105	  30227
     83	  14913	  30110
     84	  14964	  30276
     85	  15074	  29844
     86	  15207	  29846
     87	  14878	  30498
     88	  14824	  30166
     89	  15359	  30104
     90	  15158	  30345
     91	  15232	  30124
     92	  15202	  30289
     93	  15000	  30224
     94	  15112	  30210
     95	  15056	  30071
     96	  15044	  30037
     97	  15130	  30664
     98	  14998	  30271
     99	  15428	  30233
    100	  15292	  29891
    101	  15044	  29980
    102	  14969	  30335
    103	  14970	  30371
    104	  15208	  29877
    105	  15263	  30498
    106	  14970	  30317
    107	  15259	  30336
    108	  15079	  30327
    109	  15292	  30243
    110	  15214	  30388
    111	  15123	  30139
    112	  15115	  30311
    113	  15065	  30314
    114	  15151	  30256
    115	  15254	  30339
    116	  15068	  30063
    117	  15124	  30446
    118	  15033	  30002
    119	  15283	  30193
    120	  15084	  30353
    121	  15173	  30071
    122	  15194	  29955
    123	  15257	  30343
    124	  14980	  30130
    125	  15152	  29974
    126	  15212	  29988
    127	  15058	  29974
    128	  15041	  30108
    129	  14968	  30034
    130	  15017	  30283
    131	  15059	  30031
    132	  15261	  30120
    133	  15074	  30228
    134	  15191	  30266
    135	  15054	  30379
    136	  14984	  30075
    137	  15085	  30235
    138	  14947	  30206
    139	  15171	  30212
    140	  15022	  30340
    141	  15118	  30345
    142	  15180	  30385
    143	  15215	  29950
    144	  15255	  30288
    145	  14958	  30395
    146	  15113	  30180
    147	  15201	  30246
    148	  15048	  30398
    149	  15186	  30546
    150	  15242	  30038
    151	  15377	  29904
    152	  15027	  30229
    153	  14889	  30114
    154	  15130	  30467
    155	  14974	  30216
    156	  15292	  30129
    157	  15142	  30025
    158	  14973	  30438
    159	  15170	  30094
    160	  15261	  30210
    161	  14903	  30181
    162	  15112	  30262
    163	  15136	  30221
    164	  15039	  29984
    165	  15259	  30037
    166	  15113	  30163
    167	  15199	  30256
    168	  15184	  30380
    169	  15205	  30442
    170	  15303	  30532
    171	  15344	  30242
    172	  15370	  30210
    173	  15206	  30223
    174	  15021	  30365
    175	  15145	  30001
    176	  15364	  30318
    177	  14824	  30424
    178	  15024	  29858
    179	  15339	  30407
    180	  14870	  29899
    181	  15308	  30248
    182	  14926	  30163
    183	  15132	  29948
    184	  15124	  29959
    185	  15174	  30123
    186	  15118	  30500
    187	  15171	  30052
    188	  15313	  30080
    189	  15083	  30065
    190	  14927	  30152
    191	  15097	  30100
    192	  15138	  30092
    193	  15056	  30215
    194	  15004	  29944
    195	  15210	  30098
    196	  14973	  30338
    197	  15008	  30355
    198	  15165	  30240
    199	  15185	  29676
    200	  14927	  29968
    201	  14827	  30149
    202	  15114	  30086
    203	  15158	  29916
    204	  15080	  30121
    205	  14982	  30124
    206	  15012	  29893
    207	  15248	  30231
    208	  14874	  30001
    209	  15112	  30109
    210	  15188	  30007
    211	  15095	  29938
    212	  15085	  29866
    213	  14839	  29972
    214	  14756	  30118
    215	  14973	  30119
    216	  14982	  30057
    217	  15050	  30088
    218	  15057	  30209
    219	  15043	  29861
    220	  15086	  29945
    221	  14865	  30227
    222	  14939	  29896
    223	  15131	  30375
    224	  14998	  29903
    225	  15281	  30344
    226	  14764	  29954
    227	  15140	  29965
    228	  14997	  29973
    229	  14970	  30371
    230	  14965	  29917
    231	  15219	  30139
    232	  15048	  29828
    233	  15205	  29756
    234	  14949	  29888
    235	  14823	  29896
    236	  14987	  29897
    237	  14982	  29707
    238	  14868	  29927
    239	  14921	  29597
    240	  14918	  29907
    241	  14629	  29593
    242	  14934	  29885
    243	  14866	  29746
    244	  14972	  29273
    245	  14895	  29581
    246	  14592	  29633
    247	  14820	  29491
    248	  14689	  28978
    249	  14743	  29223
    250	  14498	  28900
    251	  14514	  28777
    252	  14729	  28562
    253	  14304	  28134
    254	  14269	  27769
    255	  14110	  27031
    256	  13790	  27139
    257	  13407	  26563
    258	  13477	  26100
    259	  13120	  25642
    260	  13045	  25048
    261	  12785	  25142
    262	  12566	  24851
    263	  12453	  24887
    264	  12403	  25044
    265	  12381	  25535
    266	  12533	  25644
    267	  12783	  26584
    268	  13010	  26782
    269	  13279	  27798
    270	  13419	  27864
    271	  13836	  28279
    272	  14019	  28271
    273	  14178	  28582
    274	  14134	  29122
    275	  14298	  28963
    276	  14609	  29005
    277	  14428	  29077
    278	  14366	  29407
    279	  14552	  29497
    280	  14503	  29266
    281	  14823	  29975
    282	  14661	  29494
    283	  14868	  29715
    284	  14760	  29443
    285	  15129	  29668
    286	  14762	  29859
    287	  14977	  30095
    288	  14909	  29950
    289	  14898	  30306
    290	  15062	  29537
    291	  15085	  30221
    292	  14773	  30007
    293	  15173	  29590
    294	  15150	  29979
    295	  14666	  30086
    296	  15015	  29854
    297	  15190	  30014
    298	  14919	  30239
    299	  14953	  30057
    300	  15105	  30100
    301	  15079	  29924
    302	  15097	  29830
    303	  14876	  30181
    304	  14985	  30266
    305	  14971	  29954
    306	  14921	  30223
    307	  15008	  30294
    308	  15013	  30178
    309	  15002	  30194
    310	  15204	  30488
    311	  15084	  30254
    312	  15016	  30219
    313	  15091	  29922
    314	  15003	  30185
    315	  15102	  30265
    316	  15061	  30402
    317	  15313	  30279
    318	  15149	  30132
    319	  15159	  30042
    320	  15197	  30141
    321	  15104	  30017
    322	  15092	  30498
    323	  14960	  30129
    324	  15384	  30555
    325	  15031	  30223
    326	  15503	  30210
    327	  15185	  30129
    328	  15179	  30248
    329	  15195	  30109
    330	  15067	  30118
    331	  14955	  30051
    332	  15123	  30052
    333	  14986	  30369
    334	  14875	  29958
    335	  15194	  29943
    336	  14995	  30061
    337	  14960	  30292
    338	  15211	  30509
    339	  15203	  30034
    340	  15294	  30187
    341	  14879	  30069
    342	  14917	  30471
    343	  15098	  30386
    344	  15209	  30040
    345	  15126	  30070
    346	  15015	  30388
    347	  14974	  30312
    348	  15242	  29849
    349	  15276	  30367
    350	  14731	  30210
    351	  15298	  30192
    352	  15093	  30441
    353	  15051	  30102
    354	  15276	  30102
    355	  15012	  29947
    356	  15158	  30114
    357	  14983	  30263
    358	  15065	  30369
    359	  15133	  29939
    360	  15171	  30368
    361	  14947	  30168
    362	  15228	  30299
    363	  15088	  30323
    364	  15247	  30215
    365	  15043	  30169
    366	  15258	  29962
    367	  15060	  30315
    368	  15086	  30170
    369	  15144	  30283
    370	  15205	  30144
    371	  15343	  30288
    372	  15144	  30395
    373	  15101	  30137
    374	  15199	  30111
    375	  15225	  30040
    376	  14998	  30282
    377	  14832	  30290
    378	  15059	  30007
    379	  15133	  30359
    380	  15087	  30154
    381	  15110	  30236
    382	  15123	  30148
    383	  15175	  29786
    384	  14947	  30127
    385	  14870	  30012
    386	  15063	  30242
    387	  15070	  30426
    388	  15172	  30183
    389	  15201	  30520
    390	  15110	  30335
    391	  15231	  30156
    392	  15064	  30341
    393	  15113	  29917
    394	  15108	  30339
    395	  14881	  30115
    396	  15256	  30238
    397	  15127	  30190
    398	  15163	  30532
    399	  15023	  29946
    400	  15319	  30127
    401	  14952	  30370
    402	  15076	  30030
    403	  15210	  30204
    404	  14926	  30197
    405	  15131	  30127
    406	  15198	  30021
    407	  15097	  30241
    408	  14946	  30501
    409	  14985	  30117
    410	  15197	  30191
    411	  15175	  30060
    412	  15095	  30004
    413	  14916	  30009
    414	  15005	  30330
    415	  15013	  30078
    416	  15269	  30628
    417	  14980	  30089
    418	  15420	  30394
    419	  15152	  30590
    420	  15153	  30013
    421	  15130	  30220
    422	  15066	  30037
    423	  15088	  30193
    424	  15025	  30450
    425	  15071	  30296
    426	  15286	  30497
    427	  15327	  30307
    428	  15383	  30268
    429	  15185	  30336
    430	  15093	  30380
    431	  15207	  30127
    432	  15058	  30495
    433	  14942	  30000
    434	  15333	  30465
    435	  14953	  30434
    436	  15240	  30343
    437	  15329	  30164
    438	  15292	  30118
    439	  15136	  30143
    440	  14951	  30197
    441	  15087	  30164
    442	  15120	  30440
    443	  15247	  30091
    444	  15243	  30408
    445	  14946	  30091
    446	  15202	  29919
    447	  15130	  29863
    448	  14837	  30047
    449	  14972	  30322
    450	  15000	  30050
    451	  15217	  30137
    452	  15101	  30478
    453	  15103	  30299
    454	  15218	  29955
    455	  15325	  30247
    456	  14896	  30082
    457	  15073	  30431
    458	  15095	  30310
    459	  15370	  30189
    460	  15263	  30016
    461	  15094	  30292
    462	  15014	  30147
    463	  15159	  30281
    464	  15239	  30444
    465	  15390	  30482
    466	  15196	  29955
    467	  15212	  30117
    468	  15005	  30041
    469	  15060	  30285
    470	  15173	  29803
    471	  14977	  30259
    472	  14940	  30193
    473	  15061	  30225
    474	  15043	  30237
    475	  14903	  30366
    476	  15225	  30299
    477	  15385	  30132
    478	  15130	  30313
    479	  15048	  30383
    480	  15216	  30181
    481	  15382	  30115
    482	  14872	  30109
    483	  14909	  30109
    484	  15172	  30214
    485	  15189	  30226
    486	  15014	  30075
    487	  15099	  30230
    488	  15128	  29864
    489	  15083	  30505
    490	  14963	  30082
    491	  15224	  30051
    492	  15111	  30339
    493	  14961	  30329
    494	  15194	  30335
    495	  15248	  30288
    496	  15075	  29987
    497	  15168	  30403
    498	  15019	  30105
    499	  15316	  30303
    500	  15086	  29907
    501	  15018	  30038
    502	  14824	  30415
    503	  15110	  30184
    504	  15201	  29990
    505	  15191	  30200
    506	  15005	  29951
    507	  15086	  29979
    508	  15022	  30167
    509	  15127	  30220
    510	  15107	  29978
    511	  15131	      0
    512	  14999	      0
    513	  14979	      0
    514	  15089	      0
    515	  15060	      0
    516	  14852	      0
    517	  14929	      0
    518	  15114	      0
    519	  14985	      0
    520	  14993	      0
    521	  15214	      0
    522	  14928	      0
    523	  15083	      0
    524	  15285	      0
    525	  15019	      0
    526	  15087	      0
    527	  14968	      0
    528	  15120	      0
    529	  15260	      0
    530	  15081	      0
    531	  15145	      0
    532	  15090	      0
    533	  14971	      0
    534	  15281	      0
    535	  14901	      0
    536	  15147	      0
    537	  14947	      0
    538	  15127	      0
    539	  15200	      0
    540	  14920	      0
    541	  14937	      0
    542	  15206	      0
    543	  15309	      0
    544	  15001	      0
    545	  15097	      0
    546	  15084	      0
    547	  15169	      0
    548	  14981	      0
    549	  15012	      0
    550	  15322	      0
    551	  15150	      0
    552	  15198	      0
    553	  14863	      0
    554	  15308	      0
    555	  14868	      0
    556	  15057	      0
    557	  14950	      0
    558	  15270	      0
    559	  15248	      0
    560	  14891	      0
    561	  14908	      0
    562	  15133	      0
    563	  15002	      0
    564	  15095	      0
    565	  15047	      0
    566	  15061	      0
    567	  14987	      0
    568	  15174	      0
    569	  15059	      0
    570	  14974	      0
    571	  15260	      0
    572	  15034	      0
    573	  14949	      0
    574	  15105	      0
    575	  15047	      0
    576	  14891	      0
    577	  15082	      0
    578	  14961	      0
    579	  15206	      0
    580	  15145	      0
    581	  15197	      0
    582	  14917	      0
    583	  15077	      0
    584	  15056	      0
    585	  15167	      0
    586	  15028	      0
    587	  15051	      0
    588	  15105	      0
    589	  15225	      0
    590	  15047	      0
    591	  15162	      0
    592	  15185	      0
    593	  15322	      0
    594	  15129	      0
    595	  15175	      0
    596	  15122	      0
    597	  15114	      0
    598	  14969	      0
    599	  15164	      0
    600	  15122	      0
    601	  15012	      0
    602	  15132	      0
    603	  14947	      0
    604	  15460	      0
    605	  15241	      0
    606	  14937	      0
    607	  15208	      0
    608	  15098	      0
    609	  15061	      0
    610	  14996	      0
    611	  14999	      0
    612	  15144	      0
    613	  15096	      0
    614	  14942	      0
    615	  15304	      0
    616	  15256	      0
    617	  15075	      0
    618	  15030	      0
    619	  14999	      0
    620	  15073	      0
    621	  15104	      0
    622	  15160	      0
    623	  15051	      0
    624	  14994	      0
    625	  15213	      0
    626	  15167	      0
    627	  15075	      0
    628	  14988	      0
    629	  15083	      0
    630	  15036	      0
    631	  15233	      0
    632	  15043	      0
    633	  15271	      0
    634	  15289	      0
    635	  15073	      0
    636	  15225	      0
    637	  15070	      0
    638	  14942	      0
    639	  15064	      0
    640	  14916	      0
    641	  15201	      0
    642	  15061	      0
    643	  15031	      0
    644	  15249	      0
    645	  14920	      0
    646	  15157	      0
    647	  15223	      0
    648	  15208	      0
    649	  15113	      0
    650	  14912	      0
    651	  15196	      0
    652	  15187	      0
    653	  15000	      0
    654	  14940	      0
    655	  14965	      0
    656	  15171	      0
    657	  14876	      0
    658	  15109	      0
    659	  14957	      0
    660	  15280	      0
    661	  15052	      0
    662	  15080	      0
    663	  15140	      0
    664	  14992	      0
    665	  15198	      0
    666	  15130	      0
    667	  15049	      0
    668	  14964	      0
    669	  14944	      0
    670	  15090	      0
    671	  15165	      0
    672	  15141	      0
    673	  15117	      0
    674	  15069	      0
    675	  15118	      0
    676	  15036	      0
    677	  15146	      0
    678	  15096	      0
    679	  15025	      0
    680	  15260	      0
    681	  15262	      0
    682	  14971	      0
    683	  15270	      0
    684	  15155	      0
    685	  15215	      0
    686	  15089	      0
    687	  14850	      0
    688	  14983	      0
    689	  14963	      0
    690	  15175	      0
    691	  15177	      0
    692	  15065	      0
    693	  14995	      0
    694	  15154	      0
    695	  15181	      0
    696	  14934	      0
    697	  15031	      0
    698	  15038	      0
    699	  15052	      0
    700	  15098	      0
    701	  15114	      0
    702	  15057	      0
    703	  15049	      0
    704	  14938	      0
    705	  14935	      0
    706	  15120	      0
    707	  15253	      0
    708	  14952	      0
    709	  15124	      0
    710	  14820	      0
    711	  15216	      0
    712	  15163	      0
    713	  15472	      0
    714	  15110	      0
    715	  14974	      0
    716	  15292	      0
    717	  15210	      0
    718	  14946	      0
    719	  15345	      0
    720	  15210	      0
    721	  14845	      0
    722	  15048	      0
    723	  15003	      0
    724	  14978	      0
    725	  15134	      0
    726	  15061	      0
    727	  14935	      0
    728	  14896	      0
    729	  14964	      0
    730	  14924	      0
    731	  14857	      0
    732	  15048	      0
    733	  14764	      0
    734	  15221	      0
    735	  14888	      0
    736	  15197	      0
    737	  14950	      0
    738	  14691	      0
    739	  14681	      0
    740	  14586	      0
    741	  14734	      0
    742	  15107	      0
    743	  14605	      0
    744	  14674	      0
    745	  14904	      0
    746	  14525	      0
    747	  14639	      0
    748	  14535	      0
    749	  14513	      0
    750	  14284	      0
    751	  14137	      0
    752	  14101	      0
    753	  13845	      0
    754	  13962	      0
    755	  13363	      0
    756	  13305	      0
    757	  12634	      0
    758	  12752	      0
    759	  12511	      0
    760	  12506	      0
    761	  12448	      0
    762	  12689	      0
    763	  12482	      0
    764	  12857	      0
    765	  13055	      0
    766	  13443	      0
    767	  13662	      0
    768	  13624	      0
    769	  13979	      0
    770	  14024	      0
    771	  14293	      0
    772	  14473	      0
    773	  14171	      0
    774	  14709	      0
    775	  14480	      0
    776	  14748	      0
    777	  14944	      0
    778	  14761	      0
    779	  14681	      0
    780	  14851	      0
    781	  14913	      0
    782	  14727	      0
    783	  14973	      0
    784	  14968	      0
    785	  15009	      0
    786	  14786	      0
    787	  15029	      0
    788	  14914	      0
    789	  14901	      0
    790	  14933	      0
    791	  14879	      0
    792	  14934	      0
    793	  14869	      0
    794	  15152	      0
    795	  15008	      0
    796	  14995	      0
    797	  14957	      0
    798	  15204	      0
    799	  15139	      0
    800	  15094	      0
    801	  14898	      0
    802	  15096	      0
    803	  15006	      0
    804	  14996	      0
    805	  15123	      0
    806	  15045	      0
    807	  15000	      0
    808	  15069	      0
    809	  15136	      0
    810	  14999	      0
    811	  15110	      0
    812	  15099	      0
    813	  14922	      0
    814	  15014	      0
    815	  14813	      0
    816	  15119	      0
    817	  15019	      0
    818	  14876	      0
    819	  15109	      0
    820	  14934	      0
    821	  15006	      0
    822	  14991	      0
    823	  14854	      0
    824	  14849	      0
    825	  15313	      0
    826	  15170	      0
    827	  15173	      0
    828	  15090	      0
    829	  14971	      0
    830	  15005	      0
    831	  15088	      0
    832	  15044	      0
    833	  15014	      0
    834	  14968	      0
    835	  15153	      0
    836	  14969	      0
    837	  15187	      0
    838	  14952	      0
    839	  14841	      0
    840	  14774	      0
    841	  15039	      0
    842	  15116	      0
    843	  14973	      0
    844	  15099	      0
    845	  14988	      0
    846	  15085	      0
    847	  15294	      0
    848	  15177	      0
    849	  15001	      0
    850	  15078	      0
    851	  15189	      0
    852	  15036	      0
    853	  15162	      0
    854	  15098	      0
    855	  15077	      0
    856	  15051	      0
    857	  14979	      0
    858	  14838	      0
    859	  14871	      0
    860	  14962	      0
    861	  15223	      0
    862	  15045	      0
    863	  15098	      0
    864	  15191	      0
    865	  15177	      0
    866	  14855	      0
    867	  15156	      0
    868	  15074	      0
    869	  15175	      0
    870	  15140	      0
    871	  15099	      0
    872	  15015	      0
    873	  15011	      0
    874	  15169	      0
    875	  15156	      0
    876	  15060	      0
    877	  15132	      0
    878	  15194	      0
    879	  15175	      0
    880	  14992	      0
    881	  15130	      0
    882	  15130	      0
    883	  15160	      0
    884	  15094	      0
    885	  15184	      0
    886	  15064	      0
    887	  15128	      0
    888	  15294	      0
    889	  15282	      0
    890	  15174	      0
    891	  14929	      0
    892	  14957	      0
    893	  15022	      0
    894	  14975	      0
    895	  15091	      0
    896	  15006	      0
    897	  14947	      0
    898	  14916	      0
    899	  14918	      0
    900	  15191	      0
    901	  14975	      0
    902	  14814	      0
    903	  15159	      0
    904	  15020	      0
    905	  14918	      0
    906	  15163	      0
    907	  15030	      0
    908	  15215	      0
    909	  15188	      0
    910	  15060	      0
    911	  15160	      0
    912	  15074	      0
    913	  15273	      0
    914	  15120	      0
    915	  15113	      0
    916	  15044	      0
    917	  15238	      0
    918	  15239	      0
    919	  14907	      0
    920	  15108	      0
    921	  15127	      0
    922	  15010	      0
    923	  14922	      0
    924	  15189	      0
    925	  14979	      0
    926	  15236	      0
    927	  15039	      0
    928	  14941	      0
    929	  15166	      0
    930	  15168	      0
    931	  15177	      0
    932	  15124	      0
    933	  15143	      0
    934	  14872	      0
    935	  15008	      0
    936	  15139	      0
    937	  15022	      0
    938	  14966	      0
    939	  15069	      0
    940	  15036	      0
    941	  15263	      0
    942	  15132	      0
    943	  15329	      0
    944	  15263	      0
    945	  15040	      0
    946	  14981	      0
    947	  15122	      0
    948	  15031	      0
    949	  15154	      0
    950	  14866	      0
    951	  15122	      0
    952	  15231	      0
    953	  15114	      0
    954	  15216	      0
    955	  15082	      0
    956	  15238	      0
    957	  15155	      0
    958	  15017	      0
    959	  14978	      0
    960	  15224	      0
    961	  15065	      0
    962	  15234	      0
    963	  15042	      0
    964	  14912	      0
    965	  15172	      0
    966	  15415	      0
    967	  15012	      0
    968	  15256	      0
    969	  14945	      0
    970	  15206	      0
    971	  15007	      0
    972	  15208	      0
    973	  15332	      0
    974	  15011	      0
    975	  15045	      0
    976	  15078	      0
    977	  15113	      0
    978	  15026	      0
    979	  15313	      0
    980	  14981	      0
    981	  15078	      0
    982	  15098	      0
    983	  15014	      0
    984	  15165	      0
    985	  15081	      0
    986	  14969	      0
    987	  15197	      0
    988	  15066	      0
    989	  15016	      0
    990	  15162	      0
    991	  15236	      0
    992	  15110	      0
    993	  15197	      0
    994	  15077	      0
    995	  15033	      0
    996	  15183	      0
    997	  15129	      0
    998	  15005	      0
    999	  15179	      0
   1000	  14995	      0
   1001	  15078	      0
   1002	  15172	      0
   1003	  15005	      0
   1004	  15125	      0
   1005	  15355	      0
   1006	  15298	      0
   1007	  15299	      0
   1008	  15351	      0
   1009	  15159	      0
   1010	  15142	      0
   1011	  14919	      0
   1012	  15302	      0
   1013	  15129	      0
   1014	  15302	      0
   1015	  15064	      0
   1016	  14963	      0
   1017	  15107	      0
   1018	  15040	      0
   1019	  15160	      0
   1020	  15207	      0
   1021	  15115	      0
   1022	  15262	      0
   1023	  15161	      0
