TotalSpectrum-x_point	TotalSpectrum-y_point	TotalSpectrum-x_line	TotalSpectrum-y_line	Subspectrum2-x_line	Subspectrum2-y_line
-3.25636	29978	-3.25636	30209.3	-3.25636	30209.3
-3.25605	30220	-3.25605	30209.3	-3.25605	30209.3
-3.25562	30167	-3.25562	30209.3	-3.25562	30209.3
-3.25507	29979	-3.25507	30209.3	-3.25507	30209.3
-3.25439	29951	-3.25439	30209.3	-3.25439	30209.3
-3.2536	30200	-3.2536	30209.3	-3.2536	30209.3
-3.25268	29990	-3.25268	30209.3	-3.25268	30209.3
-3.25164	30184	-3.25164	30209.3	-3.25164	30209.3
-3.25047	30415	-3.25047	30209.2	-3.25047	30209.2
-3.24919	30038	-3.24919	30209.2	-3.24919	30209.2
-3.24778	29907	-3.24778	30209.2	-3.24778	30209.2
-3.24625	30303	-3.24625	30209.2	-3.24625	30209.2
-3.24459	30105	-3.24459	30209.2	-3.24459	30209.2
-3.24282	30403	-3.24282	30209.2	-3.24282	30209.2
-3.24092	29987	-3.24092	30209.2	-3.24092	30209.2
-3.2389	30288	-3.2389	30209.2	-3.2389	30209.2
-3.23676	30335	-3.23676	30209.2	-3.23676	30209.2
-3.23449	30329	-3.23449	30209.1	-3.23449	30209.1
-3.23211	30339	-3.23211	30209.1	-3.23211	30209.1
-3.2296	30051	-3.2296	30209.1	-3.2296	30209.1
-3.22697	30082	-3.22697	30209.1	-3.22697	30209.1
-3.22422	30505	-3.22422	30209.1	-3.22422	30209.1
-3.22135	29864	-3.22135	30209.1	-3.22135	30209.1
-3.21836	30230	-3.21836	30209	-3.21836	30209
-3.21525	30075	-3.21525	30209	-3.21525	30209
-3.21201	30226	-3.21201	30209	-3.21201	30209
-3.20865	30214	-3.20865	30209	-3.20865	30209
-3.20518	30109	-3.20518	30209	-3.20518	30209
-3.20158	30109	-3.20158	30208.9	-3.20158	30208.9
-3.19786	30115	-3.19786	30208.9	-3.19786	30208.9
-3.19402	30181	-3.19402	30208.9	-3.19402	30208.9
-3.19007	30383	-3.19007	30208.9	-3.19007	30208.9
-3.18599	30313	-3.18599	30208.8	-3.18599	30208.8
-3.18179	30132	-3.18179	30208.8	-3.18179	30208.8
-3.17747	30299	-3.17747	30208.8	-3.17747	30208.8
-3.17303	30366	-3.17303	30208.8	-3.17303	30208.8
-3.16848	30237	-3.16848	30208.7	-3.16848	30208.7
-3.1638	30225	-3.1638	30208.7	-3.1638	30208.7
-3.159	30193	-3.159	30208.7	-3.159	30208.7
-3.15409	30259	-3.15409	30208.6	-3.15409	30208.6
-3.14906	29803	-3.14906	30208.6	-3.14906	30208.6
-3.1439	30285	-3.1439	30208.6	-3.1439	30208.6
-3.13863	30041	-3.13863	30208.5	-3.13863	30208.5
-3.13325	30117	-3.13325	30208.5	-3.13325	30208.5
-3.12774	29955	-3.12774	30208.5	-3.12774	30208.5
-3.12211	30482	-3.12211	30208.4	-3.12211	30208.4
-3.11637	30444	-3.11637	30208.4	-3.11637	30208.4
-3.11051	30281	-3.11051	30208.3	-3.11051	30208.3
-3.10454	30147	-3.10454	30208.3	-3.10454	30208.3
-3.09844	30292	-3.09844	30208.3	-3.09844	30208.3
-3.09223	30016	-3.09223	30208.2	-3.09223	30208.2
-3.08591	30189	-3.08591	30208.2	-3.08591	30208.2
-3.07946	30310	-3.07946	30208.1	-3.07946	30208.1
-3.07291	30431	-3.07291	30208.1	-3.07291	30208.1
-3.06623	30082	-3.06623	30208	-3.06623	30208
-3.05944	30247	-3.05944	30208	-3.05944	30208
-3.05254	29955	-3.05254	30207.9	-3.05254	30207.9
-3.04552	30299	-3.04552	30207.9	-3.04552	30207.9
-3.03838	30478	-3.03838	30207.8	-3.03838	30207.8
-3.03114	30137	-3.03114	30207.8	-3.03114	30207.8
-3.02377	30050	-3.02377	30207.7	-3.02377	30207.7
-3.0163	30322	-3.0163	30207.7	-3.0163	30207.7
-3.00871	30047	-3.00871	30207.6	-3.00871	30207.6
-3.001	29863	-3.001	30207.6	-3.001	30207.6
-2.99319	29919	-2.99319	30207.5	-2.99319	30207.5
-2.98526	30091	-2.98526	30207.4	-2.98526	30207.4
-2.97722	30408	-2.97722	30207.4	-2.97722	30207.4
-2.96906	30091	-2.96906	30207.3	-2.96906	30207.3
-2.9608	30440	-2.9608	30207.2	-2.9608	30207.2
-2.95242	30164	-2.95242	30207.2	-2.95242	30207.2
-2.94393	30197	-2.94393	30207.1	-2.94393	30207.1
-2.93533	30143	-2.93533	30207	-2.93533	30207
-2.92662	30118	-2.92662	30207	-2.92662	30207
-2.9178	30164	-2.9178	30206.9	-2.9178	30206.9
-2.90887	30343	-2.90887	30206.8	-2.90887	30206.8
-2.89983	30434	-2.89983	30206.7	-2.89983	30206.7
-2.89069	30465	-2.89069	30206.7	-2.89069	30206.7
-2.88143	30000	-2.88143	30206.6	-2.88143	30206.6
-2.87207	30495	-2.87207	30206.5	-2.87207	30206.5
-2.86259	30127	-2.86259	30206.4	-2.86259	30206.4
-2.85301	30380	-2.85301	30206.3	-2.85301	30206.3
-2.84332	30336	-2.84332	30206.2	-2.84332	30206.2
-2.83352	30268	-2.83352	30206.2	-2.83352	30206.2
-2.82362	30307	-2.82362	30206.1	-2.82362	30206.1
-2.81361	30497	-2.81361	30206	-2.81361	30206
-2.8035	30296	-2.8035	30205.9	-2.8035	30205.9
-2.79328	30450	-2.79328	30205.8	-2.79328	30205.8
-2.78295	30193	-2.78295	30205.7	-2.78295	30205.7
-2.77252	30037	-2.77252	30205.6	-2.77252	30205.6
-2.76199	30220	-2.76199	30205.5	-2.76199	30205.5
-2.75135	30013	-2.75135	30205.4	-2.75135	30205.4
-2.74061	30590	-2.74061	30205.3	-2.74061	30205.3
-2.72976	30394	-2.72976	30205.1	-2.72976	30205.1
-2.71881	30089	-2.71881	30205	-2.71881	30205
-2.70776	30628	-2.70776	30204.9	-2.70776	30204.9
-2.69661	30078	-2.69661	30204.8	-2.69661	30204.8
-2.68536	30330	-2.68536	30204.7	-2.68536	30204.7
-2.674	30009	-2.674	30204.6	-2.674	30204.6
-2.66255	30004	-2.66255	30204.4	-2.66255	30204.4
-2.65099	30060	-2.65099	30204.3	-2.65099	30204.3
-2.63933	30191	-2.63933	30204.2	-2.63933	30204.2
-2.62758	30117	-2.62758	30204	-2.62758	30204
-2.61573	30501	-2.61573	30203.9	-2.61573	30203.9
-2.60377	30241	-2.60377	30203.8	-2.60377	30203.8
-2.59172	30021	-2.59172	30203.6	-2.59172	30203.6
-2.57957	30127	-2.57957	30203.5	-2.57957	30203.5
-2.56733	30197	-2.56733	30203.3	-2.56733	30203.3
-2.55499	30204	-2.55499	30203.2	-2.55499	30203.2
-2.54255	30030	-2.54255	30203	-2.54255	30203
-2.53002	30370	-2.53002	30202.8	-2.53002	30202.8
-2.51739	30127	-2.51739	30202.7	-2.51739	30202.7
-2.50466	29946	-2.50466	30202.5	-2.50466	30202.5
-2.49184	30532	-2.49184	30202.3	-2.49184	30202.3
-2.47893	30190	-2.47893	30202.1	-2.47893	30202.1
-2.46593	30238	-2.46593	30202	-2.46593	30202
-2.45283	30115	-2.45283	30201.8	-2.45283	30201.8
-2.43964	30339	-2.43964	30201.6	-2.43964	30201.6
-2.42636	29917	-2.42636	30201.4	-2.42636	30201.4
-2.41298	30341	-2.41298	30201.2	-2.41298	30201.2
-2.39952	30156	-2.39952	30201	-2.39952	30201
-2.38596	30335	-2.38596	30200.8	-2.38596	30200.8
-2.37232	30520	-2.37232	30200.5	-2.37232	30200.5
-2.35858	30183	-2.35858	30200.3	-2.35858	30200.3
-2.34476	30426	-2.34476	30200.1	-2.34476	30200.1
-2.33085	30242	-2.33085	30199.9	-2.33085	30199.9
-2.31685	30012	-2.31685	30199.6	-2.31685	30199.6
-2.30276	30127	-2.30276	30199.4	-2.30276	30199.4
-2.28859	29786	-2.28859	30199.1	-2.28859	30199.1
-2.27433	30148	-2.27433	30198.9	-2.27433	30198.9
-2.25999	30236	-2.25999	30198.6	-2.25999	30198.6
-2.24556	30154	-2.24556	30198.3	-2.24556	30198.3
-2.23104	30359	-2.23104	30198.1	-2.23104	30198.1
-2.21645	30007	-2.21645	30197.8	-2.21645	30197.8
-2.20176	30290	-2.20176	30197.5	-2.20176	30197.5
-2.187	30282	-2.187	30197.2	-2.187	30197.2
-2.17215	30040	-2.17215	30196.9	-2.17215	30196.9
-2.15722	30111	-2.15722	30196.5	-2.15722	30196.5
-2.14221	30137	-2.14221	30196.2	-2.14221	30196.2
-2.12712	30395	-2.12712	30195.9	-2.12712	30195.9
-2.11195	30288	-2.11195	30195.5	-2.11195	30195.5
-2.0967	30144	-2.0967	30195.2	-2.0967	30195.2
-2.08137	30283	-2.08137	30194.8	-2.08137	30194.8
-2.06596	30170	-2.06596	30194.4	-2.06596	30194.4
-2.05048	30315	-2.05048	30194	-2.05048	30194
-2.03492	29962	-2.03492	30193.7	-2.03492	30193.7
-2.01928	30169	-2.01928	30193.2	-2.01928	30193.2
-2.00356	30215	-2.00356	30192.8	-2.00356	30192.8
-1.98777	30323	-1.98777	30192.4	-1.98777	30192.4
-1.97191	30299	-1.97191	30191.9	-1.97191	30191.9
-1.95597	30168	-1.95597	30191.5	-1.95597	30191.5
-1.93995	30368	-1.93995	30191	-1.93995	30191
-1.92387	29939	-1.92387	30190.5	-1.92387	30190.5
-1.90771	30369	-1.90771	30190	-1.90771	30190
-1.89148	30263	-1.89148	30189.5	-1.89148	30189.5
-1.87518	30114	-1.87518	30188.9	-1.87518	30188.9
-1.85881	29947	-1.85881	30188.4	-1.85881	30188.4
-1.84236	30102	-1.84236	30187.8	-1.84236	30187.8
-1.82585	30102	-1.82585	30187.2	-1.82585	30187.2
-1.80927	30441	-1.80927	30186.6	-1.80927	30186.6
-1.79262	30192	-1.79262	30185.9	-1.79262	30185.9
-1.77591	30210	-1.77591	30185.3	-1.77591	30185.3
-1.75912	30367	-1.75912	30184.6	-1.75912	30184.6
-1.74227	29849	-1.74227	30183.9	-1.74227	30183.9
-1.72536	30312	-1.72536	30183.1	-1.72536	30183.1
-1.70838	30388	-1.70838	30182.4	-1.70838	30182.4
-1.69134	30070	-1.69134	30181.6	-1.69134	30181.6
-1.67423	30040	-1.67423	30180.8	-1.67423	30180.8
-1.65706	30386	-1.65706	30179.9	-1.65706	30179.9
-1.63982	30471	-1.63982	30179.1	-1.63982	30179.1
-1.62253	30069	-1.62253	30178.1	-1.62253	30178.1
-1.60517	30187	-1.60517	30177.2	-1.60517	30177.2
-1.58776	30034	-1.58776	30176.2	-1.58776	30176.2
-1.57028	30509	-1.57028	30175.2	-1.57028	30175.2
-1.55274	30292	-1.55274	30174.1	-1.55274	30174.1
-1.53515	30061	-1.53515	30173	-1.53515	30173
-1.5175	29943	-1.5175	30171.9	-1.5175	30171.9
-1.49979	29958	-1.49979	30170.7	-1.49979	30170.7
-1.48202	30369	-1.48202	30169.4	-1.48202	30169.4
-1.4642	30052	-1.4642	30168.1	-1.4642	30168.1
-1.44633	30051	-1.44633	30166.8	-1.44633	30166.8
-1.4284	30118	-1.4284	30165.3	-1.4284	30165.3
-1.41041	30109	-1.41041	30163.8	-1.41041	30163.8
-1.39238	30248	-1.39238	30162.3	-1.39238	30162.3
-1.37429	30129	-1.37429	30160.7	-1.37429	30160.7
-1.35614	30210	-1.35614	30159	-1.35614	30159
-1.33795	30223	-1.33795	30157.2	-1.33795	30157.2
-1.31971	30555	-1.31971	30155.3	-1.31971	30155.3
-1.30142	30129	-1.30142	30153.4	-1.30142	30153.4
-1.28307	30498	-1.28307	30151.3	-1.28307	30151.3
-1.26468	30017	-1.26468	30149.1	-1.26468	30149.1
-1.24625	30141	-1.24625	30146.9	-1.24625	30146.9
-1.22776	30042	-1.22776	30144.5	-1.22776	30144.5
-1.20923	30132	-1.20923	30141.9	-1.20923	30141.9
-1.19066	30279	-1.19066	30139.3	-1.19066	30139.3
-1.17203	30402	-1.17203	30136.5	-1.17203	30136.5
-1.15337	30265	-1.15337	30133.5	-1.15337	30133.5
-1.13466	30185	-1.13466	30130.4	-1.13466	30130.4
-1.11591	29922	-1.11591	30127.1	-1.11591	30127.1
-1.09712	30219	-1.09712	30123.5	-1.09712	30123.5
-1.07828	30254	-1.07828	30119.8	-1.07828	30119.8
-1.0594	30488	-1.0594	30115.8	-1.0594	30115.8
-1.04049	30194	-1.04049	30111.6	-1.04049	30111.6
-1.02154	30178	-1.02154	30107.1	-1.02154	30107.1
-1.00254	30294	-1.00254	30102.4	-1.00254	30102.4
-0.983513	30223	-0.983513	30097.2	-0.983513	30097.2
-0.964445	29954	-0.964445	30091.8	-0.964445	30091.8
-0.945341	30266	-0.945341	30085.9	-0.945341	30085.9
-0.926202	30181	-0.926202	30079.7	-0.926202	30079.7
-0.907027	29830	-0.907027	30072.9	-0.907027	30072.9
-0.887819	29924	-0.887819	30065.7	-0.887819	30065.7
-0.868577	30100	-0.868577	30057.8	-0.868577	30057.8
-0.849302	30057	-0.849302	30049.4	-0.849302	30049.4
-0.829996	30239	-0.829996	30040.3	-0.829996	30040.3
-0.810658	30014	-0.810658	30030.4	-0.810658	30030.4
-0.791289	29854	-0.791289	30019.6	-0.791289	30019.6
-0.771891	30086	-0.771891	30007.9	-0.771891	30007.9
-0.752464	29979	-0.752464	29995.1	-0.752464	29995.1
-0.733008	29590	-0.733008	29981	-0.733008	29981
-0.713525	30007	-0.713525	29965.6	-0.713525	29965.6
-0.694015	30221	-0.694015	29948.7	-0.694015	29948.7
-0.674479	29537	-0.674479	29930	-0.674479	29930
-0.654917	30306	-0.654917	29909.3	-0.654917	29909.3
-0.635331	29950	-0.635331	29886.3	-0.635331	29886.3
-0.615721	30095	-0.615721	29860.6	-0.615721	29860.6
-0.596088	29859	-0.596088	29831.9	-0.596088	29831.9
-0.576432	29668	-0.576432	29799.6	-0.576432	29799.6
-0.556754	29443	-0.556754	29763.1	-0.556754	29763.1
-0.537056	29715	-0.537056	29721.7	-0.537056	29721.7
-0.517337	29494	-0.517337	29674.6	-0.517337	29674.6
-0.497599	29975	-0.497599	29620.6	-0.497599	29620.6
-0.477842	29266	-0.477842	29558.4	-0.477842	29558.4
-0.458068	29497	-0.458068	29486.3	-0.458068	29486.3
-0.438276	29407	-0.438276	29402.3	-0.438276	29402.3
-0.418467	29077	-0.418467	29303.9	-0.418467	29303.9
-0.398643	29005	-0.398643	29187.7	-0.398643	29187.7
-0.378803	28963	-0.378803	29049.8	-0.378803	29049.8
-0.35895	29122	-0.35895	28885.1	-0.35895	28885.1
-0.339083	28582	-0.339083	28687.4	-0.339083	28687.4
-0.319203	28271	-0.319203	28449.6	-0.319203	28449.6
-0.299311	28279	-0.299311	28163.5	-0.299311	28163.5
-0.279408	27864	-0.279408	27821	-0.279408	27821
-0.259494	27798	-0.259494	27416.7	-0.259494	27416.7
-0.23957	26782	-0.23957	26951.6	-0.23957	26951.6
-0.219638	26584	-0.219638	26440.6	-0.219638	26440.6
-0.199697	25644	-0.199697	25918.6	-0.199697	25918.6
-0.179749	25535	-0.179749	25442.1	-0.179749	25442.1
-0.159794	25044	-0.159794	25076.5	-0.159794	25076.5
-0.139833	24887	-0.139833	24872.7	-0.139833	24872.7
-0.119866	24851	-0.119866	24847.6	-0.119866	24847.6
-0.099896	25142	-0.099896	24985.2	-0.099896	24985.2
-0.079921	25048	-0.079921	25252.7	-0.079921	25252.7
-0.059943	25642	-0.059943	25616.8	-0.059943	25616.8
-0.039963	26100	-0.039963	26047.4	-0.039963	26047.4
-0.019982	26563	-0.019982	26512.9	-0.019982	26512.9
0	27139	0	26979.7	0	26979.7
0.019982	27031	0.019982	27418.6	0.019982	27418.6
0.039963	27769	0.039963	27811.1	0.039963	27811.1
0.059943	28134	0.059943	28150.2	0.059943	28150.2
0.079921	28562	0.079921	28437.1	0.079921	28437.1
0.099896	28777	0.099896	28677.3	0.099896	28677.3
0.119866	28900	0.119866	28877.5	0.119866	28877.5
0.139833	29223	0.139833	29044.7	0.139833	29044.7
0.159794	28978	0.159794	29184.6	0.159794	29184.6
0.179749	29491	0.179749	29302.4	0.179749	29302.4
0.199697	29633	0.199697	29402.1	0.199697	29402.1
0.219638	29581	0.219638	29487	0.219638	29487
0.23957	29273	0.23957	29559.8	0.23957	29559.8
0.259494	29746	0.259494	29622.5	0.259494	29622.5
0.279408	29885	0.279408	29676.9	0.279408	29676.9
0.299311	29593	0.299311	29724.3	0.299311	29724.3
0.319203	29907	0.319203	29765.8	0.319203	29765.8
0.339083	29597	0.339083	29802.4	0.339083	29802.4
0.35895	29927	0.35895	29834.8	0.35895	29834.8
0.378803	29707	0.378803	29863.6	0.378803	29863.6
0.398643	29897	0.398643	29889.3	0.398643	29889.3
0.418467	29896	0.418467	29912.3	0.418467	29912.3
0.438276	29888	0.438276	29933	0.438276	29933
0.458068	29756	0.458068	29951.7	0.458068	29951.7
0.477842	29828	0.477842	29968.6	0.477842	29968.6
0.497599	30139	0.497599	29983.9	0.497599	29983.9
0.517337	29917	0.517337	29997.9	0.517337	29997.9
0.537056	30371	0.537056	30010.7	0.537056	30010.7
0.556754	29973	0.556754	30022.4	0.556754	30022.4
0.576432	29965	0.576432	30033.1	0.576432	30033.1
0.596088	29954	0.596088	30042.9	0.596088	30042.9
0.615721	30344	0.615721	30052	0.615721	30052
0.635331	29903	0.635331	30060.4	0.635331	30060.4
0.654917	30375	0.654917	30068.2	0.654917	30068.2
0.674479	29896	0.674479	30075.4	0.674479	30075.4
0.694015	30227	0.694015	30082.1	0.694015	30082.1
0.713525	29945	0.713525	30088.3	0.713525	30088.3
0.733008	29861	0.733008	30094.1	0.733008	30094.1
0.752464	30209	0.752464	30099.6	0.752464	30099.6
0.771891	30088	0.771891	30104.6	0.771891	30104.6
0.791289	30057	0.791289	30109.4	0.791289	30109.4
0.810658	30119	0.810658	30113.8	0.810658	30113.8
0.829996	30118	0.829996	30118	0.829996	30118
0.849302	29972	0.849302	30121.9	0.849302	30121.9
0.868577	29866	0.868577	30125.6	0.868577	30125.6
0.887819	29938	0.887819	30129.1	0.887819	30129.1
0.907027	30007	0.907027	30132.4	0.907027	30132.4
0.926202	30109	0.926202	30135.5	0.926202	30135.5
0.945341	30001	0.945341	30138.4	0.945341	30138.4
0.964445	30231	0.964445	30141.2	0.964445	30141.2
0.983513	29893	0.983513	30143.8	0.983513	30143.8
1.00254	30124	1.00254	30146.3	1.00254	30146.3
1.02154	30121	1.02154	30148.7	1.02154	30148.7
1.04049	29916	1.04049	30151	1.04049	30151
1.0594	30086	1.0594	30153.1	1.0594	30153.1
1.07828	30149	1.07828	30155.1	1.07828	30155.1
1.09712	29968	1.09712	30157.1	1.09712	30157.1
1.11591	29676	1.11591	30158.9	1.11591	30158.9
1.13466	30240	1.13466	30160.7	1.13466	30160.7
1.15337	30355	1.15337	30162.4	1.15337	30162.4
1.17203	30338	1.17203	30164	1.17203	30164
1.19066	30098	1.19066	30165.5	1.19066	30165.5
1.20923	29944	1.20923	30167	1.20923	30167
1.22776	30215	1.22776	30168.4	1.22776	30168.4
1.24625	30092	1.24625	30169.7	1.24625	30169.7
1.26468	30100	1.26468	30171	1.26468	30171
1.28307	30152	1.28307	30172.2	1.28307	30172.2
1.30142	30065	1.30142	30173.4	1.30142	30173.4
1.31971	30080	1.31971	30174.5	1.31971	30174.5
1.33795	30052	1.33795	30175.6	1.33795	30175.6
1.35614	30500	1.35614	30176.7	1.35614	30176.7
1.37429	30123	1.37429	30177.7	1.37429	30177.7
1.39238	29959	1.39238	30178.7	1.39238	30178.7
1.41041	29948	1.41041	30179.6	1.41041	30179.6
1.4284	30163	1.4284	30180.5	1.4284	30180.5
1.44633	30248	1.44633	30181.3	1.44633	30181.3
1.4642	29899	1.4642	30182.2	1.4642	30182.2
1.48202	30407	1.48202	30183	1.48202	30183
1.49979	29858	1.49979	30183.8	1.49979	30183.8
1.5175	30424	1.5175	30184.5	1.5175	30184.5
1.53515	30318	1.53515	30185.2	1.53515	30185.2
1.55274	30001	1.55274	30185.9	1.55274	30185.9
1.57028	30365	1.57028	30186.6	1.57028	30186.6
1.58776	30223	1.58776	30187.2	1.58776	30187.2
1.60517	30210	1.60517	30187.9	1.60517	30187.9
1.62253	30242	1.62253	30188.5	1.62253	30188.5
1.63982	30532	1.63982	30189.1	1.63982	30189.1
1.65706	30442	1.65706	30189.6	1.65706	30189.6
1.67423	30380	1.67423	30190.2	1.67423	30190.2
1.69134	30256	1.69134	30190.7	1.69134	30190.7
1.70838	30163	1.70838	30191.2	1.70838	30191.2
1.72536	30037	1.72536	30191.7	1.72536	30191.7
1.74227	29984	1.74227	30192.2	1.74227	30192.2
1.75912	30221	1.75912	30192.7	1.75912	30192.7
1.77591	30262	1.77591	30193.1	1.77591	30193.1
1.79262	30181	1.79262	30193.6	1.79262	30193.6
1.80927	30210	1.80927	30194	1.80927	30194
1.82585	30094	1.82585	30194.4	1.82585	30194.4
1.84236	30438	1.84236	30194.8	1.84236	30194.8
1.85881	30025	1.85881	30195.2	1.85881	30195.2
1.87518	30129	1.87518	30195.6	1.87518	30195.6
1.89148	30216	1.89148	30196	1.89148	30196
1.90771	30467	1.90771	30196.3	1.90771	30196.3
1.92387	30114	1.92387	30196.7	1.92387	30196.7
1.93995	30229	1.93995	30197	1.93995	30197
1.95597	29904	1.95597	30197.4	1.95597	30197.4
1.97191	30038	1.97191	30197.7	1.97191	30197.7
1.98777	30546	1.98777	30198	1.98777	30198
2.00356	30398	2.00356	30198.3	2.00356	30198.3
2.01928	30246	2.01928	30198.6	2.01928	30198.6
2.03492	30180	2.03492	30198.9	2.03492	30198.9
2.05048	30395	2.05048	30199.2	2.05048	30199.2
2.06596	30288	2.06596	30199.4	2.06596	30199.4
2.08137	29950	2.08137	30199.7	2.08137	30199.7
2.0967	30385	2.0967	30200	2.0967	30200
2.11195	30345	2.11195	30200.2	2.11195	30200.2
2.12712	30340	2.12712	30200.5	2.12712	30200.5
2.14221	30212	2.14221	30200.7	2.14221	30200.7
2.15722	30206	2.15722	30200.9	2.15722	30200.9
2.17215	30235	2.17215	30201.2	2.17215	30201.2
2.187	30075	2.187	30201.4	2.187	30201.4
2.20176	30379	2.20176	30201.6	2.20176	30201.6
2.21645	30266	2.21645	30201.8	2.21645	30201.8
2.23104	30228	2.23104	30202	2.23104	30202
2.24556	30120	2.24556	30202.2	2.24556	30202.2
2.25999	30031	2.25999	30202.4	2.25999	30202.4
2.27433	30283	2.27433	30202.6	2.27433	30202.6
2.28859	30034	2.28859	30202.8	2.28859	30202.8
2.30276	30108	2.30276	30203	2.30276	30203
2.31685	29974	2.31685	30203.2	2.31685	30203.2
2.33085	29988	2.33085	30203.3	2.33085	30203.3
2.34476	29974	2.34476	30203.5	2.34476	30203.5
2.35858	30130	2.35858	30203.7	2.35858	30203.7
2.37232	30343	2.37232	30203.8	2.37232	30203.8
2.38596	29955	2.38596	30204	2.38596	30204
2.39952	30071	2.39952	30204.2	2.39952	30204.2
2.41298	30353	2.41298	30204.3	2.41298	30204.3
2.42636	30193	2.42636	30204.5	2.42636	30204.5
2.43964	30002	2.43964	30204.6	2.43964	30204.6
2.45283	30446	2.45283	30204.8	2.45283	30204.8
2.46593	30063	2.46593	30204.9	2.46593	30204.9
2.47893	30339	2.47893	30205	2.47893	30205
2.49184	30256	2.49184	30205.2	2.49184	30205.2
2.50466	30314	2.50466	30205.3	2.50466	30205.3
2.51739	30311	2.51739	30205.4	2.51739	30205.4
2.53002	30139	2.53002	30205.5	2.53002	30205.5
2.54255	30388	2.54255	30205.7	2.54255	30205.7
2.55499	30243	2.55499	30205.8	2.55499	30205.8
2.56733	30327	2.56733	30205.9	2.56733	30205.9
2.57957	30336	2.57957	30206	2.57957	30206
2.59172	30317	2.59172	30206.1	2.59172	30206.1
2.60377	30498	2.60377	30206.2	2.60377	30206.2
2.61573	29877	2.61573	30206.4	2.61573	30206.4
2.62758	30371	2.62758	30206.5	2.62758	30206.5
2.63933	30335	2.63933	30206.6	2.63933	30206.6
2.65099	29980	2.65099	30206.7	2.65099	30206.7
2.66255	29891	2.66255	30206.8	2.66255	30206.8
2.674	30233	2.674	30206.9	2.674	30206.9
2.68536	30271	2.68536	30207	2.68536	30207
2.69661	30664	2.69661	30207	2.69661	30207
2.70776	30037	2.70776	30207.1	2.70776	30207.1
2.71881	30071	2.71881	30207.2	2.71881	30207.2
2.72976	30210	2.72976	30207.3	2.72976	30207.3
2.74061	30224	2.74061	30207.4	2.74061	30207.4
2.75135	30289	2.75135	30207.5	2.75135	30207.5
2.76199	30124	2.76199	30207.6	2.76199	30207.6
2.77252	30345	2.77252	30207.6	2.77252	30207.6
2.78295	30104	2.78295	30207.7	2.78295	30207.7
2.79328	30166	2.79328	30207.8	2.79328	30207.8
2.8035	30498	2.8035	30207.9	2.8035	30207.9
2.81361	29846	2.81361	30207.9	2.81361	30207.9
2.82362	29844	2.82362	30208	2.82362	30208
2.83352	30276	2.83352	30208.1	2.83352	30208.1
2.84332	30110	2.84332	30208.2	2.84332	30208.2
2.85301	30227	2.85301	30208.2	2.85301	30208.2
2.86259	30045	2.86259	30208.3	2.86259	30208.3
2.87207	30434	2.87207	30208.4	2.87207	30208.4
2.88143	30382	2.88143	30208.4	2.88143	30208.4
2.89069	30274	2.89069	30208.5	2.89069	30208.5
2.89983	30104	2.89983	30208.5	2.89983	30208.5
2.90887	30085	2.90887	30208.6	2.90887	30208.6
2.9178	30378	2.9178	30208.7	2.9178	30208.7
2.92662	30202	2.92662	30208.7	2.92662	30208.7
2.93533	30117	2.93533	30208.8	2.93533	30208.8
2.94393	30410	2.94393	30208.8	2.94393	30208.8
2.95242	30463	2.95242	30208.9	2.95242	30208.9
2.9608	30277	2.9608	30208.9	2.9608	30208.9
2.96906	30346	2.96906	30209	2.96906	30209
2.97722	29939	2.97722	30209	2.97722	30209
2.98526	30271	2.98526	30209.1	2.98526	30209.1
2.99319	30387	2.99319	30209.1	2.99319	30209.1
3.001	30017	3.001	30209.2	3.001	30209.2
3.00871	29942	3.00871	30209.2	3.00871	30209.2
3.0163	30430	3.0163	30209.3	3.0163	30209.3
3.02377	30093	3.02377	30209.3	3.02377	30209.3
3.03114	30241	3.03114	30209.4	3.03114	30209.4
3.03838	30185	3.03838	30209.4	3.03838	30209.4
3.04552	29908	3.04552	30209.4	3.04552	30209.4
3.05254	30493	3.05254	30209.5	3.05254	30209.5
3.05944	30599	3.05944	30209.5	3.05944	30209.5
3.06623	29947	3.06623	30209.6	3.06623	30209.6
3.07291	30372	3.07291	30209.6	3.07291	30209.6
3.07946	29989	3.07946	30209.6	3.07946	30209.6
3.08591	30332	3.08591	30209.7	3.08591	30209.7
3.09223	30281	3.09223	30209.7	3.09223	30209.7
3.09844	30352	3.09844	30209.7	3.09844	30209.7
3.10454	30419	3.10454	30209.8	3.10454	30209.8
3.11051	30218	3.11051	30209.8	3.11051	30209.8
3.11637	30097	3.11637	30209.8	3.11637	30209.8
3.12211	30053	3.12211	30209.9	3.12211	30209.9
3.12774	30244	3.12774	30209.9	3.12774	30209.9
3.13325	30059	3.13325	30209.9	3.13325	30209.9
3.13863	30349	3.13863	30210	3.13863	30210
3.1439	30063	3.1439	30210	3.1439	30210
3.14906	30325	3.14906	30210	3.14906	30210
3.15409	30065	3.15409	30210	3.15409	30210
3.159	30034	3.159	30210.1	3.159	30210.1
3.1638	30099	3.1638	30210.1	3.1638	30210.1
3.16848	30336	3.16848	30210.1	3.16848	30210.1
3.17303	30166	3.17303	30210.1	3.17303	30210.1
3.17747	30017	3.17747	30210.2	3.17747	30210.2
3.18179	30046	3.18179	30210.2	3.18179	30210.2
3.18599	29923	3.18599	30210.2	3.18599	30210.2
3.19007	30181	3.19007	30210.2	3.19007	30210.2
3.19402	30441	3.19402	30210.2	3.19402	30210.2
3.19786	30065	3.19786	30210.3	3.19786	30210.3
3.20158	30432	3.20158	30210.3	3.20158	30210.3
3.20518	30185	3.20518	30210.3	3.20518	30210.3
3.20865	30349	3.20865	30210.3	3.20865	30210.3
3.21201	30427	3.21201	30210.3	3.21201	30210.3
3.21525	30228	3.21525	30210.4	3.21525	30210.4
3.21836	29996	3.21836	30210.4	3.21836	30210.4
3.22135	30238	3.22135	30210.4	3.22135	30210.4
3.22422	29869	3.22422	30210.4	3.22422	30210.4
3.22697	30006	3.22697	30210.4	3.22697	30210.4
3.2296	30184	3.2296	30210.4	3.2296	30210.4
3.23211	30183	3.23211	30210.4	3.23211	30210.4
3.23449	30036	3.23449	30210.4	3.23449	30210.4
3.23676	30236	3.23676	30210.5	3.23676	30210.5
3.2389	30568	3.2389	30210.5	3.2389	30210.5
3.24092	30462	3.24092	30210.5	3.24092	30210.5
3.24282	30421	3.24282	30210.5	3.24282	30210.5
3.24459	30255	3.24459	30210.5	3.24459	30210.5
3.24625	30307	3.24625	30210.5	3.24625	30210.5
3.24778	29890	3.24778	30210.5	3.24778	30210.5
3.24919	30695	3.24919	30210.5	3.24919	30210.5
3.25047	30115	3.25047	30210.5	3.25047	30210.5
3.25164	30485	3.25164	30210.5	3.25164	30210.5
3.25268	30412	3.25268	30210.5	3.25268	30210.5
3.2536	30158	3.2536	30210.5	3.2536	30210.5
3.25439	30174	3.25439	30210.5	3.25439	30210.5
3.25507	29998	3.25507	30210.5	3.25507	30210.5
3.25562	30448	3.25562	30210.5	3.25562	30210.5
3.25605	30160	3.25605	30210.6	3.25605	30210.6
3.25636	30412	3.25636	30210.6	3.25636	30210.6
3.25654	30117	3.25654	30210.6	3.25654	30210.6
3.2566	30410	3.2566	30210.6	3.2566	30210.6
