Original file:
C:\Users\Kryolabor\Desktop\131124Joekob\rotes_bls.txt
Date / time: 19.11.2024, 16:07:00
Sample: Rotes Bls
Comments: 8.2 mV
Channel #	Counts	Counts (folded)
      0	  19473	  39280
      1	  19343	  39487
      2	  19656	  39146
      3	  19601	  39219
      4	  19551	  39486
      5	  19650	  39188
      6	  19802	  39117
      7	  19640	  39480
      8	  19520	  39061
      9	  19830	  38658
     10	  19544	  38983
     11	  19314	  39312
     12	  19475	  39148
     13	  19684	  38674
     14	  19678	  38960
     15	  19287	  39124
     16	  19437	  39339
     17	  19522	  39041
     18	  19595	  39201
     19	  19417	  39180
     20	  19589	  39015
     21	  19594	  39228
     22	  19750	  39545
     23	  19618	  39253
     24	  19822	  38823
     25	  19401	  39092
     26	  19434	  38921
     27	  19585	  39610
     28	  19498	  38991
     29	  19852	  39086
     30	  19337	  39123
     31	  19548	  39022
     32	  19592	  39090
     33	  19463	  38952
     34	  19391	  39359
     35	  19785	  38982
     36	  19712	  39062
     37	  19411	  39231
     38	  19481	  39454
     39	  19703	  38802
     40	  19654	  39172
     41	  19215	  38959
     42	  19488	  39095
     43	  19330	  39193
     44	  19434	  38872
     45	  19548	  38604
     46	  19483	  39406
     47	  19258	  39175
     48	  19679	  39228
     49	  19523	  38839
     50	  19535	  39178
     51	  19330	  39255
     52	  19451	  39347
     53	  19634	  38948
     54	  19719	  38983
     55	  19490	  38913
     56	  19491	  38876
     57	  19327	  39054
     58	  19421	  39211
     59	  19407	  39410
     60	  19620	  39133
     61	  19622	  38899
     62	  19465	  39383
     63	  19413	  38923
     64	  19763	  39032
     65	  19536	  38825
     66	  19556	  39314
     67	  19381	  39013
     68	  19508	  38852
     69	  19390	  38958
     70	  19506	  38874
     71	  19524	  38901
     72	  19467	  39330
     73	  19333	  39116
     74	  19648	  38983
     75	  19502	  39093
     76	  19508	  38810
     77	  19611	  39270
     78	  19409	  38998
     79	  19648	  38934
     80	  19448	  39444
     81	  19345	  38836
     82	  19698	  38550
     83	  19407	  39140
     84	  19249	  38881
     85	  19659	  39005
     86	  19681	  38756
     87	  19596	  39225
     88	  19237	  39302
     89	  19545	  39151
     90	  19607	  39140
     91	  19599	  39344
     92	  19599	  38961
     93	  19642	  39002
     94	  19422	  38891
     95	  19548	  38877
     96	  19525	  39141
     97	  19424	  38980
     98	  19507	  38654
     99	  19521	  39042
    100	  19349	  38968
    101	  19647	  39076
    102	  19489	  39431
    103	  19612	  39043
    104	  19755	  38618
    105	  19340	  39113
    106	  19260	  39120
    107	  19356	  38966
    108	  19660	  39052
    109	  19580	  38957
    110	  19411	  39159
    111	  19477	  39027
    112	  19621	  39056
    113	  19498	  39115
    114	  19538	  39342
    115	  19426	  38789
    116	  19618	  39236
    117	  19569	  38819
    118	  19529	  39106
    119	  19502	  39442
    120	  19486	  38973
    121	  19829	  38949
    122	  19646	  39274
    123	  19427	  39194
    124	  19678	  38894
    125	  19485	  38715
    126	  19181	  39388
    127	  19251	  39235
    128	  19778	  38952
    129	  19585	  39215
    130	  19537	  38915
    131	  19528	  39224
    132	  19461	  39262
    133	  19652	  38694
    134	  19404	  38963
    135	  19236	  38702
    136	  19387	  38919
    137	  19339	  38578
    138	  19353	  39092
    139	  19340	  39109
    140	  19470	  38902
    141	  19423	  39076
    142	  19488	  39180
    143	  19497	  39010
    144	  19818	  38905
    145	  19584	  38751
    146	  19510	  38682
    147	  19274	  38872
    148	  19354	  38880
    149	  19420	  39058
    150	  19421	  38990
    151	  19533	  39103
    152	  19372	  38731
    153	  19631	  39190
    154	  19340	  39142
    155	  19463	  38985
    156	  19628	  39132
    157	  19497	  38885
    158	  19541	  38737
    159	  19589	  38760
    160	  19265	  39136
    161	  19410	  39168
    162	  19583	  38821
    163	  19698	  38983
    164	  19437	  38710
    165	  19455	  38986
    166	  19304	  39001
    167	  19407	  39165
    168	  19676	  39319
    169	  19478	  38986
    170	  19584	  39192
    171	  19250	  38866
    172	  19657	  38664
    173	  19449	  38936
    174	  19372	  39191
    175	  19554	  39023
    176	  19678	  38852
    177	  19598	  38880
    178	  19659	  38615
    179	  19345	  39202
    180	  19289	  38905
    181	  19681	  38907
    182	  19343	  38883
    183	  19387	  38872
    184	  19252	  38667
    185	  19545	  38427
    186	  19342	  38796
    187	  19070	  38978
    188	  19348	  38956
    189	  19429	  38687
    190	  19459	  38975
    191	  19348	  38695
    192	  19561	  38656
    193	  19230	  39044
    194	  19261	  38626
    195	  19618	  38822
    196	  19278	  38767
    197	  19409	  39231
    198	  19459	  38991
    199	  19715	  38793
    200	  19494	  38701
    201	  19504	  38955
    202	  19338	  38486
    203	  19578	  39228
    204	  19080	  39091
    205	  19616	  38941
    206	  19504	  38734
    207	  19442	  38933
    208	  19311	  38952
    209	  19346	  38971
    210	  19477	  38817
    211	  19478	  38561
    212	  19385	  38669
    213	  19174	  38739
    214	  19585	  38984
    215	  19284	  38789
    216	  19417	  38846
    217	  19387	  38422
    218	  19559	  38958
    219	  19244	  38574
    220	  19559	  38703
    221	  19217	  38613
    222	  19296	  38430
    223	  19308	  38735
    224	  19237	  38534
    225	  19263	  39054
    226	  19306	  38351
    227	  19355	  38948
    228	  19285	  38318
    229	  19631	  38673
    230	  19386	  38496
    231	  19242	  38373
    232	  19182	  38229
    233	  19141	  38094
    234	  19176	  38153
    235	  19148	  37647
    236	  19186	  38112
    237	  18775	  37982
    238	  19052	  38070
    239	  19085	  38257
    240	  19093	  37941
    241	  18954	  37734
    242	  18859	  37845
    243	  18948	  38120
    244	  18921	  37301
    245	  18986	  37629
    246	  18561	  37561
    247	  18779	  36943
    248	  18606	  37068
    249	  18294	  37125
    250	  18328	  37222
    251	  18778	  37012
    252	  18687	  36567
    253	  18434	  36412
    254	  18131	  36564
    255	  18240	  35957
    256	  18268	  35585
    257	  17859	  35716
    258	  17763	  35677
    259	  17888	  35294
    260	  17903	  35291
    261	  17719	  35449
    262	  17664	  34840
    263	  17661	  34833
    264	  17557	  35065
    265	  17465	  34650
    266	  17350	  34634
    267	  17470	  34710
    268	  17301	  34540
    269	  17370	  34546
    270	  17241	  34822
    271	  17193	  34694
    272	  17430	  35034
    273	  17274	  34834
    274	  17846	  35126
    275	  17364	  35223
    276	  17510	  35297
    277	  17779	  35475
    278	  17621	  35401
    279	  17466	  35567
    280	  17682	  35721
    281	  17733	  35715
    282	  17968	  35639
    283	  17957	  35681
    284	  17930	  35520
    285	  17793	  36009
    286	  17657	  35343
    287	  18037	  35849
    288	  17782	  35757
    289	  17839	  35705
    290	  17875	  35779
    291	  17787	  35311
    292	  17830	  35435
    293	  17648	  35541
    294	  17761	  35259
    295	  17780	  34990
    296	  17709	  35246
    297	  17522	  34591
    298	  17725	  34804
    299	  17344	  35100
    300	  17511	  35084
    301	  17568	  34564
    302	  17496	  35077
    303	  17277	  35046
    304	  17518	  35028
    305	  17624	  35036
    306	  17833	  35349
    307	  17491	  35321
    308	  17743	  35801
    309	  17621	  35811
    310	  17964	  35992
    311	  17862	  35966
    312	  17969	  36126
    313	  17947	  36097
    314	  17957	  36761
    315	  18118	  36538
    316	  18286	  36370
    317	  18079	  37056
    318	  18174	  36953
    319	  18472	  37209
    320	  18688	  36864
    321	  18668	  37165
    322	  18367	  37206
    323	  18740	  37669
    324	  18736	  37399
    325	  18916	  37607
    326	  18764	  37749
    327	  18917	  38168
    328	  18983	  38252
    329	  19089	  37753
    330	  19079	  37327
    331	  18746	  38304
    332	  18622	  37734
    333	  19086	  37971
    334	  18774	  38056
    335	  18749	  37958
    336	  18911	  38345
    337	  18986	  38259
    338	  19064	  38449
    339	  19205	  38256
    340	  19342	  38519
    341	  19117	  38260
    342	  19118	  38466
    343	  19007	  38461
    344	  19310	  38749
    345	  19077	  38402
    346	  19375	  38502
    347	  19149	  38705
    348	  19250	  38465
    349	  19303	  38543
    350	  19241	  38621
    351	  19201	  38847
    352	  19305	  38732
    353	  19341	  38727
    354	  19374	  38592
    355	  19384	  38511
    356	  19212	  38441
    357	  19206	  38626
    358	  19190	  38652
    359	  19325	  38429
    360	  19488	  38806
    361	  19221	  39000
    362	  19253	  38537
    363	  19635	  38725
    364	  19222	  38777
    365	  19298	  38992
    366	  19225	  38933
    367	  19501	  38900
    368	  19525	  38961
    369	  19361	  38488
    370	  19517	  38798
    371	  19212	  39009
    372	  19336	  38721
    373	  19526	  38861
    374	  19344	  38828
    375	  19609	  38861
    376	  19453	  38756
    377	  19440	  38787
    378	  19428	  38664
    379	  19290	  38519
    380	  19308	  38856
    381	  19234	  38973
    382	  19236	  38756
    383	  19463	  39021
    384	  19487	  38981
    385	  19538	  38780
    386	  19474	  38893
    387	  19486	  38981
    388	  19352	  38809
    389	  19442	  38936
    390	  19574	  38765
    391	  19588	  38742
    392	  19373	  39080
    393	  19408	  38820
    394	  19495	  39149
    395	  19247	  38706
    396	  19543	  39058
    397	  19323	  38762
    398	  19486	  39128
    399	  19317	  39269
    400	  19547	  38592
    401	  19622	  38609
    402	  19222	  38943
    403	  19366	  39017
    404	  19458	  38688
    405	  19726	  38826
    406	  19301	  38857
    407	  19434	  38972
    408	  19522	  39036
    409	  19495	  38692
    410	  19512	  38825
    411	  19475	  38802
    412	  19226	  38639
    413	  19498	  38987
    414	  19332	  38706
    415	  19520	  38965
    416	  19262	  38728
    417	  19515	  38612
    418	  19283	  39176
    419	  19233	  38600
    420	  19489	  38683
    421	  19301	  38888
    422	  19323	  38852
    423	  19298	  38644
    424	  19238	  39041
    425	  19352	  38857
    426	  19506	  38781
    427	  19690	  39114
    428	  19326	  38787
    429	  19692	  38875
    430	  19453	  39272
    431	  19378	  38675
    432	  19702	  38993
    433	  19271	  39225
    434	  19441	  38939
    435	  19685	  39074
    436	  19453	  38909
    437	  19456	  39158
    438	  19349	  39128
    439	  19537	  39088
    440	  19723	  38722
    441	  19653	  39197
    442	  19427	  39031
    443	  19846	  39162
    444	  19709	  38994
    445	  19618	  39245
    446	  19396	  39469
    447	  19636	  38955
    448	  19613	  39011
    449	  19491	  39045
    450	  19538	  39127
    451	  19434	  39144
    452	  19457	  39209
    453	  19546	  39111
    454	  19614	  38906
    455	  19618	  38974
    456	  19478	  39533
    457	  19513	  39241
    458	  19754	  38744
    459	  19612	  39329
    460	  19333	  38731
    461	  19628	  38648
    462	  19487	  39184
    463	  19273	  39283
    464	  19593	  39537
    465	  19700	  39093
    466	  19698	  39006
    467	  19593	  39107
    468	  19553	  38803
    469	  19659	  39280
    470	  19453	  39155
    471	  19629	  39056
    472	  19618	  38948
    473	  19628	  39007
    474	  19400	  38836
    475	  19557	  39015
    476	  19337	  39061
    477	  19506	  38984
    478	  19576	  38804
    479	  19326	  39142
    480	  19552	  39276
    481	  19662	  38825
    482	  19600	  38731
    483	  19475	  39315
    484	  19198	  39164
    485	  19643	  38852
    486	  19529	  38958
    487	  19529	  39189
    488	  19489	  39196
    489	  19385	  38912
    490	  19711	  39018
    491	  19288	  38793
    492	  19572	  39031
    493	  19406	  39241
    494	  19628	  38755
    495	  19332	  38806
    496	  19418	  39005
    497	  19450	  39159
    498	  19438	  39261
    499	  19327	  39040
    500	  19606	  39131
    501	  19454	  39122
    502	  19635	  38673
    503	  19675	  38989
    504	  19272	  39147
    505	  19433	  39132
    506	  19468	  38705
    507	  19566	  39110
    508	  19299	  39070
    509	  19573	  38928
    510	  19509	  39082
    511	  19500	      0
    512	  19587	      0
    513	  19495	      0
    514	  19428	      0
    515	  19561	      0
    516	  19537	      0
    517	  19406	      0
    518	  19566	      0
    519	  19679	      0
    520	  19556	      0
    521	  19401	      0
    522	  19447	      0
    523	  19496	      0
    524	  19586	      0
    525	  19655	      0
    526	  19832	      0
    527	  19567	      0
    528	  19356	      0
    529	  19337	      0
    530	  19909	      0
    531	  19403	      0
    532	  19387	      0
    533	  19446	      0
    534	  19624	      0
    535	  19485	      0
    536	  19804	      0
    537	  19469	      0
    538	  19323	      0
    539	  19635	      0
    540	  19672	      0
    541	  19533	      0
    542	  19350	      0
    543	  19676	      0
    544	  19480	      0
    545	  19252	      0
    546	  19658	      0
    547	  19485	      0
    548	  19509	      0
    549	  19499	      0
    550	  19450	      0
    551	  19548	      0
    552	  19428	      0
    553	  19537	      0
    554	  19651	      0
    555	  19350	      0
    556	  19448	      0
    557	  19453	      0
    558	  19500	      0
    559	  19839	      0
    560	  19583	      0
    561	  19591	      0
    562	  19375	      0
    563	  19244	      0
    564	  19701	      0
    565	  19411	      0
    566	  19629	      0
    567	  19779	      0
    568	  19461	      0
    569	  19428	      0
    570	  19493	      0
    571	  19595	      0
    572	  19598	      0
    573	  19670	      0
    574	  19611	      0
    575	  19473	      0
    576	  19464	      0
    577	  19856	      0
    578	  19609	      0
    579	  19598	      0
    580	  19544	      0
    581	  19322	      0
    582	  19351	      0
    583	  19295	      0
    584	  19435	      0
    585	  19405	      0
    586	  19621	      0
    587	  19560	      0
    588	  19618	      0
    589	  19486	      0
    590	  19540	      0
    591	  19552	      0
    592	  19404	      0
    593	  19570	      0
    594	  19497	      0
    595	  19334	      0
    596	  19422	      0
    597	  19455	      0
    598	  19167	      0
    599	  19535	      0
    600	  19292	      0
    601	  19614	      0
    602	  19590	      0
    603	  19360	      0
    604	  19299	      0
    605	  19687	      0
    606	  19379	      0
    607	  19445	      0
    608	  19450	      0
    609	  19444	      0
    610	  19467	      0
    611	  19307	      0
    612	  19304	      0
    613	  19599	      0
    614	  19217	      0
    615	  19524	      0
    616	  19477	      0
    617	  19335	      0
    618	  19392	      0
    619	  19387	      0
    620	  19291	      0
    621	  19485	      0
    622	  19243	      0
    623	  19370	      0
    624	  19647	      0
    625	  19581	      0
    626	  19445	      0
    627	  19572	      0
    628	  19383	      0
    629	  19606	      0
    630	  19573	      0
    631	  19585	      0
    632	  19334	      0
    633	  19392	      0
    634	  19348	      0
    635	  19235	      0
    636	  19539	      0
    637	  19541	      0
    638	  19294	      0
    639	  19507	      0
    640	  19483	      0
    641	  19269	      0
    642	  19510	      0
    643	  19620	      0
    644	  19285	      0
    645	  19356	      0
    646	  19497	      0
    647	  19328	      0
    648	  19421	      0
    649	  19375	      0
    650	  19252	      0
    651	  19377	      0
    652	  19483	      0
    653	  19462	      0
    654	  19276	      0
    655	  19444	      0
    656	  19539	      0
    657	  19408	      0
    658	  19491	      0
    659	  19552	      0
    660	  19427	      0
    661	  19315	      0
    662	  19365	      0
    663	  19553	      0
    664	  19208	      0
    665	  19164	      0
    666	  19301	      0
    667	  19251	      0
    668	  19305	      0
    669	  19380	      0
    670	  19343	      0
    671	  19358	      0
    672	  19506	      0
    673	  19316	      0
    674	  19342	      0
    675	  19224	      0
    676	  19402	      0
    677	  19252	      0
    678	  19253	      0
    679	  19374	      0
    680	  19384	      0
    681	  19156	      0
    682	  19253	      0
    683	  19401	      0
    684	  19139	      0
    685	  19107	      0
    686	  19054	      0
    687	  19281	      0
    688	  18972	      0
    689	  19145	      0
    690	  19222	      0
    691	  18960	      0
    692	  19218	      0
    693	  18705	      0
    694	  19007	      0
    695	  19173	      0
    696	  19079	      0
    697	  18766	      0
    698	  18690	      0
    699	  18635	      0
    700	  18753	      0
    701	  18470	      0
    702	  18425	      0
    703	  18497	      0
    704	  18541	      0
    705	  18265	      0
    706	  18584	      0
    707	  18196	      0
    708	  18459	      0
    709	  18475	      0
    710	  17979	      0
    711	  18169	      0
    712	  18019	      0
    713	  18023	      0
    714	  17949	      0
    715	  17837	      0
    716	  17700	      0
    717	  17606	      0
    718	  17545	      0
    719	  17195	      0
    720	  17422	      0
    721	  17559	      0
    722	  17287	      0
    723	  17588	      0
    724	  17532	      0
    725	  17293	      0
    726	  17247	      0
    727	  17521	      0
    728	  17468	      0
    729	  17550	      0
    730	  17761	      0
    731	  17674	      0
    732	  17663	      0
    733	  17949	      0
    734	  17918	      0
    735	  17882	      0
    736	  18010	      0
    737	  17561	      0
    738	  17972	      0
    739	  17863	      0
    740	  17888	      0
    741	  17709	      0
    742	  17758	      0
    743	  17753	      0
    744	  17834	      0
    745	  17719	      0
    746	  18009	      0
    747	  17676	      0
    748	  17444	      0
    749	  17616	      0
    750	  17470	      0
    751	  17188	      0
    752	  17420	      0
    753	  17392	      0
    754	  17353	      0
    755	  17299	      0
    756	  17340	      0
    757	  17333	      0
    758	  17180	      0
    759	  17715	      0
    760	  17368	      0
    761	  17283	      0
    762	  17788	      0
    763	  17627	      0
    764	  17575	      0
    765	  17774	      0
    766	  17828	      0
    767	  17822	      0
    768	  18098	      0
    769	  18296	      0
    770	  18172	      0
    771	  18436	      0
    772	  18578	      0
    773	  18535	      0
    774	  18347	      0
    775	  18740	      0
    776	  18649	      0
    777	  18955	      0
    778	  18850	      0
    779	  18740	      0
    780	  19134	      0
    781	  18924	      0
    782	  18786	      0
    783	  19082	      0
    784	  19303	      0
    785	  18977	      0
    786	  18897	      0
    787	  19060	      0
    788	  18872	      0
    789	  18967	      0
    790	  18946	      0
    791	  19053	      0
    792	  19232	      0
    793	  19314	      0
    794	  19431	      0
    795	  18932	      0
    796	  19317	      0
    797	  19066	      0
    798	  19699	      0
    799	  19228	      0
    800	  19472	      0
    801	  19193	      0
    802	  19305	      0
    803	  19407	      0
    804	  19357	      0
    805	  19399	      0
    806	  19178	      0
    807	  19287	      0
    808	  19402	      0
    809	  19567	      0
    810	  19455	      0
    811	  19084	      0
    812	  19387	      0
    813	  19432	      0
    814	  19493	      0
    815	  19475	      0
    816	  19587	      0
    817	  19423	      0
    818	  19499	      0
    819	  19587	      0
    820	  19612	      0
    821	  19406	      0
    822	  19377	      0
    823	  19363	      0
    824	  19289	      0
    825	  19497	      0
    826	  19516	      0
    827	  19308	      0
    828	  19413	      0
    829	  19348	      0
    830	  19426	      0
    831	  19395	      0
    832	  19465	      0
    833	  19414	      0
    834	  19339	      0
    835	  19497	      0
    836	  19549	      0
    837	  19448	      0
    838	  19357	      0
    839	  19325	      0
    840	  19327	      0
    841	  19631	      0
    842	  19520	      0
    843	  19562	      0
    844	  19521	      0
    845	  19326	      0
    846	  19535	      0
    847	  19193	      0
    848	  19425	      0
    849	  19513	      0
    850	  19382	      0
    851	  19292	      0
    852	  19417	      0
    853	  19535	      0
    854	  19736	      0
    855	  19735	      0
    856	  19687	      0
    857	  19325	      0
    858	  19579	      0
    859	  19406	      0
    860	  19528	      0
    861	  19384	      0
    862	  19470	      0
    863	  19553	      0
    864	  19350	      0
    865	  19472	      0
    866	  19296	      0
    867	  19591	      0
    868	  19488	      0
    869	  19514	      0
    870	  19727	      0
    871	  19391	      0
    872	  19472	      0
    873	  19618	      0
    874	  19525	      0
    875	  19459	      0
    876	  19452	      0
    877	  19328	      0
    878	  19477	      0
    879	  19395	      0
    880	  19426	      0
    881	  19362	      0
    882	  19579	      0
    883	  19414	      0
    884	  19686	      0
    885	  19622	      0
    886	  19238	      0
    887	  19566	      0
    888	  19363	      0
    889	  19576	      0
    890	  19458	      0
    891	  19858	      0
    892	  19572	      0
    893	  19454	      0
    894	  19687	      0
    895	  19415	      0
    896	  19650	      0
    897	  19610	      0
    898	  19464	      0
    899	  19713	      0
    900	  19709	      0
    901	  19596	      0
    902	  19522	      0
    903	  19327	      0
    904	  19613	      0
    905	  19620	      0
    906	  19317	      0
    907	  19707	      0
    908	  19220	      0
    909	  19724	      0
    910	  19689	      0
    911	  19518	      0
    912	  19529	      0
    913	  19538	      0
    914	  19480	      0
    915	  19641	      0
    916	  19386	      0
    917	  19460	      0
    918	  19757	      0
    919	  19358	      0
    920	  19703	      0
    921	  19676	      0
    922	  19464	      0
    923	  19479	      0
    924	  19395	      0
    925	  19305	      0
    926	  19459	      0
    927	  19634	      0
    928	  19453	      0
    929	  19366	      0
    930	  19454	      0
    931	  19539	      0
    932	  19702	      0
    933	  19541	      0
    934	  19552	      0
    935	  19695	      0
    936	  19680	      0
    937	  19519	      0
    938	  19409	      0
    939	  19200	      0
    940	  19481	      0
    941	  19301	      0
    942	  19429	      0
    943	  19746	      0
    944	  19589	      0
    945	  19550	      0
    946	  19622	      0
    947	  19401	      0
    948	  19482	      0
    949	  19475	      0
    950	  19614	      0
    951	  19682	      0
    952	  19568	      0
    953	  19407	      0
    954	  19434	      0
    955	  19346	      0
    956	  19623	      0
    957	  19806	      0
    958	  19444	      0
    959	  19476	      0
    960	  19387	      0
    961	  19620	      0
    962	  19486	      0
    963	  19668	      0
    964	  19788	      0
    965	  19591	      0
    966	  19647	      0
    967	  19455	      0
    968	  19586	      0
    969	  19492	      0
    970	  19458	      0
    971	  19628	      0
    972	  19621	      0
    973	  19727	      0
    974	  19509	      0
    975	  19693	      0
    976	  19652	      0
    977	  19727	      0
    978	  19346	      0
    979	  19389	      0
    980	  19645	      0
    981	  19661	      0
    982	  19629	      0
    983	  19684	      0
    984	  19587	      0
    985	  19800	      0
    986	  19528	      0
    987	  19581	      0
    988	  19571	      0
    989	  19647	      0
    990	  19167	      0
    991	  19699	      0
    992	  19559	      0
    993	  19531	      0
    994	  19538	      0
    995	  19654	      0
    996	  19758	      0
    997	  19423	      0
    998	  19507	      0
    999	  19389	      0
   1000	  19852	      0
   1001	  19723	      0
   1002	  19610	      0
   1003	  19265	      0
   1004	  19586	      0
   1005	  19612	      0
   1006	  19624	      0
   1007	  19744	      0
   1008	  19602	      0
   1009	  19523	      0
   1010	  19387	      0
   1011	  19470	      0
   1012	  19628	      0
   1013	  19508	      0
   1014	  19344	      0
   1015	  19517	      0
   1016	  19650	      0
   1017	  19597	      0
   1018	  19548	      0
   1019	  19684	      0
   1020	  19569	      0
   1021	  19595	      0
   1022	  19886	      0
   1023	  19624	      0
