TotalSpectrum-x_point	TotalSpectrum-y_point	TotalSpectrum-x_line	TotalSpectrum-y_line	Subspectrum2-x_line	Subspectrum2-y_line
-1.3351	39082	-1.3351	39024.5	-1.3351	39024.5
-1.33498	38928	-1.33498	39024.4	-1.33498	39024.4
-1.3348	39070	-1.3348	39024.4	-1.3348	39024.4
-1.33458	39110	-1.33458	39024.4	-1.33458	39024.4
-1.3343	38705	-1.3343	39024.3	-1.3343	39024.3
-1.33397	39132	-1.33397	39024.3	-1.33397	39024.3
-1.3336	39147	-1.3336	39024.2	-1.3336	39024.2
-1.33317	38989	-1.33317	39024.1	-1.33317	39024.1
-1.33269	38673	-1.33269	39024	-1.33269	39024
-1.33217	39122	-1.33217	39023.9	-1.33217	39023.9
-1.33159	39131	-1.33159	39023.8	-1.33159	39023.8
-1.33096	39040	-1.33096	39023.7	-1.33096	39023.7
-1.33028	39261	-1.33028	39023.6	-1.33028	39023.6
-1.32956	39159	-1.32956	39023.5	-1.32956	39023.5
-1.32878	39005	-1.32878	39023.3	-1.32878	39023.3
-1.32795	38806	-1.32795	39023.2	-1.32795	39023.2
-1.32707	38755	-1.32707	39023	-1.32707	39023
-1.32614	39241	-1.32614	39022.8	-1.32614	39022.8
-1.32516	39031	-1.32516	39022.7	-1.32516	39022.7
-1.32414	38793	-1.32414	39022.5	-1.32414	39022.5
-1.32306	39018	-1.32306	39022.3	-1.32306	39022.3
-1.32193	38912	-1.32193	39022	-1.32193	39022
-1.32075	39196	-1.32075	39021.8	-1.32075	39021.8
-1.31953	39189	-1.31953	39021.6	-1.31953	39021.6
-1.31825	38958	-1.31825	39021.4	-1.31825	39021.4
-1.31692	38852	-1.31692	39021.1	-1.31692	39021.1
-1.31555	39164	-1.31555	39020.8	-1.31555	39020.8
-1.31412	39315	-1.31412	39020.6	-1.31412	39020.6
-1.31265	38731	-1.31265	39020.3	-1.31265	39020.3
-1.31112	38825	-1.31112	39020	-1.31112	39020
-1.30955	39276	-1.30955	39019.7	-1.30955	39019.7
-1.30793	39142	-1.30793	39019.4	-1.30793	39019.4
-1.30625	38804	-1.30625	39019.1	-1.30625	39019.1
-1.30453	38984	-1.30453	39018.7	-1.30453	39018.7
-1.30276	39061	-1.30276	39018.4	-1.30276	39018.4
-1.30094	39015	-1.30094	39018	-1.30094	39018
-1.29907	38836	-1.29907	39017.6	-1.29907	39017.6
-1.29716	39007	-1.29716	39017.3	-1.29716	39017.3
-1.29519	38948	-1.29519	39016.9	-1.29519	39016.9
-1.29318	39056	-1.29318	39016.4	-1.29318	39016.4
-1.29111	39155	-1.29111	39016	-1.29111	39016
-1.289	39280	-1.289	39015.6	-1.289	39015.6
-1.28684	38803	-1.28684	39015.1	-1.28684	39015.1
-1.28463	39107	-1.28463	39014.7	-1.28463	39014.7
-1.28237	39006	-1.28237	39014.2	-1.28237	39014.2
-1.28007	39093	-1.28007	39013.7	-1.28007	39013.7
-1.27771	39537	-1.27771	39013.2	-1.27771	39013.2
-1.27531	39283	-1.27531	39012.7	-1.27531	39012.7
-1.27286	39184	-1.27286	39012.2	-1.27286	39012.2
-1.27036	38648	-1.27036	39011.7	-1.27036	39011.7
-1.26782	38731	-1.26782	39011.1	-1.26782	39011.1
-1.26522	39329	-1.26522	39010.5	-1.26522	39010.5
-1.26258	38744	-1.26258	39009.9	-1.26258	39009.9
-1.25989	39241	-1.25989	39009.3	-1.25989	39009.3
-1.25716	39533	-1.25716	39008.7	-1.25716	39008.7
-1.25437	38974	-1.25437	39008.1	-1.25437	39008.1
-1.25154	38906	-1.25154	39007.4	-1.25154	39007.4
-1.24866	39111	-1.24866	39006.8	-1.24866	39006.8
-1.24574	39209	-1.24574	39006.1	-1.24574	39006.1
-1.24277	39144	-1.24277	39005.4	-1.24277	39005.4
-1.23975	39127	-1.23975	39004.7	-1.23975	39004.7
-1.23668	39045	-1.23668	39003.9	-1.23668	39003.9
-1.23357	39011	-1.23357	39003.2	-1.23357	39003.2
-1.23041	38955	-1.23041	39002.4	-1.23041	39002.4
-1.22721	39469	-1.22721	39001.6	-1.22721	39001.6
-1.22395	39245	-1.22395	39000.8	-1.22395	39000.8
-1.22066	38994	-1.22066	39000	-1.22066	39000
-1.21731	39162	-1.21731	38999.1	-1.21731	38999.1
-1.21393	39031	-1.21393	38998.2	-1.21393	38998.2
-1.21049	39197	-1.21049	38997.4	-1.21049	38997.4
-1.20701	38722	-1.20701	38996.4	-1.20701	38996.4
-1.20349	39088	-1.20349	38995.5	-1.20349	38995.5
-1.19992	39128	-1.19992	38994.5	-1.19992	38994.5
-1.1963	39158	-1.1963	38993.5	-1.1963	38993.5
-1.19264	38909	-1.19264	38992.5	-1.19264	38992.5
-1.18893	39074	-1.18893	38991.5	-1.18893	38991.5
-1.18518	38939	-1.18518	38990.4	-1.18518	38990.4
-1.18139	39225	-1.18139	38989.4	-1.18139	38989.4
-1.17755	38993	-1.17755	38988.2	-1.17755	38988.2
-1.17366	38675	-1.17366	38987.1	-1.17366	38987.1
-1.16973	39272	-1.16973	38985.9	-1.16973	38985.9
-1.16576	38875	-1.16576	38984.7	-1.16576	38984.7
-1.16175	38787	-1.16175	38983.5	-1.16175	38983.5
-1.15769	39114	-1.15769	38982.2	-1.15769	38982.2
-1.15358	38781	-1.15358	38981	-1.15358	38981
-1.14943	38857	-1.14943	38979.6	-1.14943	38979.6
-1.14524	39041	-1.14524	38978.3	-1.14524	38978.3
-1.14101	38644	-1.14101	38976.9	-1.14101	38976.9
-1.13674	38852	-1.13674	38975.5	-1.13674	38975.5
-1.13241	38888	-1.13241	38974	-1.13241	38974
-1.12805	38683	-1.12805	38972.5	-1.12805	38972.5
-1.12365	38600	-1.12365	38971	-1.12365	38971
-1.1192	39176	-1.1192	38969.4	-1.1192	38969.4
-1.11471	38612	-1.11471	38967.8	-1.11471	38967.8
-1.11018	38728	-1.11018	38966.1	-1.11018	38966.1
-1.10561	38965	-1.10561	38964.4	-1.10561	38964.4
-1.101	38706	-1.101	38962.7	-1.101	38962.7
-1.09634	38987	-1.09634	38960.9	-1.09634	38960.9
-1.09164	38639	-1.09164	38959	-1.09164	38959
-1.08691	38802	-1.08691	38957.1	-1.08691	38957.1
-1.08213	38825	-1.08213	38955.2	-1.08213	38955.2
-1.07731	38692	-1.07731	38953.2	-1.07731	38953.2
-1.07245	39036	-1.07245	38951.2	-1.07245	38951.2
-1.06755	38972	-1.06755	38949.1	-1.06755	38949.1
-1.06261	38857	-1.06261	38946.9	-1.06261	38946.9
-1.05763	38826	-1.05763	38944.7	-1.05763	38944.7
-1.05261	38688	-1.05261	38942.4	-1.05261	38942.4
-1.04754	39017	-1.04754	38940.1	-1.04754	38940.1
-1.04245	38943	-1.04245	38937.6	-1.04245	38937.6
-1.03731	38609	-1.03731	38935.2	-1.03731	38935.2
-1.03213	38592	-1.03213	38932.6	-1.03213	38932.6
-1.02691	39269	-1.02691	38930	-1.02691	38930
-1.02166	39128	-1.02166	38927.3	-1.02166	38927.3
-1.01636	38762	-1.01636	38924.5	-1.01636	38924.5
-1.01103	39058	-1.01103	38921.7	-1.01103	38921.7
-1.00566	38706	-1.00566	38918.7	-1.00566	38918.7
-1.00025	39149	-1.00025	38915.7	-1.00025	38915.7
-0.994806	38820	-0.994806	38912.6	-0.994806	38912.6
-0.989322	39080	-0.989322	38909.3	-0.989322	38909.3
-0.983802	38742	-0.983802	38906	-0.983802	38906
-0.978244	38765	-0.978244	38902.6	-0.978244	38902.6
-0.97265	38936	-0.97265	38899.1	-0.97265	38899.1
-0.967019	38809	-0.967019	38895.4	-0.967019	38895.4
-0.961352	38981	-0.961352	38891.7	-0.961352	38891.7
-0.955648	38893	-0.955648	38887.8	-0.955648	38887.8
-0.949909	38780	-0.949909	38883.8	-0.949909	38883.8
-0.944133	38981	-0.944133	38879.7	-0.944133	38879.7
-0.938322	39021	-0.938322	38875.4	-0.938322	38875.4
-0.932476	38756	-0.932476	38871	-0.932476	38871
-0.926595	38973	-0.926595	38866.4	-0.926595	38866.4
-0.920679	38856	-0.920679	38861.7	-0.920679	38861.7
-0.914728	38519	-0.914728	38856.8	-0.914728	38856.8
-0.908743	38664	-0.908743	38851.8	-0.908743	38851.8
-0.902723	38787	-0.902723	38846.5	-0.902723	38846.5
-0.89667	38756	-0.89667	38841.1	-0.89667	38841.1
-0.890582	38861	-0.890582	38835.5	-0.890582	38835.5
-0.884462	38828	-0.884462	38829.6	-0.884462	38829.6
-0.878307	38861	-0.878307	38823.6	-0.878307	38823.6
-0.87212	38721	-0.87212	38817.3	-0.87212	38817.3
-0.8659	39009	-0.8659	38810.8	-0.8659	38810.8
-0.859648	38798	-0.859648	38804.1	-0.859648	38804.1
-0.853363	38488	-0.853363	38797	-0.853363	38797
-0.847046	38961	-0.847046	38789.7	-0.847046	38789.7
-0.840697	38900	-0.840697	38782.1	-0.840697	38782.1
-0.834316	38933	-0.834316	38774.2	-0.834316	38774.2
-0.827904	38992	-0.827904	38766	-0.827904	38766
-0.821461	38777	-0.821461	38757.5	-0.821461	38757.5
-0.814987	38725	-0.814987	38748.5	-0.814987	38748.5
-0.808482	38537	-0.808482	38739.2	-0.808482	38739.2
-0.801947	39000	-0.801947	38729.5	-0.801947	38729.5
-0.795381	38806	-0.795381	38719.3	-0.795381	38719.3
-0.788786	38429	-0.788786	38708.7	-0.788786	38708.7
-0.782161	38652	-0.782161	38697.7	-0.782161	38697.7
-0.775506	38626	-0.775506	38686.1	-0.775506	38686.1
-0.768823	38441	-0.768823	38673.9	-0.768823	38673.9
-0.76211	38511	-0.76211	38661.2	-0.76211	38661.2
-0.755369	38592	-0.755369	38647.9	-0.755369	38647.9
-0.748599	38727	-0.748599	38633.9	-0.748599	38633.9
-0.741801	38732	-0.741801	38619.2	-0.741801	38619.2
-0.734975	38847	-0.734975	38603.8	-0.734975	38603.8
-0.728121	38621	-0.728121	38587.6	-0.728121	38587.6
-0.72124	38543	-0.72124	38570.5	-0.72124	38570.5
-0.714332	38465	-0.714332	38552.5	-0.714332	38552.5
-0.707397	38705	-0.707397	38533.6	-0.707397	38533.6
-0.700435	38502	-0.700435	38513.6	-0.700435	38513.6
-0.693447	38402	-0.693447	38492.5	-0.693447	38492.5
-0.686433	38749	-0.686433	38470.2	-0.686433	38470.2
-0.679393	38461	-0.679393	38446.6	-0.679393	38446.6
-0.672327	38466	-0.672327	38421.6	-0.672327	38421.6
-0.665237	38260	-0.665237	38395.2	-0.665237	38395.2
-0.658121	38519	-0.658121	38367.1	-0.658121	38367.1
-0.65098	38256	-0.65098	38337.2	-0.65098	38337.2
-0.643815	38449	-0.643815	38305.5	-0.643815	38305.5
-0.636625	38259	-0.636625	38271.8	-0.636625	38271.8
-0.629412	38345	-0.629412	38235.8	-0.629412	38235.8
-0.622175	37958	-0.622175	38197.5	-0.622175	38197.5
-0.614914	38056	-0.614914	38156.6	-0.614914	38156.6
-0.60763	37971	-0.60763	38112.9	-0.60763	38112.9
-0.600324	37734	-0.600324	38066.2	-0.600324	38066.2
-0.592995	38304	-0.592995	38016.2	-0.592995	38016.2
-0.585643	37327	-0.585643	37962.6	-0.585643	37962.6
-0.578269	37753	-0.578269	37905.2	-0.578269	37905.2
-0.570874	38252	-0.570874	37843.7	-0.570874	37843.7
-0.563457	38168	-0.563457	37777.6	-0.563457	37777.6
-0.556019	37749	-0.556019	37706.8	-0.556019	37706.8
-0.54856	37607	-0.54856	37630.7	-0.54856	37630.7
-0.541081	37399	-0.541081	37549.1	-0.541081	37549.1
-0.533581	37669	-0.533581	37461.6	-0.533581	37461.6
-0.526061	37206	-0.526061	37367.9	-0.526061	37367.9
-0.518521	37165	-0.518521	37267.6	-0.518521	37267.6
-0.510961	36864	-0.510961	37160.5	-0.510961	37160.5
-0.503383	37209	-0.503383	37046.6	-0.503383	37046.6
-0.495785	36953	-0.495785	36925.6	-0.495785	36925.6
-0.488169	37056	-0.488169	36797.9	-0.488169	36797.9
-0.480534	36370	-0.480534	36663.7	-0.480534	36663.7
-0.472881	36538	-0.472881	36523.8	-0.472881	36523.8
-0.465211	36761	-0.465211	36379.1	-0.465211	36379.1
-0.457523	36097	-0.457523	36230.8	-0.457523	36230.8
-0.449817	36126	-0.449817	36080.7	-0.449817	36080.7
-0.442095	35966	-0.442095	35930.8	-0.442095	35930.8
-0.434356	35992	-0.434356	35783.3	-0.434356	35783.3
-0.426601	35811	-0.426601	35640.8	-0.426601	35640.8
-0.41883	35801	-0.41883	35505.7	-0.41883	35505.7
-0.411043	35321	-0.411043	35380.5	-0.411043	35380.5
-0.40324	35349	-0.40324	35267.5	-0.40324	35267.5
-0.395422	35036	-0.395422	35168.3	-0.395422	35168.3
-0.38759	35028	-0.38759	35084.5	-0.38759	35084.5
-0.379743	35046	-0.379743	35016.9	-0.379743	35016.9
-0.371881	35077	-0.371881	34966.2	-0.371881	34966.2
-0.364006	34564	-0.364006	34932.5	-0.364006	34932.5
-0.356116	35084	-0.356116	34915.8	-0.356116	34915.8
-0.348214	35100	-0.348214	34915.8	-0.348214	34915.8
-0.340298	34804	-0.340298	34932	-0.340298	34932
-0.33237	34591	-0.33237	34963.3	-0.33237	34963.3
-0.324429	35246	-0.324429	35008.5	-0.324429	35008.5
-0.316475	34990	-0.316475	35065.8	-0.316475	35065.8
-0.30851	35259	-0.30851	35132.9	-0.30851	35132.9
-0.300533	35541	-0.300533	35207.3	-0.300533	35207.3
-0.292545	35435	-0.292545	35285.9	-0.292545	35285.9
-0.284546	35311	-0.284546	35365.8	-0.284546	35365.8
-0.276536	35779	-0.276536	35443.9	-0.276536	35443.9
-0.268516	35705	-0.268516	35517.4	-0.268516	35517.4
-0.260486	35757	-0.260486	35583.8	-0.260486	35583.8
-0.252446	35849	-0.252446	35640.8	-0.252446	35640.8
-0.244396	35343	-0.244396	35686.6	-0.244396	35686.6
-0.236337	36009	-0.236337	35719.7	-0.236337	35719.7
-0.228269	35520	-0.228269	35739.2	-0.228269	35739.2
-0.220193	35681	-0.220193	35744.1	-0.220193	35744.1
-0.212108	35639	-0.212108	35734.2	-0.212108	35734.2
-0.204016	35715	-0.204016	35709.1	-0.204016	35709.1
-0.195915	35721	-0.195915	35669	-0.195915	35669
-0.187808	35567	-0.187808	35614.5	-0.187808	35614.5
-0.179693	35401	-0.179693	35546.4	-0.179693	35546.4
-0.171571	35475	-0.171571	35466	-0.171571	35466
-0.163443	35297	-0.163443	35375.2	-0.163443	35375.2
-0.155309	35223	-0.155309	35276.4	-0.155309	35276.4
-0.147169	35126	-0.147169	35172.6	-0.147169	35172.6
-0.139024	34834	-0.139024	35067.6	-0.139024	35067.6
-0.130873	35034	-0.130873	34965.6	-0.130873	34965.6
-0.122717	34694	-0.122717	34871.3	-0.122717	34871.3
-0.114557	34822	-0.114557	34789.5	-0.114557	34789.5
-0.106392	34546	-0.106392	34725.1	-0.106392	34725.1
-0.098224	34540	-0.098224	34682.4	-0.098224	34682.4
-0.090052	34710	-0.090052	34664.9	-0.090052	34664.9
-0.081876	34634	-0.081876	34675.3	-0.081876	34675.3
-0.073697	34650	-0.073697	34714.8	-0.073697	34714.8
-0.065515	35065	-0.065515	34783	-0.065515	34783
-0.057331	34833	-0.057331	34878.6	-0.057331	34878.6
-0.049145	34840	-0.049145	34998.8	-0.049145	34998.8
-0.040957	35449	-0.040957	35139.7	-0.040957	35139.7
-0.032768	35291	-0.032768	35297.3	-0.032768	35297.3
-0.024577	35294	-0.024577	35466.8	-0.024577	35466.8
-0.016385	35677	-0.016385	35643.9	-0.016385	35643.9
-0.008193	35716	-0.008193	35824.5	-0.008193	35824.5
0	35585	0	36004.9	0	36004.9
0.008193	35957	0.008193	36182.4	0.008193	36182.4
0.016385	36564	0.016385	36354.5	0.016385	36354.5
0.024577	36412	0.024577	36519.7	0.024577	36519.7
0.032768	36567	0.032768	36676.8	0.032768	36676.8
0.040957	37012	0.040957	36825.1	0.040957	36825.1
0.049145	37222	0.049145	36964.5	0.049145	36964.5
0.057331	37125	0.057331	37094.8	0.057331	37094.8
0.065515	37068	0.065515	37216.3	0.065515	37216.3
0.073697	36943	0.073697	37329.2	0.073697	37329.2
0.081876	37561	0.081876	37434.1	0.081876	37434.1
0.090052	37629	0.090052	37531.3	0.090052	37531.3
0.098224	37301	0.098224	37621.4	0.098224	37621.4
0.106392	38120	0.106392	37704.9	0.106392	37704.9
0.114557	37845	0.114557	37782.3	0.114557	37782.3
0.122717	37734	0.122717	37854	0.122717	37854
0.130873	37941	0.130873	37920.5	0.130873	37920.5
0.139024	38257	0.139024	37982.2	0.139024	37982.2
0.147169	38070	0.147169	38039.5	0.147169	38039.5
0.155309	37982	0.155309	38092.8	0.155309	38092.8
0.163443	38112	0.163443	38142.3	0.163443	38142.3
0.171571	37647	0.171571	38188.5	0.171571	38188.5
0.179693	38153	0.179693	38231.6	0.179693	38231.6
0.187808	38094	0.187808	38271.8	0.187808	38271.8
0.195915	38229	0.195915	38309.4	0.195915	38309.4
0.204016	38373	0.204016	38344.6	0.204016	38344.6
0.212108	38496	0.212108	38377.5	0.212108	38377.5
0.220193	38673	0.220193	38408.4	0.220193	38408.4
0.228269	38318	0.228269	38437.4	0.228269	38437.4
0.236337	38948	0.236337	38464.6	0.236337	38464.6
0.244396	38351	0.244396	38490.3	0.244396	38490.3
0.252446	39054	0.252446	38514.4	0.252446	38514.4
0.260486	38534	0.260486	38537.2	0.260486	38537.2
0.268516	38735	0.268516	38558.7	0.268516	38558.7
0.276536	38430	0.276536	38579	0.276536	38579
0.284546	38613	0.284546	38598.2	0.284546	38598.2
0.292545	38703	0.292545	38616.3	0.292545	38616.3
0.300533	38574	0.300533	38633.5	0.300533	38633.5
0.30851	38958	0.30851	38649.9	0.30851	38649.9
0.316475	38422	0.316475	38665.3	0.316475	38665.3
0.324429	38846	0.324429	38680	0.324429	38680
0.33237	38789	0.33237	38694	0.33237	38694
0.340298	38984	0.340298	38707.3	0.340298	38707.3
0.348214	38739	0.348214	38720	0.348214	38720
0.356116	38669	0.356116	38732.1	0.356116	38732.1
0.364006	38561	0.364006	38743.6	0.364006	38743.6
0.371881	38817	0.371881	38754.5	0.371881	38754.5
0.379743	38971	0.379743	38765	0.379743	38765
0.38759	38952	0.38759	38775	0.38759	38775
0.395422	38933	0.395422	38784.6	0.395422	38784.6
0.40324	38734	0.40324	38793.8	0.40324	38793.8
0.411043	38941	0.411043	38802.6	0.411043	38802.6
0.41883	39091	0.41883	38811	0.41883	38811
0.426601	39228	0.426601	38819	0.426601	38819
0.434356	38486	0.434356	38826.8	0.434356	38826.8
0.442095	38955	0.442095	38834.2	0.442095	38834.2
0.449817	38701	0.449817	38841.3	0.449817	38841.3
0.457523	38793	0.457523	38848.1	0.457523	38848.1
0.465211	38991	0.465211	38854.7	0.465211	38854.7
0.472881	39231	0.472881	38861	0.472881	38861
0.480534	38767	0.480534	38867.1	0.480534	38867.1
0.488169	38822	0.488169	38873	0.488169	38873
0.495785	38626	0.495785	38878.6	0.495785	38878.6
0.503383	39044	0.503383	38884	0.503383	38884
0.510961	38656	0.510961	38889.3	0.510961	38889.3
0.518521	38695	0.518521	38894.3	0.518521	38894.3
0.526061	38975	0.526061	38899.2	0.526061	38899.2
0.533581	38687	0.533581	38903.9	0.533581	38903.9
0.541081	38956	0.541081	38908.5	0.541081	38908.5
0.54856	38978	0.54856	38912.8	0.54856	38912.8
0.556019	38796	0.556019	38917.1	0.556019	38917.1
0.563457	38427	0.563457	38921.2	0.563457	38921.2
0.570874	38667	0.570874	38925.1	0.570874	38925.1
0.578269	38872	0.578269	38929	0.578269	38929
0.585643	38883	0.585643	38932.7	0.585643	38932.7
0.592995	38907	0.592995	38936.3	0.592995	38936.3
0.600324	38905	0.600324	38939.8	0.600324	38939.8
0.60763	39202	0.60763	38943.1	0.60763	38943.1
0.614914	38615	0.614914	38946.4	0.614914	38946.4
0.622175	38880	0.622175	38949.6	0.622175	38949.6
0.629412	38852	0.629412	38952.6	0.629412	38952.6
0.636625	39023	0.636625	38955.6	0.636625	38955.6
0.643815	39191	0.643815	38958.5	0.643815	38958.5
0.65098	38936	0.65098	38961.3	0.65098	38961.3
0.658121	38664	0.658121	38964	0.658121	38964
0.665237	38866	0.665237	38966.7	0.665237	38966.7
0.672327	39192	0.672327	38969.2	0.672327	38969.2
0.679393	38986	0.679393	38971.7	0.679393	38971.7
0.686433	39319	0.686433	38974.1	0.686433	38974.1
0.693447	39165	0.693447	38976.5	0.693447	38976.5
0.700435	39001	0.700435	38978.8	0.700435	38978.8
0.707397	38986	0.707397	38981	0.707397	38981
0.714332	38710	0.714332	38983.2	0.714332	38983.2
0.72124	38983	0.72124	38985.3	0.72124	38985.3
0.728121	38821	0.728121	38987.3	0.728121	38987.3
0.734975	39168	0.734975	38989.3	0.734975	38989.3
0.741801	39136	0.741801	38991.3	0.741801	38991.3
0.748599	38760	0.748599	38993.2	0.748599	38993.2
0.755369	38737	0.755369	38995	0.755369	38995
0.76211	38885	0.76211	38996.8	0.76211	38996.8
0.768823	39132	0.768823	38998.5	0.768823	38998.5
0.775506	38985	0.775506	39000.2	0.775506	39000.2
0.782161	39142	0.782161	39001.9	0.782161	39001.9
0.788786	39190	0.788786	39003.5	0.788786	39003.5
0.795381	38731	0.795381	39005.1	0.795381	39005.1
0.801947	39103	0.801947	39006.7	0.801947	39006.7
0.808482	38990	0.808482	39008.2	0.808482	39008.2
0.814987	39058	0.814987	39009.6	0.814987	39009.6
0.821461	38880	0.821461	39011.1	0.821461	39011.1
0.827904	38872	0.827904	39012.5	0.827904	39012.5
0.834316	38682	0.834316	39013.8	0.834316	39013.8
0.840697	38751	0.840697	39015.1	0.840697	39015.1
0.847046	38905	0.847046	39016.4	0.847046	39016.4
0.853363	39010	0.853363	39017.7	0.853363	39017.7
0.859648	39180	0.859648	39019	0.859648	39019
0.8659	39076	0.8659	39020.2	0.8659	39020.2
0.87212	38902	0.87212	39021.4	0.87212	39021.4
0.878307	39109	0.878307	39022.5	0.878307	39022.5
0.884462	39092	0.884462	39023.6	0.884462	39023.6
0.890582	38578	0.890582	39024.7	0.890582	39024.7
0.89667	38919	0.89667	39025.8	0.89667	39025.8
0.902723	38702	0.902723	39026.9	0.902723	39026.9
0.908743	38963	0.908743	39027.9	0.908743	39027.9
0.914728	38694	0.914728	39028.9	0.914728	39028.9
0.920679	39262	0.920679	39029.9	0.920679	39029.9
0.926595	39224	0.926595	39030.9	0.926595	39030.9
0.932476	38915	0.932476	39031.8	0.932476	39031.8
0.938322	39215	0.938322	39032.7	0.938322	39032.7
0.944133	38952	0.944133	39033.7	0.944133	39033.7
0.949909	39235	0.949909	39034.5	0.949909	39034.5
0.955648	39388	0.955648	39035.4	0.955648	39035.4
0.961352	38715	0.961352	39036.3	0.961352	39036.3
0.967019	38894	0.967019	39037.1	0.967019	39037.1
0.97265	39194	0.97265	39037.9	0.97265	39037.9
0.978244	39274	0.978244	39038.7	0.978244	39038.7
0.983802	38949	0.983802	39039.5	0.983802	39039.5
0.989322	38973	0.989322	39040.2	0.989322	39040.2
0.994806	39442	0.994806	39041	0.994806	39041
1.00025	39106	1.00025	39041.7	1.00025	39041.7
1.00566	38819	1.00566	39042.4	1.00566	39042.4
1.01103	39236	1.01103	39043.1	1.01103	39043.1
1.01636	38789	1.01636	39043.8	1.01636	39043.8
1.02166	39342	1.02166	39044.5	1.02166	39044.5
1.02691	39115	1.02691	39045.1	1.02691	39045.1
1.03213	39056	1.03213	39045.8	1.03213	39045.8
1.03731	39027	1.03731	39046.4	1.03731	39046.4
1.04245	39159	1.04245	39047.1	1.04245	39047.1
1.04754	38957	1.04754	39047.7	1.04754	39047.7
1.05261	39052	1.05261	39048.3	1.05261	39048.3
1.05763	38966	1.05763	39048.8	1.05763	39048.8
1.06261	39120	1.06261	39049.4	1.06261	39049.4
1.06755	39113	1.06755	39050	1.06755	39050
1.07245	38618	1.07245	39050.5	1.07245	39050.5
1.07731	39043	1.07731	39051.1	1.07731	39051.1
1.08213	39431	1.08213	39051.6	1.08213	39051.6
1.08691	39076	1.08691	39052.1	1.08691	39052.1
1.09164	38968	1.09164	39052.6	1.09164	39052.6
1.09634	39042	1.09634	39053.1	1.09634	39053.1
1.101	38654	1.101	39053.6	1.101	39053.6
1.10561	38980	1.10561	39054.1	1.10561	39054.1
1.11018	39141	1.11018	39054.6	1.11018	39054.6
1.11471	38877	1.11471	39055	1.11471	39055
1.1192	38891	1.1192	39055.5	1.1192	39055.5
1.12365	39002	1.12365	39055.9	1.12365	39055.9
1.12805	38961	1.12805	39056.3	1.12805	39056.3
1.13241	39344	1.13241	39056.8	1.13241	39056.8
1.13674	39140	1.13674	39057.2	1.13674	39057.2
1.14101	39151	1.14101	39057.6	1.14101	39057.6
1.14524	39302	1.14524	39058	1.14524	39058
1.14943	39225	1.14943	39058.4	1.14943	39058.4
1.15358	38756	1.15358	39058.8	1.15358	39058.8
1.15769	39005	1.15769	39059.1	1.15769	39059.1
1.16175	38881	1.16175	39059.5	1.16175	39059.5
1.16576	39140	1.16576	39059.9	1.16576	39059.9
1.16973	38550	1.16973	39060.2	1.16973	39060.2
1.17366	38836	1.17366	39060.6	1.17366	39060.6
1.17755	39444	1.17755	39060.9	1.17755	39060.9
1.18139	38934	1.18139	39061.3	1.18139	39061.3
1.18518	38998	1.18518	39061.6	1.18518	39061.6
1.18893	39270	1.18893	39061.9	1.18893	39061.9
1.19264	38810	1.19264	39062.2	1.19264	39062.2
1.1963	39093	1.1963	39062.5	1.1963	39062.5
1.19992	38983	1.19992	39062.8	1.19992	39062.8
1.20349	39116	1.20349	39063.1	1.20349	39063.1
1.20701	39330	1.20701	39063.4	1.20701	39063.4
1.21049	38901	1.21049	39063.7	1.21049	39063.7
1.21393	38874	1.21393	39064	1.21393	39064
1.21731	38958	1.21731	39064.3	1.21731	39064.3
1.22066	38852	1.22066	39064.5	1.22066	39064.5
1.22395	39013	1.22395	39064.8	1.22395	39064.8
1.22721	39314	1.22721	39065.1	1.22721	39065.1
1.23041	38825	1.23041	39065.3	1.23041	39065.3
1.23357	39032	1.23357	39065.5	1.23357	39065.5
1.23668	38923	1.23668	39065.8	1.23668	39065.8
1.23975	39383	1.23975	39066	1.23975	39066
1.24277	38899	1.24277	39066.3	1.24277	39066.3
1.24574	39133	1.24574	39066.5	1.24574	39066.5
1.24866	39410	1.24866	39066.7	1.24866	39066.7
1.25154	39211	1.25154	39066.9	1.25154	39066.9
1.25437	39054	1.25437	39067.1	1.25437	39067.1
1.25716	38876	1.25716	39067.3	1.25716	39067.3
1.25989	38913	1.25989	39067.5	1.25989	39067.5
1.26258	38983	1.26258	39067.7	1.26258	39067.7
1.26522	38948	1.26522	39067.9	1.26522	39067.9
1.26782	39347	1.26782	39068.1	1.26782	39068.1
1.27036	39255	1.27036	39068.3	1.27036	39068.3
1.27286	39178	1.27286	39068.5	1.27286	39068.5
1.27531	38839	1.27531	39068.7	1.27531	39068.7
1.27771	39228	1.27771	39068.8	1.27771	39068.8
1.28007	39175	1.28007	39069	1.28007	39069
1.28237	39406	1.28237	39069.2	1.28237	39069.2
1.28463	38604	1.28463	39069.3	1.28463	39069.3
1.28684	38872	1.28684	39069.5	1.28684	39069.5
1.289	39193	1.289	39069.6	1.289	39069.6
1.29111	39095	1.29111	39069.8	1.29111	39069.8
1.29318	38959	1.29318	39069.9	1.29318	39069.9
1.29519	39172	1.29519	39070	1.29519	39070
1.29716	38802	1.29716	39070.2	1.29716	39070.2
1.29907	39454	1.29907	39070.3	1.29907	39070.3
1.30094	39231	1.30094	39070.4	1.30094	39070.4
1.30276	39062	1.30276	39070.6	1.30276	39070.6
1.30453	38982	1.30453	39070.7	1.30453	39070.7
1.30625	39359	1.30625	39070.8	1.30625	39070.8
1.30793	38952	1.30793	39070.9	1.30793	39070.9
1.30955	39090	1.30955	39071	1.30955	39071
1.31112	39022	1.31112	39071.1	1.31112	39071.1
1.31265	39123	1.31265	39071.2	1.31265	39071.2
1.31412	39086	1.31412	39071.3	1.31412	39071.3
1.31555	38991	1.31555	39071.4	1.31555	39071.4
1.31692	39610	1.31692	39071.5	1.31692	39071.5
1.31825	38921	1.31825	39071.6	1.31825	39071.6
1.31953	39092	1.31953	39071.7	1.31953	39071.7
1.32075	38823	1.32075	39071.7	1.32075	39071.7
1.32193	39253	1.32193	39071.8	1.32193	39071.8
1.32306	39545	1.32306	39071.9	1.32306	39071.9
1.32414	39228	1.32414	39072	1.32414	39072
1.32516	39015	1.32516	39072	1.32516	39072
1.32614	39180	1.32614	39072.1	1.32614	39072.1
1.32707	39201	1.32707	39072.1	1.32707	39072.1
1.32795	39041	1.32795	39072.2	1.32795	39072.2
1.32878	39339	1.32878	39072.3	1.32878	39072.3
1.32956	39124	1.32956	39072.3	1.32956	39072.3
1.33028	38960	1.33028	39072.4	1.33028	39072.4
1.33096	38674	1.33096	39072.4	1.33096	39072.4
1.33159	39148	1.33159	39072.4	1.33159	39072.4
1.33217	39312	1.33217	39072.5	1.33217	39072.5
1.33269	38983	1.33269	39072.5	1.33269	39072.5
1.33317	38658	1.33317	39072.5	1.33317	39072.5
1.3336	39061	1.3336	39072.6	1.3336	39072.6
1.33397	39480	1.33397	39072.6	1.33397	39072.6
1.3343	39117	1.3343	39072.6	1.3343	39072.6
1.33458	39188	1.33458	39072.6	1.33458	39072.6
1.3348	39486	1.3348	39072.6	1.3348	39072.6
1.33498	39219	1.33498	39072.7	1.33498	39072.7
1.3351	39146	1.3351	39072.7	1.3351	39072.7
1.33518	39487	1.33518	39072.7	1.33518	39072.7
1.33521	39280	1.33521	39072.7	1.33521	39072.7
