Original file:
C:\Users\Kryolabor\Desktop\131124Joekob\stahl.txt
Date / time: 13.11.2024, 10:58:30
Sample: Edelstahlfolie
Comments: Stainlesssteel 20.2 mV
Channel #	Counts	Counts (folded)
      0	   2128	   4312
      1	   2097	   4178
      2	   2144	   4348
      3	   2102	   4161
      4	   2116	   4280
      5	   2161	   4304
      6	   2122	   4335
      7	   2089	   4234
      8	   2152	   4231
      9	   2045	   4190
     10	   2130	   4273
     11	   2117	   4351
     12	   2122	   4310
     13	   2072	   4147
     14	   2142	   4297
     15	   2109	   4176
     16	   2152	   4255
     17	   2086	   4230
     18	   2055	   4189
     19	   2101	   4239
     20	   2168	   4291
     21	   2107	   4209
     22	   2213	   4360
     23	   2151	   4279
     24	   2155	   4337
     25	   2022	   4097
     26	   2081	   4255
     27	   2160	   4312
     28	   2210	   4341
     29	   2059	   4257
     30	   2136	   4168
     31	   2162	   4241
     32	   2096	   4149
     33	   2120	   4353
     34	   2144	   4391
     35	   2085	   4154
     36	   2162	   4263
     37	   2162	   4207
     38	   2136	   4285
     39	   2137	   4233
     40	   2083	   4252
     41	   2121	   4270
     42	   2086	   4230
     43	   2092	   4168
     44	   2082	   4216
     45	   2102	   4228
     46	   2122	   4290
     47	   2196	   4432
     48	   2121	   4193
     49	   2137	   4266
     50	   2181	   4340
     51	   2176	   4290
     52	   2095	   4222
     53	   2110	   4268
     54	   2160	   4290
     55	   2112	   4249
     56	   2118	   4366
     57	   2033	   4148
     58	   2055	   4189
     59	   2078	   4154
     60	   2104	   4300
     61	   2079	   4248
     62	   2203	   4314
     63	   2098	   4227
     64	   2135	   4360
     65	   2091	   4267
     66	   2186	   4300
     67	   2178	   4266
     68	   2120	   4281
     69	   2051	   4167
     70	   2136	   4240
     71	   2084	   4230
     72	   2053	   4249
     73	   2132	   4297
     74	   2129	   4210
     75	   2126	   4286
     76	   2115	   4228
     77	   2104	   4249
     78	   2159	   4284
     79	   2184	   4367
     80	   2071	   4264
     81	   2133	   4176
     82	   2059	   4119
     83	   2199	   4273
     84	   2143	   4283
     85	   2210	   4360
     86	   2036	   4203
     87	   2120	   4187
     88	   2054	   4121
     89	   2074	   4207
     90	   2072	   4173
     91	   2117	   4278
     92	   2172	   4286
     93	   2146	   4244
     94	   2180	   4290
     95	   2124	   4287
     96	   2093	   4206
     97	   2205	   4355
     98	   2112	   4265
     99	   2123	   4246
    100	   2185	   4383
    101	   2126	   4212
    102	   2064	   4255
    103	   2169	   4271
    104	   2163	   4299
    105	   2099	   4314
    106	   2069	   4172
    107	   2243	   4386
    108	   2162	   4307
    109	   2171	   4229
    110	   2139	   4295
    111	   2123	   4261
    112	   2089	   4208
    113	   2174	   4277
    114	   2100	   4206
    115	   2191	   4304
    116	   2045	   4139
    117	   2042	   4193
    118	   2148	   4272
    119	   2190	   4372
    120	   2160	   4342
    121	   2071	   4189
    122	   2093	   4089
    123	   2201	   4286
    124	   2123	   4273
    125	   2079	   4286
    126	   2197	   4328
    127	   2101	   4198
    128	   2133	   4227
    129	   2042	   4189
    130	   2083	   4254
    131	   2178	   4286
    132	   2094	   4223
    133	   2151	   4240
    134	   2081	   4191
    135	   2126	   4245
    136	   2144	   4248
    137	   2110	   4299
    138	   2101	   4183
    139	   2104	   4198
    140	   2090	   4177
    141	   2055	   4193
    142	   2151	   4331
    143	   2165	   4226
    144	   2145	   4290
    145	   2086	   4156
    146	   2145	   4220
    147	   2096	   4207
    148	   2166	   4320
    149	   2137	   4249
    150	   2146	   4295
    151	   2132	   4279
    152	   2137	   4266
    153	   2055	   4123
    154	   2148	   4304
    155	   2133	   4284
    156	   2089	   4215
    157	   2154	   4225
    158	   2135	   4281
    159	   2053	   4187
    160	   2165	   4291
    161	   2062	   4235
    162	   2123	   4225
    163	   2064	   4156
    164	   2128	   4287
    165	   2131	   4271
    166	   2050	   4086
    167	   2115	   4296
    168	   2163	   4305
    169	   2151	   4294
    170	   2129	   4205
    171	   2110	   4202
    172	   2193	   4319
    173	   2136	   4248
    174	   2200	   4309
    175	   2040	   4144
    176	   2143	   4236
    177	   2204	   4322
    178	   2195	   4238
    179	   2107	   4177
    180	   2067	   4191
    181	   2101	   4268
    182	   2010	   4163
    183	   2219	   4439
    184	   2085	   4162
    185	   2085	   4202
    186	   2154	   4275
    187	   2109	   4270
    188	   2064	   4160
    189	   2110	   4252
    190	   2147	   4296
    191	   2129	   4224
    192	   2097	   4264
    193	   2081	   4158
    194	   2180	   4388
    195	   2051	   4217
    196	   2145	   4341
    197	   2231	   4383
    198	   2267	   4413
    199	   2134	   4245
    200	   2136	   4246
    201	   2146	   4241
    202	   2057	   4142
    203	   2134	   4201
    204	   2029	   4232
    205	   2061	   4247
    206	   2165	   4234
    207	   2154	   4271
    208	   2152	   4233
    209	   2058	   4282
    210	   2078	   4173
    211	   2144	   4333
    212	   2131	   4285
    213	   2097	   4274
    214	   2106	   4168
    215	   2141	   4265
    216	   2047	   4210
    217	   2146	   4203
    218	   2106	   4290
    219	   2103	   4135
    220	   2148	   4228
    221	   2145	   4229
    222	   2008	   4098
    223	   2232	   4315
    224	   1993	   4070
    225	   2121	   4239
    226	   2060	   4069
    227	   2137	   4205
    228	   2153	   4257
    229	   2106	   4119
    230	   2122	   4238
    231	   2043	   4074
    232	   2059	   4148
    233	   2075	   4164
    234	   2075	   4084
    235	   2080	   4104
    236	   2077	   4048
    237	   1996	   3926
    238	   2091	   4116
    239	   1995	   3956
    240	   2042	   3994
    241	   2026	   3974
    242	   2083	   4004
    243	   2008	   3910
    244	   2077	   3937
    245	   1983	   3875
    246	   2037	   3880
    247	   1945	   3724
    248	   2012	   3754
    249	   1936	   3624
    250	   1915	   3492
    251	   1878	   3520
    252	   1855	   3487
    253	   1832	   3377
    254	   1879	   3337
    255	   1776	   3185
    256	   1675	   3053
    257	   1656	   3037
    258	   1546	   2928
    259	   1506	   2832
    260	   1536	   2970
    261	   1476	   2882
    262	   1461	   2864
    263	   1410	   2819
    264	   1381	   2779
    265	   1399	   2897
    266	   1433	   2940
    267	   1317	   2862
    268	   1369	   3005
    269	   1437	   3177
    270	   1330	   3080
    271	   1457	   3234
    272	   1496	   3290
    273	   1432	   3270
    274	   1516	   3373
    275	   1638	   3529
    276	   1663	   3611
    277	   1663	   3650
    278	   1748	   3691
    279	   1895	   3844
    280	   1888	   3932
    281	   1894	   3891
    282	   1962	   3988
    283	   1892	   3874
    284	   1967	   4054
    285	   1873	   3941
    286	   1930	   3992
    287	   2021	   4038
    288	   1926	   3948
    289	   2049	   4126
    290	   2042	   4208
    291	   1951	   4071
    292	   2001	   4111
    293	   2017	   4038
    294	   2024	   4081
    295	   2110	   4145
    296	   2068	   4147
    297	   2119	   4192
    298	   2097	   4116
    299	   2027	   4056
    300	   2098	   4273
    301	   2083	   4161
    302	   2078	   4197
    303	   2068	   4222
    304	   2141	   4202
    305	   2144	   4213
    306	   2154	   4220
    307	   2049	   4221
    308	   2086	   4236
    309	   2149	   4318
    310	   2128	   4243
    311	   2013	   4149
    312	   2050	   4279
    313	   2142	   4271
    314	   2066	   4206
    315	   2098	   4219
    316	   2121	   4206
    317	   2164	   4361
    318	   2215	   4274
    319	   2165	   4350
    320	   2096	   4285
    321	   2244	   4388
    322	   2098	   4207
    323	   2129	   4334
    324	   2119	   4209
    325	   2173	   4284
    326	   2183	   4316
    327	   2122	   4273
    328	   2047	   4132
    329	   2125	   4175
    330	   2176	   4393
    331	   2096	   4297
    332	   2049	   4178
    333	   2156	   4252
    334	   2115	   4246
    335	   2093	   4247
    336	   2173	   4286
    337	   2142	   4332
    338	   2152	   4240
    339	   2218	   4427
    340	   2110	   4239
    341	   2087	   4251
    342	   2047	   4185
    343	   2210	   4405
    344	   2159	   4229
    345	   2127	   4316
    346	   2091	   4256
    347	   2083	   4256
    348	   2224	   4330
    349	   2017	   4134
    350	   2090	   4227
    351	   2168	   4260
    352	   2119	   4203
    353	   2135	   4225
    354	   2116	   4207
    355	   2224	   4329
    356	   2070	   4082
    357	   2161	   4347
    358	   2096	   4239
    359	   2163	   4241
    360	   2141	   4331
    361	   2089	   4167
    362	   2130	   4192
    363	   2163	   4340
    364	   2145	   4273
    365	   2085	   4228
    366	   2158	   4246
    367	   2160	   4281
    368	   2075	   4234
    369	   2063	   4169
    370	   2170	   4247
    371	   2113	   4235
    372	   2132	   4217
    373	   2074	   4170
    374	   2141	   4233
    375	   2141	   4261
    376	   2047	   4162
    377	   2063	   4169
    378	   2143	   4233
    379	   2113	   4238
    380	   2085	   4196
    381	   2170	   4231
    382	   2122	   4259
    383	   2119	   4206
    384	   2137	   4292
    385	   2103	   4269
    386	   2108	   4241
    387	   2061	   4146
    388	   2067	   4161
    389	   2135	   4273
    390	   2054	   4154
    391	   2021	   4084
    392	   2174	   4342
    393	   2111	   4330
    394	   2247	   4404
    395	   2078	   4260
    396	   2064	   4172
    397	   2154	   4283
    398	   2144	   4226
    399	   2147	   4319
    400	   2156	   4278
    401	   2129	   4258
    402	   2158	   4290
    403	   2099	   4210
    404	   2180	   4283
    405	   2140	   4325
    406	   2129	   4285
    407	   2076	   4131
    408	   2186	   4330
    409	   2197	   4268
    410	   2136	   4152
    411	   2164	   4331
    412	   2140	   4382
    413	   2106	   4250
    414	   2157	   4374
    415	   2147	   4290
    416	   2159	   4259
    417	   2196	   4306
    418	   2202	   4253
    419	   2124	   4257
    420	   2096	   4231
    421	   2126	   4217
    422	   2221	   4298
    423	   2104	   4139
    424	   2118	   4258
    425	   2083	   4189
    426	   2198	   4326
    427	   2079	   4198
    428	   2145	   4271
    429	   2157	   4307
    430	   2084	   4273
    431	   2117	   4235
    432	   2086	   4256
    433	   2068	   4199
    434	   2216	   4260
    435	   2128	   4304
    436	   2102	   4194
    437	   2151	   4297
    438	   2104	   4234
    439	   2169	   4334
    440	   2007	   4175
    441	   2082	   4207
    442	   2162	   4368
    443	   2181	   4340
    444	   2128	   4204
    445	   2135	   4165
    446	   2142	   4264
    447	   2150	   4315
    448	   2114	   4175
    449	   2157	   4257
    450	   2122	   4221
    451	   2130	   4305
    452	   2101	   4252
    453	   1998	   4082
    454	   2130	   4173
    455	   2115	   4262
    456	   2083	   4268
    457	   2194	   4278
    458	   2164	   4349
    459	   2105	   4153
    460	   2149	   4290
    461	   2146	   4279
    462	   2149	   4271
    463	   2164	   4289
    464	   2267	   4409
    465	   2147	   4269
    466	   2181	   4388
    467	   2151	   4246
    468	   2088	   4235
    469	   2129	   4212
    470	   2221	   4285
    471	   2107	   4184
    472	   2185	   4312
    473	   2171	   4318
    474	   2100	   4204
    475	   2159	   4265
    476	   2034	   4142
    477	   2185	   4264
    478	   2135	   4296
    479	   2039	   4141
    480	   2147	   4251
    481	   2255	   4422
    482	   2141	   4313
    483	   2119	   4232
    484	   2120	   4229
    485	   2123	   4193
    486	   2049	   4213
    487	   2106	   4178
    488	   2185	   4316
    489	   2113	   4226
    490	   2150	   4373
    491	   2030	   4206
    492	   2088	   4204
    493	   2108	   4232
    494	   2147	   4250
    495	   2203	   4297
    496	   2123	   4281
    497	   2053	   4213
    498	   2197	   4431
    499	   2134	   4263
    500	   2088	   4219
    501	   2099	   4240
    502	   2149	   4371
    503	   2089	   4201
    504	   2113	   4230
    505	   2087	   4144
    506	   2151	   4367
    507	   2201	   4340
    508	   2267	   4372
    509	   2105	      0
    510	   2139	      0
    511	   2216	      0
    512	   2057	      0
    513	   2117	      0
    514	   2112	      0
    515	   2222	      0
    516	   2141	      0
    517	   2131	      0
    518	   2129	      0
    519	   2234	      0
    520	   2160	      0
    521	   2158	      0
    522	   2094	      0
    523	   2103	      0
    524	   2124	      0
    525	   2116	      0
    526	   2176	      0
    527	   2223	      0
    528	   2113	      0
    529	   2131	      0
    530	   2072	      0
    531	   2164	      0
    532	   2070	      0
    533	   2109	      0
    534	   2113	      0
    535	   2172	      0
    536	   2167	      0
    537	   2104	      0
    538	   2102	      0
    539	   2161	      0
    540	   2079	      0
    541	   2108	      0
    542	   2106	      0
    543	   2104	      0
    544	   2147	      0
    545	   2127	      0
    546	   2077	      0
    547	   2064	      0
    548	   2083	      0
    549	   2147	      0
    550	   2095	      0
    551	   2207	      0
    552	   2122	      0
    553	   2142	      0
    554	   2125	      0
    555	   2122	      0
    556	   2133	      0
    557	   2141	      0
    558	   2048	      0
    559	   2185	      0
    560	   2084	      0
    561	   2185	      0
    562	   2147	      0
    563	   2043	      0
    564	   2084	      0
    565	   2151	      0
    566	   2175	      0
    567	   2099	      0
    568	   2100	      0
    569	   2061	      0
    570	   2165	      0
    571	   2122	      0
    572	   2030	      0
    573	   2076	      0
    574	   2159	      0
    575	   2206	      0
    576	   2125	      0
    577	   2168	      0
    578	   2165	      0
    579	   2130	      0
    580	   2146	      0
    581	   2092	      0
    582	   2176	      0
    583	   2044	      0
    584	   2131	      0
    585	   2170	      0
    586	   2118	      0
    587	   2189	      0
    588	   2150	      0
    589	   2126	      0
    590	   2119	      0
    591	   2128	      0
    592	   2106	      0
    593	   2140	      0
    594	   2035	      0
    595	   2077	      0
    596	   2091	      0
    597	   2135	      0
    598	   2133	      0
    599	   2051	      0
    600	   2110	      0
    601	   2100	      0
    602	   2143	      0
    603	   2217	      0
    604	   2144	      0
    605	   2242	      0
    606	   2167	      0
    607	   2016	      0
    608	   2071	      0
    609	   2144	      0
    610	   2055	      0
    611	   2156	      0
    612	   2185	      0
    613	   2103	      0
    614	   2111	      0
    615	   2132	      0
    616	   2129	      0
    617	   2122	      0
    618	   2172	      0
    619	   2082	      0
    620	   2129	      0
    621	   2108	      0
    622	   2182	      0
    623	   2157	      0
    624	   2219	      0
    625	   2168	      0
    626	   2063	      0
    627	   2100	      0
    628	   2138	      0
    629	   2094	      0
    630	   2085	      0
    631	   2133	      0
    632	   2166	      0
    633	   2155	      0
    634	   2087	      0
    635	   2137	      0
    636	   2061	      0
    637	   2111	      0
    638	   2125	      0
    639	   2090	      0
    640	   2106	      0
    641	   2115	      0
    642	   2120	      0
    643	   2092	      0
    644	   2096	      0
    645	   2085	      0
    646	   2122	      0
    647	   2077	      0
    648	   2106	      0
    649	   2159	      0
    650	   2121	      0
    651	   2088	      0
    652	   2143	      0
    653	   2128	      0
    654	   2177	      0
    655	   2062	      0
    656	   2078	      0
    657	   2190	      0
    658	   2078	      0
    659	   2143	      0
    660	   2186	      0
    661	   2012	      0
    662	   2105	      0
    663	   2091	      0
    664	   2090	      0
    665	   2084	      0
    666	   2092	      0
    667	   2137	      0
    668	   2117	      0
    669	   2106	      0
    670	   2173	      0
    671	   2165	      0
    672	   2189	      0
    673	   2070	      0
    674	   2195	      0
    675	   2138	      0
    676	   2164	      0
    677	   2129	      0
    678	   2209	      0
    679	   2088	      0
    680	   2190	      0
    681	   2113	      0
    682	   2154	      0
    683	   2131	      0
    684	   2096	      0
    685	   2129	      0
    686	   2201	      0
    687	   2217	      0
    688	   2050	      0
    689	   2085	      0
    690	   2151	      0
    691	   2133	      0
    692	   2111	      0
    693	   2090	      0
    694	   2205	      0
    695	   2109	      0
    696	   2144	      0
    697	   2189	      0
    698	   2185	      0
    699	   2059	      0
    700	   2197	      0
    701	   2085	      0
    702	   2121	      0
    703	   2140	      0
    704	   2129	      0
    705	   2229	      0
    706	   2136	      0
    707	   2115	      0
    708	   2169	      0
    709	   2150	      0
    710	   2172	      0
    711	   2066	      0
    712	   2069	      0
    713	   2061	      0
    714	   2154	      0
    715	   2119	      0
    716	   2078	      0
    717	   2175	      0
    718	   2029	      0
    719	   2019	      0
    720	   2073	      0
    721	   2079	      0
    722	   2035	      0
    723	   2057	      0
    724	   2021	      0
    725	   2110	      0
    726	   2120	      0
    727	   2166	      0
    728	   2077	      0
    729	   2022	      0
    730	   2017	      0
    731	   2062	      0
    732	   2068	      0
    733	   2087	      0
    734	   1982	      0
    735	   2026	      0
    736	   1997	      0
    737	   2044	      0
    738	   1949	      0
    739	   1943	      0
    740	   1987	      0
    741	   1948	      0
    742	   1891	      0
    743	   1857	      0
    744	   1838	      0
    745	   1794	      0
    746	   1777	      0
    747	   1750	      0
    748	   1740	      0
    749	   1636	      0
    750	   1545	      0
    751	   1507	      0
    752	   1498	      0
    753	   1398	      0
    754	   1409	      0
    755	   1403	      0
    756	   1406	      0
    757	   1434	      0
    758	   1326	      0
    759	   1382	      0
    760	   1381	      0
    761	   1378	      0
    762	   1409	      0
    763	   1458	      0
    764	   1545	      0
    765	   1632	      0
    766	   1642	      0
    767	   1577	      0
    768	   1688	      0
    769	   1742	      0
    770	   1779	      0
    771	   1843	      0
    772	   1892	      0
    773	   1860	      0
    774	   1902	      0
    775	   1921	      0
    776	   1948	      0
    777	   1952	      0
    778	   1961	      0
    779	   2025	      0
    780	   1930	      0
    781	   1971	      0
    782	   2024	      0
    783	   2009	      0
    784	   2089	      0
    785	   2089	      0
    786	   2031	      0
    787	   2116	      0
    788	   2013	      0
    789	   2104	      0
    790	   2068	      0
    791	   2009	      0
    792	   2118	      0
    793	   2077	      0
    794	   2083	      0
    795	   2090	      0
    796	   2084	      0
    797	   2080	      0
    798	   2032	      0
    799	   2184	      0
    800	   2057	      0
    801	   2163	      0
    802	   2124	      0
    803	   2062	      0
    804	   2177	      0
    805	   2154	      0
    806	   2189	      0
    807	   2095	      0
    808	   2224	      0
    809	   2081	      0
    810	   2117	      0
    811	   2069	      0
    812	   2186	      0
    813	   2203	      0
    814	   2067	      0
    815	   2085	      0
    816	   2095	      0
    817	   2110	      0
    818	   2111	      0
    819	   2146	      0
    820	   2152	      0
    821	   2196	      0
    822	   2166	      0
    823	   2208	      0
    824	   2077	      0
    825	   2167	      0
    826	   2095	      0
    827	   2149	      0
    828	   2142	      0
    829	   2096	      0
    830	   2161	      0
    831	   2121	      0
    832	   2117	      0
    833	   2077	      0
    834	   2220	      0
    835	   2153	      0
    836	   2167	      0
    837	   2124	      0
    838	   2070	      0
    839	   2043	      0
    840	   2118	      0
    841	   2093	      0
    842	   2104	      0
    843	   2109	      0
    844	   2112	      0
    845	   2126	      0
    846	   2092	      0
    847	   2076	      0
    848	   2143	      0
    849	   2142	      0
    850	   2181	      0
    851	   2036	      0
    852	   2140	      0
    853	   2159	      0
    854	   2092	      0
    855	   2102	      0
    856	   2173	      0
    857	   2126	      0
    858	   2134	      0
    859	   2146	      0
    860	   2071	      0
    861	   2126	      0
    862	   2151	      0
    863	   2156	      0
    864	   2068	      0
    865	   2129	      0
    866	   2147	      0
    867	   2149	      0
    868	   2112	      0
    869	   2154	      0
    870	   2111	      0
    871	   2075	      0
    872	   2070	      0
    873	   2145	      0
    874	   2061	      0
    875	   2180	      0
    876	   2138	      0
    877	   2087	      0
    878	   2094	      0
    879	   2082	      0
    880	   2189	      0
    881	   2104	      0
    882	   2119	      0
    883	   2110	      0
    884	   2089	      0
    885	   2129	      0
    886	   2108	      0
    887	   2171	      0
    888	   2147	      0
    889	   2094	      0
    890	   2097	      0
    891	   2131	      0
    892	   2207	      0
    893	   2150	      0
    894	   2085	      0
    895	   1996	      0
    896	   2118	      0
    897	   2182	      0
    898	   2182	      0
    899	   2124	      0
    900	   2151	      0
    901	   2094	      0
    902	   2113	      0
    903	   2106	      0
    904	   2103	      0
    905	   2119	      0
    906	   2138	      0
    907	   2156	      0
    908	   2058	      0
    909	   2145	      0
    910	   2143	      0
    911	   2103	      0
    912	   2215	      0
    913	   2136	      0
    914	   2102	      0
    915	   2191	      0
    916	   2086	      0
    917	   2198	      0
    918	   2123	      0
    919	   2153	      0
    920	   2150	      0
    921	   2113	      0
    922	   2163	      0
    923	   2110	      0
    924	   2098	      0
    925	   2114	      0
    926	   2161	      0
    927	   2101	      0
    928	   2133	      0
    929	   2067	      0
    930	   2067	      0
    931	   2167	      0
    932	   2150	      0
    933	   2140	      0
    934	   2074	      0
    935	   2060	      0
    936	   2043	      0
    937	   2193	      0
    938	   2183	      0
    939	   2125	      0
    940	   2145	      0
    941	   2113	      0
    942	   2160	      0
    943	   2081	      0
    944	   2165	      0
    945	   2196	      0
    946	   2146	      0
    947	   2104	      0
    948	   2116	      0
    949	   2161	      0
    950	   2088	      0
    951	   2114	      0
    952	   2176	      0
    953	   2225	      0
    954	   2129	      0
    955	   2111	      0
    956	   2169	      0
    957	   2196	      0
    958	   2076	      0
    959	   2134	      0
    960	   2115	      0
    961	   2248	      0
    962	   2137	      0
    963	   2130	      0
    964	   2158	      0
    965	   2127	      0
    966	   2114	      0
    967	   2159	      0
    968	   2129	      0
    969	   2072	      0
    970	   2236	      0
    971	   2168	      0
    972	   2126	      0
    973	   2134	      0
    974	   2076	      0
    975	   2144	      0
    976	   2149	      0
    977	   2169	      0
    978	   2096	      0
    979	   2149	      0
    980	   2045	      0
    981	   2101	      0
    982	   2069	      0
    983	   2247	      0
    984	   2233	      0
    985	   2053	      0
    986	   2079	      0
    987	   2032	      0
    988	   2198	      0
    989	   2131	      0
    990	   2152	      0
    991	   2174	      0
    992	   2075	      0
    993	   2182	      0
    994	   2128	      0
    995	   2147	      0
    996	   2102	      0
    997	   2123	      0
    998	   2138	      0
    999	   2134	      0
   1000	   2144	      0
   1001	   2103	      0
   1002	   2067	      0
   1003	   2155	      0
   1004	   2075	      0
   1005	   2188	      0
   1006	   2234	      0
   1007	   2143	      0
   1008	   2145	      0
   1009	   2079	      0
   1010	   2145	      0
   1011	   2213	      0
   1012	   2143	      0
   1013	   2164	      0
   1014	   2059	      0
   1015	   2204	      0
   1016	   2081	      0
   1017	   2184	      0
   1018	   2123	      0
   1019	   2118	      0
   1020	   2039	      0
   1021	   2131	      0
   1022	   2105	      0
   1023	   2176	      0
