Position [V]	Intensität [Skt]
0,00000	4,67006
0,00880000	4,67983
0,0176000	4,68960
0,0264000	4,67006
0,0352000	4,66029
0,0440000	4,68960
0,0528000	4,66029
0,0616000	4,62121
0,0704000	4,60167
0,0792000	4,58213
0,0880000	4,56259
0,0968000	4,56259
0,105600	4,54305
0,114400	4,55282
0,123200	4,56259
0,132000	4,57236
0,140800	4,59190
0,149600	4,60167
0,158400	4,59190
0,167200	4,61144
0,176000	4,64075
0,184800	4,63098
0,193600	4,65052
0,202400	4,67983
0,211200	4,68960
0,220000	4,69937
0,228800	4,70914
0,237600	4,71891
0,246400	4,74822
0,255200	4,77753
0,264000	4,79707
0,272800	4,81661
0,281600	4,81661
0,290400	4,84592
0,299200	4,86546
0,308000	4,87523
0,316800	4,88500
0,325600	4,88500
0,334400	4,89477
0,343200	4,90454
0,352000	4,89477
0,360800	4,89477
0,369600	4,90454
0,378400	4,90454
0,387200	4,89477
0,396000	4,89477
0,404800	4,90454
0,413600	4,89477
0,422400	4,88500
0,431200	4,85569
0,440000	4,82638
0,448800	4,79707
0,457600	4,75799
0,466400	4,72868
0,475200	4,68960
0,484000	4,67006
0,492800	4,65052
0,501600	4,63098
0,510400	4,61144
0,519200	4,59190
0,528000	4,55282
0,536800	4,52351
0,545600	4,50397
0,554400	4,49420
0,563200	4,47466
0,572000	4,45512
0,580800	4,45512
0,589600	4,44535
0,598400	4,45512
0,607200	4,46489
0,616000	4,47466
0,624800	4,46489
0,633600	4,48443
0,642400	4,49420
0,651200	4,51374
0,660000	4,54305
0,668800	4,54305
0,677600	4,57236
0,686400	4,61144
0,695200	4,65052
0,704000	4,67983
0,712800	4,72868
0,721600	4,76776
0,730400	4,78730
0,739200	4,82638
0,748000	4,84592
0,756800	4,87523
0,765600	4,90454
0,774400	4,92408
0,783200	4,93385
0,792000	4,96316
0,800800	4,98270
0,809600	4,98270
0,818400	4,98270
0,827200	4,98270
0,836000	4,96316
0,844800	4,93385
0,853600	4,92408
0,862400	4,88500
0,871200	4,84592
0,880000	4,81661
0,888800	4,79707
0,897600	4,77753
0,906400	4,73845
0,915200	4,69937
0,924000	4,66029
0,932800	4,62121
0,941600	4,57236
0,950400	4,53328
0,959200	4,50397
0,968000	4,48443
0,976800	4,45512
0,985600	4,43558
0,994400	4,43558
1,00320	4,42581
1,01200	4,41604
1,02080	4,40627
1,02960	4,43558
1,03840	4,46489
1,04720	4,49420
1,05600	4,51374
1,06480	4,55282
1,07360	4,58213
1,08240	4,61144
1,09120	4,63098
1,10000	4,67006
1,10880	4,69937
1,11760	4,73845
1,12640	4,77753
1,13520	4,82638
1,14400	4,84592
1,15280	4,86546
1,16160	4,87523
1,17040	4,90454
1,17920	4,94362
1,18800	4,96316
1,19680	4,96316
1,20560	4,99247
1,21440	4,99247
1,22320	4,99247
1,23200	4,98270
1,24080	4,97293
1,24960	4,94362
1,25840	4,93385
1,26720	4,91431
1,27600	4,87523
1,28480	4,82638
1,29360	4,78730
1,30240	4,73845
1,31120	4,69937
1,32000	4,65052
1,32880	4,61144
1,33760	4,58213
1,34640	4,54305
1,35520	4,49420
1,36400	4,44535
1,37280	4,42581
1,38160	4,39650
1,39040	4,37696
1,39920	4,37696
1,40800	4,37696
1,41680	4,37696
1,42560	4,39650
1,43440	4,41604
1,44320	4,42581
1,45200	4,45512
1,46080	4,49420
1,46960	4,53328
1,47840	4,60167
1,48720	4,65052
1,49600	4,69937
1,50480	4,71891
1,51360	4,76776
1,52240	4,84592
1,53120	4,89477
1,54000	4,91431
1,54880	4,94362
1,55760	4,98270
1,56640	5,01201
1,57520	5,04132
1,58400	5,05109
1,59280	5,05109
1,60160	5,07063
1,61040	5,07063
1,61920	5,03155
1,62800	5,02178
1,63680	4,98270
1,64560	4,94362
1,65440	4,90454
1,66320	4,85569
1,67200	4,80684
1,68080	4,72868
1,68960	4,67983
1,69840	4,62121
1,70720	4,55282
1,71600	4,51374
1,72480	4,48443
1,73360	4,44535
1,74240	4,39650
1,75120	4,35742
1,76000	4,34765
1,76880	4,34765
1,77760	4,33788
1,78640	4,32811
1,79520	4,33788
1,80400	4,35742
1,81280	4,39650
1,82160	4,43558
1,83040	4,47466
1,83920	4,52351
1,84800	4,58213
1,85680	4,63098
1,86560	4,68960
1,87440	4,73845
1,88320	4,79707
1,89200	4,86546
1,90080	4,91431
1,90960	4,96316
1,91840	4,99247
1,92720	5,03155
1,93600	5,06086
1,94480	5,09017
1,95360	5,09017
1,96240	5,09994
1,97120	5,09994
1,98000	5,06086
1,98880	5,04132
1,99760	5,01201
2,00640	4,96316
2,01520	4,92408
2,02400	4,86546
2,03280	4,80684
2,04160	4,73845
2,05040	4,67983
2,05920	4,64075
2,06800	4,59190
2,07680	4,51374
2,08560	4,45512
2,09440	4,40627
2,10320	4,36719
2,11200	4,32811
2,12080	4,33788
2,12960	4,30857
2,13840	4,30857
2,14720	4,30857
2,15600	4,33788
2,16480	4,34765
2,17360	4,37696
2,18240	4,41604
2,19120	4,47466
2,20000	4,53328
2,20880	4,59190
2,21760	4,65052
2,22640	4,72868
2,23520	4,80684
2,24400	4,86546
2,25280	4,91431
2,26160	4,98270
2,27040	5,03155
2,27920	5,07063
2,28800	5,09994
2,29680	5,12925
2,30560	5,13902
2,31440	5,13902
2,32320	5,12925
2,33200	5,11948
2,34080	5,09017
2,34960	5,07063
2,35840	5,01201
2,36720	4,97293
2,37600	4,88500
2,38480	4,82638
2,39360	4,74822
2,40240	4,69937
2,41120	4,61144
2,42000	4,55282
2,42880	4,50397
2,43760	4,44535
2,44640	4,38673
2,45520	4,33788
2,46400	4,30857
2,47280	4,27926
2,48160	4,28903
2,49040	4,28903
2,49920	4,29880
2,50800	4,31834
2,51680	4,33788
2,52560	4,37696
2,53440	4,41604
2,54320	4,46489
2,55200	4,52351
2,56080	4,59190
2,56960	4,67006
2,57840	4,73845
2,58720	4,82638
2,59600	4,89477
2,60480	4,97293
2,61360	5,03155
2,62240	5,08040
2,63120	5,09994
2,64000	5,12925
2,64880	5,15856
2,65760	5,15856
2,66640	5,15856
2,67520	5,12925
2,68400	5,09994
2,69280	5,07063
2,70160	5,04132
2,71040	4,98270
2,71920	4,89477
2,72800	4,82638
2,73680	4,74822
2,74560	4,67983
2,75440	4,61144
2,76320	4,54305
2,77200	4,48443
2,78080	4,41604
2,78960	4,36719
2,79840	4,31834
2,80720	4,27926
2,81600	4,25972
2,82480	4,25972
2,83360	4,25972
2,84240	4,25972
2,85120	4,26949
2,86000	4,30857
2,86880	4,35742
2,87760	4,40627
2,88640	4,46489
2,89520	4,52351
2,90400	4,60167
2,91280	4,67983
2,92160	4,75799
2,93040	4,84592
2,93920	4,92408
2,94800	4,99247
2,95680	5,04132
2,96560	5,08040
2,97440	5,12925
2,98320	5,15856
2,99200	5,18787
3,00080	5,21718
3,00960	5,19764
3,01840	5,17810
3,02720	5,14879
3,03600	5,10971
3,04480	5,07063
3,05360	5,01201
3,06240	4,93385
3,07120	4,85569
3,08000	4,78730
3,08880	4,72868
3,09760	4,65052
3,10640	4,56259
3,11520	4,48443
3,12400	4,39650
3,13280	4,33788
3,14160	4,28903
3,15040	4,26949
3,15920	4,23041
3,16800	4,21087
3,17680	4,20110
3,18560	4,21087
3,19440	4,24018
3,20320	4,25972
3,21200	4,28903
3,22080	4,33788
3,22960	4,40627
3,23840	4,47466
3,24720	4,55282
3,25600	4,63098
3,26480	4,73845
3,27360	4,83615
3,28240	4,92408
3,29120	4,97293
3,30000	5,03155
3,30880	5,09994
3,31760	5,13902
3,32640	5,19764
3,33520	5,20741
3,34400	5,21718
3,35280	5,21718
3,36160	5,20741
3,37040	5,18787
3,37920	5,15856
3,38800	5,10971
3,39680	5,04132
3,40560	4,97293
3,41440	4,89477
3,42320	4,82638
3,43200	4,74822
3,44080	4,67006
3,44960	4,58213
3,45840	4,50397
3,46720	4,44535
3,47600	4,38673
3,48480	4,32811
3,49360	4,28903
3,50240	4,25972
3,51120	4,22064
3,52000	4,23041
3,52880	4,21087
3,53760	4,22064
3,54640	4,25972
3,55520	4,28903
3,56400	4,31834
3,57280	4,35742
3,58160	4,44535
3,59040	4,53328
3,59920	4,60167
3,60800	4,69937
3,61680	4,77753
3,62560	4,86546
3,63440	4,92408
3,64320	4,99247
3,65200	5,06086
3,66080	5,10971
3,66960	5,14879
3,67840	5,17810
3,68720	5,19764
3,69600	5,19764
3,70480	5,20741
3,71360	5,18787
3,72240	5,14879
3,73120	5,09017
3,74000	5,03155
3,74880	4,98270
3,75760	4,91431
3,76640	4,84592
3,77520	4,76776
3,78400	4,69937
3,79280	4,62121
3,80160	4,56259
3,81040	4,49420
3,81920	4,44535
3,82800	4,38673
3,83680	4,32811
3,84560	4,29880
3,85440	4,26949
3,86320	4,25972
3,87200	4,25972
3,88080	4,25972
3,88960	4,28903
3,89840	4,32811
3,90720	4,36719
3,91600	4,43558
3,92480	4,49420
3,93360	4,56259
3,94240	4,62121
3,95120	4,67983
3,96000	4,73845
3,96880	4,82638
3,97760	4,90454
3,98640	4,98270
3,99520	5,03155
4,00400	5,08040
4,01280	5,09994
4,02160	5,12925
4,03040	5,14879
4,03920	5,17810
4,04800	5,16833
4,05680	5,13902
4,06560	5,10971
4,07440	5,07063
4,08320	5,00224
4,09200	4,96316
4,10080	4,91431
4,10960	4,83615
4,11840	4,76776
4,12720	4,70914
4,13600	4,64075
4,14480	4,56259
4,15360	4,48443
4,16240	4,43558
4,17120	4,39650
4,18000	4,35742
4,18880	4,32811
4,19760	4,30857
4,20640	4,29880
4,21520	4,28903
4,22400	4,28903
4,23280	4,28903
4,24160	4,32811
4,25040	4,37696
4,25920	4,42581
4,26800	4,48443
4,27680	4,53328
4,28560	4,57236
4,29440	4,64075
4,30320	4,71891
4,31200	4,80684
4,32080	4,87523
4,32960	4,94362
4,33840	4,99247
4,34720	5,02178
4,35600	5,07063
4,36480	5,09994
4,37360	5,11948
4,38240	5,11948
4,39120	5,11948
4,40000	5,10971
4,40880	5,09994
4,41760	5,07063
4,42640	5,03155
4,43520	4,98270
4,44400	4,93385
4,45280	4,86546
4,46160	4,79707
4,47040	4,73845
4,47920	4,67983
4,48800	4,62121
4,49680	4,54305
4,50560	4,47466
4,51440	4,42581
4,52320	4,38673
4,53200	4,35742
4,54080	4,33788
4,54960	4,30857
4,55840	4,30857
4,56720	4,31834
4,57600	4,32811
4,58480	4,35742
4,59360	4,40627
4,60240	4,43558
4,61120	4,46489
4,62000	4,53328
4,62880	4,57236
4,63760	4,65052
4,64640	4,70914
4,65520	4,76776
4,66400	4,83615
4,67280	4,89477
4,68160	4,94362
4,69040	4,99247
4,69920	5,03155
4,70800	5,06086
4,71680	5,07063
4,72560	5,09994
4,73440	5,09017
4,74320	5,08040
4,75200	5,06086
4,76080	5,05109
4,76960	5,00224
4,77840	4,98270
4,78720	4,94362
4,79600	4,87523
4,80480	4,80684
4,81360	4,74822
4,82240	4,70914
4,83120	4,66029
4,84000	4,60167
4,84880	4,55282
4,85760	4,49420
4,86640	4,46489
4,87520	4,44535
4,88400	4,41604
4,89280	4,38673
4,90160	4,35742
4,91040	4,36719
4,91920	4,37696
4,92800	4,38673
4,93680	4,41604
4,94560	4,44535
4,95440	4,48443
4,96320	4,53328
4,97200	4,57236
4,98080	4,63098
4,98960	4,67983
4,99840	4,72868
5,00720	4,77753
5,01600	4,82638
5,02480	4,87523
5,03360	4,91431
5,04240	4,95339
5,05120	4,99247
5,06000	5,03155
5,06880	5,05109
5,07760	5,03155
5,08640	5,02178
5,09520	5,02178
5,10400	5,01201
5,11280	4,98270
5,12160	4,96316
5,13040	4,94362
5,13920	4,89477
5,14800	4,84592
5,15680	4,80684
5,16560	4,77753
5,17440	4,71891
5,18320	4,68960
5,19200	4,63098
5,20080	4,59190
5,20960	4,54305
5,21840	4,49420
5,22720	4,43558
5,23600	4,42581
5,24480	4,42581
5,25360	4,40627
5,26240	4,40627
5,27120	4,42581
5,28000	4,44535
5,28880	4,47466
5,29760	4,48443
5,30640	4,51374
5,31520	4,55282
5,32400	4,60167
5,33280	4,63098
5,34160	4,67983
5,35040	4,71891
5,35920	4,76776
5,36800	4,81661
5,37680	4,84592
5,38560	4,88500
5,39440	4,93385
5,40320	4,95339
5,41200	4,97293
5,42080	4,99247
5,42960	5,00224
5,43840	5,00224
5,44720	5,00224
5,45600	4,99247
5,46480	4,97293
5,47360	4,94362
5,48240	4,91431
5,49120	4,86546
5,50000	4,83615
5,50880	4,78730
5,51760	4,73845
5,52640	4,70914
5,53520	4,66029
5,54400	4,64075
5,55280	4,61144
5,56160	4,56259
5,57040	4,50397
5,57920	4,48443
5,58800	4,47466
5,59680	4,44535
5,60560	4,44535
5,61440	4,43558
5,62320	4,45512
5,63200	4,49420
5,64080	4,50397
5,64960	4,51374
5,65840	4,52351
5,66720	4,55282
5,67600	4,59190
5,68480	4,64075
5,69360	4,67983
5,70240	4,71891
5,71120	4,77753
5,72000	4,80684
5,72880	4,83615
5,73760	4,85569
5,74640	4,89477
5,75520	4,92408
5,76400	4,93385
5,77280	4,95339
5,78160	4,96316
5,79040	4,97293
5,79920	4,96316
5,80800	4,94362
5,81680	4,93385
5,82560	4,91431
5,83440	4,88500
5,84320	4,86546
5,85200	4,84592
5,86080	4,79707
5,86960	4,76776
5,87840	4,74822
5,88720	4,69937
5,89600	4,66029
5,90480	4,62121
5,91360	4,59190
5,92240	4,56259
5,93120	4,53328
5,94000	4,51374
5,94880	4,49420
5,95760	4,49420
5,96640	4,50397
5,97520	4,48443
5,98400	4,48443
5,99280	4,50397
6,00160	4,50397
6,01040	4,52351
6,01920	4,54305
6,02800	4,57236
6,03680	4,61144
6,04560	4,66029
6,05440	4,68960
6,06320	4,71891
6,07200	4,75799
6,08080	4,79707
6,08960	4,82638
6,09840	4,83615
6,10720	4,85569
6,11600	4,87523
6,12480	4,89477
6,13360	4,90454
6,14240	4,91431
6,15120	4,92408
6,16000	4,93385
6,16880	4,92408
6,17760	4,91431
6,18640	4,89477
6,19520	4,89477
6,20400	4,85569
6,21280	4,81661
6,22160	4,79707
6,23040	4,77753
6,23920	4,76776
6,24800	4,72868
6,25680	4,70914
6,26560	4,67983
6,27440	4,64075
6,28320	4,62121
6,29200	4,60167
6,30080	4,58213
6,30960	4,55282
6,31840	4,54305
6,32720	4,54305
6,33600	4,53328
6,34480	4,54305
6,35360	4,54305
6,36240	4,54305
6,37120	4,57236
6,38000	4,58213
6,38880	4,60167
6,39760	4,64075
6,40640	4,66029
6,41520	4,67983
6,42400	4,72868
6,43280	4,74822
6,44160	4,75799
6,45040	4,78730
6,45920	4,78730
6,46800	4,81661
6,47680	4,84592
6,48560	4,85569
6,49440	4,87523
6,50320	4,89477
6,51200	4,89477
6,52080	4,87523
6,52960	4,87523
6,53840	4,88500
6,54720	4,88500
6,55600	4,87523
6,56480	4,85569
6,57360	4,83615
6,58240	4,79707
6,59120	4,76776
6,60000	4,75799
6,60880	4,73845
6,61760	4,71891
6,62640	4,68960
6,63520	4,67006
6,64400	4,65052
6,65280	4,64075
6,66160	4,63098
6,67040	4,59190
6,67920	4,57236
6,68800	4,57236
6,69680	4,56259
6,70560	4,56259
6,71440	4,58213
6,72320	4,57236
6,73200	4,56259
6,74080	4,57236
6,74960	4,59190
6,75840	4,61144
6,76720	4,62121
6,77600	4,64075
6,78480	4,67006
6,79360	4,68960
6,80240	4,71891
6,81120	4,75799
6,82000	4,77753
6,82880	4,78730
6,83760	4,80684
6,84640	4,82638
6,85520	4,84592
6,86400	4,87523
6,87280	4,87523
6,88160	4,86546
6,89040	4,85569
6,89920	4,85569
6,90800	4,85569
6,91680	4,86546
6,92560	4,84592
6,93440	4,84592
6,94320	4,84592
6,95200	4,82638
6,96080	4,78730
6,96960	4,75799
6,97840	4,74822
6,98720	4,71891
6,99600	4,68960
7,00480	4,67983
7,01360	4,67983
7,02240	4,67006
7,03120	4,64075
7,04000	4,64075
7,04880	4,63098
7,05760	4,62121
7,06640	4,61144
7,07520	4,61144
7,08400	4,61144
7,09280	4,61144
7,10160	4,61144
7,11040	4,60167
7,11920	4,61144
7,12800	4,63098
7,13680	4,64075
7,14560	4,64075
7,15440	4,66029
7,16320	4,67006
7,17200	4,68960
7,18080	4,71891
7,18960	4,73845
7,19840	4,74822
7,20720	4,77753
7,21600	4,78730
7,22480	4,79707
7,23360	4,81661
7,24240	4,82638
7,25120	4,83615
7,26000	4,83615
7,26880	4,82638
7,27760	4,82638
7,28640	4,83615
7,29520	4,82638
7,30400	4,81661
7,31280	4,81661
7,32160	4,80684
7,33040	4,79707
7,33920	4,76776
7,34800	4,74822
7,35680	4,74822
7,36560	4,73845
7,37440	4,70914
7,38320	4,71891
7,39200	4,67983
7,40080	4,66029
7,40960	4,66029
7,41840	4,65052
7,42720	4,63098
7,43600	4,64075
7,44480	4,64075
7,45360	4,65052
7,46240	4,64075
7,47120	4,64075
7,48000	4,63098
7,48880	4,63098
7,49760	4,64075
7,50640	4,64075
7,51520	4,65052
7,52400	4,67006
7,53280	4,67983
7,54160	4,68960
7,55040	4,71891
7,55920	4,72868
7,56800	4,74822
7,57680	4,75799
7,58560	4,75799
7,59440	4,75799
7,60320	4,77753
7,61200	4,79707
7,62080	4,78730
7,62960	4,79707
7,63840	4,78730
7,64720	4,80684
7,65600	4,81661
7,66480	4,82638
7,67360	4,80684
7,68240	4,79707
7,69120	4,80684
7,70000	4,80684
7,70880	4,79707
7,71760	4,78730
7,72640	4,76776
7,73520	4,76776
7,74400	4,75799
7,75280	4,74822
7,76160	4,73845
7,77040	4,72868
7,77920	4,69937
7,78800	4,69937
7,79680	4,69937
7,80560	4,68960
7,81440	4,67006
7,82320	4,66029
7,83200	4,67006
7,84080	4,66029
7,84960	4,65052
7,85840	4,64075
7,86720	4,64075
7,87600	4,63098
7,88480	4,64075
7,89360	4,66029
7,90240	4,67006
7,91120	4,68960
7,92000	4,69937
7,92880	4,70914
7,93760	4,71891
7,94640	4,72868
7,95520	4,71891
7,96400	4,71891
7,97280	4,73845
7,98160	4,75799
7,99040	4,76776
7,99920	4,76776
8,00800	4,77753
8,01680	4,79707
8,02560	4,80684
8,03440	4,80684
8,04320	4,80684
8,05200	4,79707
8,06080	4,78730
8,06960	4,79707
8,07840	4,79707
8,08720	4,78730
8,09600	4,78730
8,10480	4,78730
8,11360	4,76776
8,12240	4,75799
8,13120	4,73845
8,14000	4,70914
8,14880	4,71891
8,15760	4,70914
8,16640	4,69937
8,17520	4,67983
8,18400	4,67983
8,19280	4,67983
8,20160	4,67006
8,21040	4,67006
8,21920	4,67006
8,22800	4,66029
8,23680	4,66029
8,24560	4,65052
8,25440	4,65052
8,26320	4,66029
8,27200	4,66029
8,28080	4,64075
8,28960	4,64075
8,29840	4,65052
8,30720	4,66029
8,31600	4,68960
8,32480	4,67983
8,33360	4,68960
8,34240	4,70914
8,35120	4,73845
8,36000	4,72868
8,36880	4,72868
8,37760	4,73845
8,38640	4,74822
8,39520	4,76776
8,40400	4,76776
8,41280	4,76776
8,42160	4,77753
8,43040	4,78730
8,43920	4,78730
8,44800	4,79707
8,45680	4,78730
8,46560	4,78730
8,47440	4,77753
8,48320	4,77753
8,49200	4,76776
8,50080	4,75799
8,50960	4,75799
8,51840	4,75799
8,52720	4,75799
8,53600	4,73845
8,54480	4,72868
8,55360	4,71891
8,56240	4,71891
8,57120	4,71891
8,58000	4,71891
8,58880	4,70914
8,59760	4,68960
8,60640	4,68960
8,61520	4,67983
8,62400	4,67006
8,63280	4,67983
8,64160	4,67006
8,65040	4,67006
8,65920	4,66029
8,66800	4,67006
8,67680	4,68960
8,68560	4,69937
8,69440	4,68960
8,70320	4,68960
8,71200	4,68960
8,72080	4,69937
8,72960	4,70914
8,73840	4,70914
8,74720	4,70914
8,75600	4,72868
8,76480	4,72868
8,77360	4,72868
8,78240	4,74822
8,79120	4,75799
8,80000	4,76776
8,80880	4,76776
8,81760	4,77753
8,82640	4,77753
8,83520	4,76776
8,84400	4,75799
8,85280	4,76776
8,86160	4,77753
8,87040	4,77753
8,87920	4,77753
8,88800	4,75799
8,89680	4,75799
8,90560	4,75799
8,91440	4,76776
8,92320	4,74822
8,93200	4,73845
8,94080	4,74822
8,94960	4,73845
8,95840	4,73845
8,96720	4,72868
