Position [V]	Intensität [Skt]
0,00000	3,17525
0,00880000	3,23387
0,0176000	3,31203
0,0264000	3,31203
0,0352000	3,18502
0,0440000	3,08732
0,0528000	3,02870
0,0616000	2,95054
0,0704000	2,89192
0,0792000	2,84307
0,0880000	2,75514
0,0968000	2,70629
0,105600	2,76491
0,114400	2,93100
0,123200	3,02870
0,132000	3,05801
0,140800	2,98962
0,149600	2,89192
0,158400	2,86261
0,167200	2,82353
0,176000	2,80399
0,184800	2,80399
0,193600	2,79422
0,202400	2,78445
0,211200	2,80399
0,220000	2,89192
0,228800	3,04824
0,237600	3,21433
0,246400	3,27295
0,255200	3,22410
0,264000	3,19479
0,272800	3,12640
0,281600	3,17525
0,290400	3,27295
0,299200	3,35111
0,308000	3,38042
0,316800	3,35111
0,325600	3,25341
0,334400	3,13617
0,343200	3,14594
0,352000	3,18502
0,360800	3,21433
0,369600	3,14594
0,378400	3,10686
0,387200	3,15571
0,396000	3,23387
0,404800	3,20456
0,413600	3,29249
0,422400	3,33157
0,431200	3,27295
0,440000	3,21433
0,448800	3,12640
0,457600	3,05801
0,466400	3,09709
0,475200	3,15571
0,484000	3,21433
0,492800	3,26318
0,501600	3,34134
0,510400	3,26318
0,519200	3,25341
0,528000	3,24364
0,536800	3,30226
0,545600	3,43904
0,554400	3,52697
0,563200	3,52697
0,572000	3,54651
0,580800	3,46835
0,589600	3,47812
0,598400	3,51720
0,607200	3,51720
0,616000	3,44881
0,624800	3,34134
0,633600	3,27295
0,642400	3,30226
0,651200	3,35111
0,660000	3,35111
0,668800	3,36088
0,677600	3,37065
0,686400	3,32180
0,695200	3,25341
0,704000	3,06778
0,712800	2,93100
0,721600	2,88215
0,730400	2,93100
0,739200	2,95054
0,748000	3,04824
0,756800	3,02870
0,765600	2,99939
0,774400	2,92123
0,783200	2,89192
0,792000	2,83330
0,800800	2,75514
0,809600	2,62813
0,818400	2,56951
0,827200	2,50112
0,836000	2,44250
0,844800	2,34480
0,853600	2,37411
0,862400	2,36434
0,871200	2,38388
0,880000	2,37411
0,888800	2,46204
0,897600	2,56951
0,906400	2,74537
0,915200	2,81376
0,924000	2,82353
0,932800	2,79422
0,941600	2,68675
0,950400	2,63790
0,959200	2,54997
0,968000	2,55974
0,976800	2,59882
0,985600	2,54997
0,994400	2,45227
1,00320	2,41319
1,01200	2,41319
1,02080	2,42296
1,02960	2,53043
1,03840	2,51089
1,04720	2,45227
1,05600	2,44250
1,06480	2,53043
1,07360	2,65744
1,08240	2,65744
1,09120	2,65744
1,10000	2,70629
1,10880	2,74537
1,11760	2,81376
1,12640	2,82353
1,13520	2,90169
1,14400	2,96031
1,15280	2,98962
1,16160	2,98962
1,17040	2,87238
1,17920	2,74537
1,18800	2,61836
1,19680	2,50112
1,20560	2,43273
1,21440	2,45227
1,22320	2,47181
1,23200	2,45227
1,24080	2,31549
1,24960	2,25687
1,25840	2,29595
1,26720	2,44250
1,27600	2,48158
1,28480	2,46204
1,29360	2,47181
1,30240	2,53043
1,31120	2,54020
1,32000	2,58905
1,32880	2,68675
1,33760	2,75514
1,34640	2,81376
1,35520	2,83330
1,36400	2,85284
1,37280	2,83330
1,38160	2,78445
1,39040	2,83330
1,39920	2,88215
1,40800	2,84307
1,41680	2,85284
1,42560	2,83330
1,43440	2,76491
1,44320	2,67698
1,45200	2,60859
1,46080	2,57928
1,46960	2,57928
1,47840	2,63790
1,48720	2,63790
1,49600	2,57928
1,50480	2,48158
1,51360	2,44250
1,52240	2,48158
1,53120	2,54997
1,54000	2,61836
1,54880	2,68675
1,55760	2,74537
1,56640	2,67698
1,57520	2,61836
1,58400	2,48158
1,59280	2,41319
1,60160	2,43273
1,61040	2,42296
1,61920	2,34480
1,62800	2,35457
1,63680	2,38388
1,64560	2,37411
1,65440	2,32526
1,66320	2,30572
1,67200	2,31549
1,68080	2,36434
1,68960	2,41319
1,69840	2,51089
1,70720	2,64767
1,71600	2,71606
1,72480	2,74537
1,73360	2,76491
1,74240	2,74537
1,75120	2,69652
1,76000	2,58905
1,76880	2,56951
1,77760	2,67698
1,78640	2,66721
1,79520	2,62813
1,80400	2,60859
1,81280	2,59882
1,82160	2,61836
1,83040	2,65744
1,83920	2,69652
1,84800	2,66721
1,85680	2,62813
1,86560	2,50112
1,87440	2,46204
1,88320	2,52066
1,89200	2,51089
1,90080	2,49135
1,90960	2,54997
1,91840	2,61836
1,92720	2,65744
1,93600	2,65744
1,94480	2,58905
1,95360	2,57928
1,96240	2,54020
1,97120	2,54020
1,98000	2,55974
1,98880	2,48158
1,99760	2,41319
2,00640	2,37411
2,01520	2,43273
2,02400	2,53043
2,03280	2,61836
2,04160	2,68675
2,05040	2,62813
2,05920	2,50112
2,06800	2,27641
2,07680	2,18848
2,08560	2,15917
2,09440	2,14940
2,10320	2,12009
2,11200	2,09078
2,12080	2,12009
2,12960	2,14940
2,13840	2,20802
2,14720	2,29595
2,15600	2,32526
2,16480	2,32526
2,17360	2,29595
2,18240	2,31549
2,19120	2,46204
2,20000	2,55974
2,20880	2,62813
2,21760	2,70629
2,22640	2,72583
2,23520	2,79422
2,24400	2,85284
2,25280	2,86261
2,26160	2,83330
2,27040	2,84307
2,27920	2,80399
2,28800	2,72583
2,29680	2,62813
2,30560	2,54997
2,31440	2,51089
2,32320	2,52066
2,33200	2,56951
2,34080	2,62813
2,34960	2,65744
2,35840	2,60859
2,36720	2,53043
2,37600	2,45227
2,38480	2,41319
2,39360	2,48158
2,40240	2,52066
2,41120	2,53043
2,42000	2,50112
2,42880	2,52066
2,43760	2,58905
2,44640	2,58905
2,45520	2,48158
2,46400	2,48158
2,47280	2,43273
2,48160	2,51089
2,49040	2,65744
2,49920	2,73560
2,50800	2,78445
2,51680	2,80399
2,52560	2,91146
2,53440	3,06778
2,54320	3,14594
2,55200	3,18502
2,56080	3,17525
2,56960	3,04824
2,57840	2,93100
2,58720	2,85284
2,59600	2,79422
2,60480	2,82353
2,61360	2,85284
2,62240	2,78445
2,63120	2,67698
2,64000	2,51089
2,64880	2,41319
2,65760	2,41319
2,66640	2,46204
2,67520	2,47181
2,68400	2,49135
2,69280	2,51089
2,70160	2,55974
2,71040	2,64767
2,71920	2,71606
2,72800	2,63790
2,73680	2,66721
2,74560	2,82353
2,75440	2,90169
2,76320	2,92123
2,77200	2,84307
2,78080	2,78445
2,78960	2,62813
2,79840	2,51089
2,80720	2,38388
2,81600	2,30572
2,82480	2,21779
2,83360	2,20802
2,84240	2,21779
2,85120	2,23733
2,86000	2,18848
2,86880	2,12009
2,87760	2,12986
2,88640	2,09078
2,89520	2,14940
2,90400	2,24710
2,91280	2,34480
2,92160	2,46204
2,93040	2,55974
2,93920	2,61836
2,94800	2,56951
2,95680	2,44250
2,96560	2,39365
2,97440	2,33503
2,98320	2,41319
2,99200	2,53043
3,00080	2,54997
3,00960	2,64767
3,01840	2,72583
3,02720	2,77468
3,03600	2,65744
3,04480	2,54997
3,05360	2,62813
3,06240	2,61836
3,07120	2,64767
3,08000	2,76491
3,08880	2,83330
3,09760	2,88215
3,10640	2,83330
3,11520	2,82353
3,12400	2,82353
3,13280	2,67698
3,14160	2,60859
3,15040	2,58905
3,15920	2,52066
3,16800	2,44250
3,17680	2,46204
3,18560	2,54997
3,19440	2,63790
3,20320	2,72583
3,21200	2,71606
3,22080	2,66721
3,22960	2,63790
3,23840	2,56951
3,24720	2,50112
3,25600	2,44250
3,26480	2,47181
3,27360	2,45227
3,28240	2,50112
3,29120	2,48158
3,30000	2,43273
3,30880	2,35457
3,31760	2,30572
3,32640	2,28618
3,33520	2,33503
3,34400	2,35457
3,35280	2,46204
3,36160	2,54997
3,37040	2,62813
3,37920	2,64767
3,38800	2,61836
3,39680	2,71606
3,40560	2,81376
3,41440	2,88215
3,42320	2,92123
3,43200	2,82353
3,44080	2,80399
3,44960	2,78445
3,45840	2,73560
3,46720	2,79422
3,47600	2,76491
3,48480	2,67698
3,49360	2,63790
3,50240	2,54997
3,51120	2,49135
3,52000	2,46204
3,52880	2,44250
3,53760	2,49135
3,54640	2,50112
3,55520	2,48158
3,56400	2,46204
3,57280	2,42296
3,58160	2,45227
3,59040	2,47181
3,59920	2,52066
3,60800	2,55974
3,61680	2,60859
3,62560	2,56951
3,63440	2,45227
3,64320	2,41319
3,65200	2,43273
3,66080	2,42296
3,66960	2,46204
3,67840	2,51089
3,68720	2,45227
3,69600	2,44250
3,70480	2,47181
3,71360	2,57928
3,72240	2,71606
3,73120	2,83330
3,74000	2,87238
3,74880	2,72583
3,75760	2,64767
3,76640	2,57928
3,77520	2,51089
3,78400	2,53043
3,79280	2,50112
3,80160	2,46204
3,81040	2,45227
3,81920	2,50112
3,82800	2,56951
3,83680	2,54997
3,84560	2,60859
3,85440	2,61836
3,86320	2,72583
3,87200	2,81376
3,88080	2,73560
3,88960	2,64767
3,89840	2,61836
3,90720	2,56951
3,91600	2,52066
3,92480	2,48158
3,93360	2,51089
3,94240	2,52066
3,95120	2,55974
3,96000	2,65744
3,96880	2,51089
3,97760	2,43273
3,98640	2,47181
3,99520	2,46204
4,00400	2,47181
4,01280	2,52066
4,02160	2,50112
4,03040	2,52066
4,03920	2,45227
4,04800	2,43273
4,05680	2,38388
4,06560	2,34480
4,07440	2,31549
4,08320	2,21779
4,09200	2,14940
4,10080	2,22756
4,10960	2,36434
4,11840	2,46204
4,12720	2,61836
4,13600	2,71606
4,14480	2,74537
4,15360	2,71606
4,16240	2,59882
4,17120	2,55974
4,18000	2,58905
4,18880	2,61836
4,19760	2,67698
4,20640	2,71606
4,21520	2,69652
4,22400	2,59882
4,23280	2,54020
4,24160	2,45227
4,25040	2,47181
4,25920	2,50112
4,26800	2,52066
4,27680	2,43273
4,28560	2,48158
4,29440	2,59882
4,30320	2,65744
4,31200	2,73560
4,32080	2,70629
4,32960	2,64767
4,33840	2,57928
4,34720	2,52066
4,35600	2,61836
4,36480	2,74537
4,37360	2,82353
4,38240	2,84307
4,39120	2,84307
4,40000	2,81376
4,40880	2,73560
4,41760	2,65744
4,42640	2,70629
4,43520	2,75514
4,44400	2,71606
4,45280	2,70629
4,46160	2,71606
4,47040	2,67698
4,47920	2,67698
4,48800	2,56951
4,49680	2,51089
4,50560	2,50112
4,51440	2,54997
4,52320	2,61836
4,53200	2,60859
4,54080	2,59882
4,54960	2,66721
4,55840	2,68675
4,56720	2,65744
4,57600	2,71606
4,58480	2,75514
4,59360	2,74537
4,60240	2,71606
4,61120	2,70629
4,62000	2,72583
4,62880	2,70629
4,63760	2,61836
4,64640	2,50112
4,65520	2,52066
4,66400	2,59882
4,67280	2,64767
4,68160	2,62813
4,69040	2,58905
4,69920	2,60859
4,70800	2,56951
4,71680	2,58905
4,72560	2,58905
4,73440	2,56951
4,74320	2,53043
4,75200	2,52066
4,76080	2,43273
4,76960	2,45227
4,77840	2,38388
4,78720	2,28618
4,79600	2,29595
4,80480	2,29595
4,81360	2,32526
4,82240	2,43273
4,83120	2,52066
4,84000	2,54997
4,84880	2,57928
4,85760	2,54020
4,86640	2,46204
4,87520	2,46204
4,88400	2,47181
4,89280	2,50112
4,90160	2,54997
4,91040	2,54997
4,91920	2,51089
4,92800	2,59882
4,93680	2,64767
4,94560	2,69652
4,95440	2,63790
4,96320	2,53043
4,97200	2,47181
4,98080	2,45227
4,98960	2,54997
4,99840	2,64767
5,00720	2,64767
5,01600	2,65744
5,02480	2,62813
5,03360	2,61836
5,04240	2,61836
5,05120	2,57928
5,06000	2,62813
5,06880	2,72583
5,07760	2,69652
5,08640	2,61836
5,09520	2,53043
5,10400	2,57928
5,11280	2,62813
5,12160	2,62813
5,13040	2,64767
5,13920	2,62813
5,14800	2,53043
5,15680	2,57928
5,16560	2,63790
5,17440	2,60859
5,18320	2,53043
5,19200	2,49135
5,20080	2,49135
5,20960	2,50112
5,21840	2,48158
5,22720	2,46204
5,23600	2,50112
5,24480	2,56951
5,25360	2,62813
5,26240	2,71606
5,27120	2,78445
5,28000	2,78445
5,28880	2,77468
5,29760	2,65744
5,30640	2,57928
5,31520	2,57928
5,32400	2,56951
5,33280	2,63790
5,34160	2,72583
5,35040	2,80399
5,35920	2,84307
5,36800	2,73560
5,37680	2,64767
5,38560	2,66721
5,39440	2,63790
5,40320	2,60859
5,41200	2,56951
5,42080	2,66721
5,42960	2,75514
5,43840	2,76491
5,44720	2,79422
5,45600	2,95054
5,46480	2,94077
5,47360	2,82353
5,48240	2,67698
5,49120	2,62813
5,50000	2,61836
5,50880	2,59882
5,51760	2,47181
5,52640	2,39365
5,53520	2,36434
5,54400	2,29595
5,55280	2,30572
5,56160	2,35457
5,57040	2,33503
5,57920	2,37411
5,58800	2,35457
5,59680	2,36434
5,60560	2,44250
5,61440	2,48158
5,62320	2,50112
5,63200	2,48158
5,64080	2,41319
5,64960	2,40342
5,65840	2,38388
5,66720	2,51089
5,67600	2,64767
5,68480	2,70629
5,69360	2,64767
5,70240	2,65744
5,71120	2,62813
5,72000	2,54997
5,72880	2,50112
5,73760	2,54997
5,74640	2,54997
5,75520	2,56951
5,76400	2,49135
5,77280	2,50112
5,78160	2,65744
5,79040	2,77468
5,79920	2,77468
5,80800	2,76491
5,81680	2,74537
5,82560	2,69652
5,83440	2,66721
5,84320	2,68675
5,85200	2,73560
5,86080	2,83330
5,86960	2,87238
5,87840	2,82353
5,88720	2,78445
5,89600	2,74537
5,90480	2,65744
5,91360	2,65744
5,92240	2,56951
5,93120	2,48158
5,94000	2,46204
5,94880	2,46204
5,95760	2,42296
5,96640	2,40342
5,97520	2,48158
5,98400	2,49135
5,99280	2,53043
6,00160	2,54997
6,01040	2,54997
6,01920	2,55974
6,02800	2,68675
6,03680	2,64767
6,04560	2,54997
6,05440	2,57928
6,06320	2,55974
6,07200	2,52066
6,08080	2,51089
6,08960	2,57928
6,09840	2,54997
6,10720	2,47181
6,11600	2,40342
6,12480	2,48158
6,13360	2,49135
6,14240	2,37411
6,15120	2,30572
6,16000	2,32526
6,16880	2,43273
6,17760	2,50112
6,18640	2,61836
6,19520	2,64767
6,20400	2,64767
6,21280	2,59882
6,22160	2,55974
6,23040	2,54997
6,23920	2,49135
6,24800	2,43273
6,25680	2,40342
6,26560	2,37411
6,27440	2,45227
6,28320	2,49135
6,29200	2,61836
6,30080	2,60859
6,30960	2,56951
6,31840	2,62813
6,32720	2,71606
6,33600	2,76491
6,34480	2,87238
6,35360	3,00916
6,36240	2,99939
6,37120	2,93100
6,38000	2,88215
6,38880	2,83330
6,39760	2,78445
6,40640	2,73560
6,41520	2,62813
6,42400	2,52066
6,43280	2,44250
6,44160	2,45227
6,45040	2,44250
6,45920	2,54020
6,46800	2,57928
6,47680	2,60859
6,48560	2,70629
6,49440	2,78445
6,50320	2,80399
6,51200	2,74537
6,52080	2,67698
6,52960	2,74537
6,53840	2,77468
6,54720	2,89192
6,55600	2,84307
6,56480	2,68675
6,57360	2,51089
6,58240	2,39365
6,59120	2,43273
6,60000	2,47181
6,60880	2,47181
6,61760	2,39365
6,62640	2,21779
6,63520	2,11032
6,64400	2,04193
6,65280	2,05170
6,66160	2,11032
6,67040	2,23733
6,67920	2,37411
6,68800	2,42296
6,69680	2,48158
6,70560	2,59882
6,71440	2,72583
6,72320	2,84307
6,73200	2,81376
6,74080	2,66721
6,74960	2,56951
6,75840	2,54020
6,76720	2,50112
6,77600	2,48158
6,78480	2,43273
6,79360	2,50112
6,80240	2,55974
6,81120	2,58905
6,82000	2,67698
6,82880	2,81376
6,83760	2,89192
6,84640	2,85284
6,85520	2,82353
6,86400	2,81376
6,87280	2,79422
6,88160	2,81376
6,89040	2,81376
6,89920	2,85284
6,90800	2,78445
6,91680	2,71606
6,92560	2,65744
6,93440	2,69652
6,94320	2,65744
6,95200	2,64767
6,96080	2,67698
6,96960	2,60859
6,97840	2,57928
6,98720	2,51089
6,99600	2,46204
7,00480	2,49135
7,01360	2,46204
7,02240	2,50112
7,03120	2,63790
7,04000	2,75514
7,04880	2,80399
7,05760	2,66721
7,06640	2,58905
7,07520	2,51089
7,08400	2,58905
7,09280	2,61836
7,10160	2,53043
7,11040	2,45227
7,11920	2,43273
7,12800	2,44250
7,13680	2,46204
7,14560	2,61836
7,15440	2,74537
7,16320	2,83330
7,17200	2,80399
7,18080	2,72583
7,18960	2,74537
7,19840	2,73560
7,20720	2,68675
7,21600	2,56951
7,22480	2,48158
7,23360	2,37411
7,24240	2,31549
7,25120	2,41319
7,26000	2,48158
7,26880	2,44250
7,27760	2,33503
7,28640	2,30572
7,29520	2,29595
7,30400	2,30572
7,31280	2,30572
7,32160	2,34480
7,33040	2,40342
7,33920	2,44250
7,34800	2,52066
7,35680	2,59882
7,36560	2,70629
7,37440	2,74537
7,38320	2,75514
7,39200	2,72583
7,40080	2,68675
7,40960	2,67698
7,41840	2,63790
7,42720	2,56951
7,43600	2,65744
7,44480	2,73560
7,45360	2,75514
7,46240	2,62813
7,47120	2,49135
7,48000	2,45227
7,48880	2,43273
7,49760	2,44250
7,50640	2,40342
7,51520	2,39365
7,52400	2,39365
7,53280	2,31549
7,54160	2,28618
7,55040	2,32526
7,55920	2,33503
7,56800	2,22756
7,57680	2,21779
7,58560	2,29595
7,59440	2,35457
7,60320	2,36434
7,61200	2,39365
7,62080	2,50112
7,62960	2,57928
7,63840	2,63790
7,64720	2,64767
7,65600	2,59882
7,66480	2,67698
7,67360	2,81376
7,68240	2,88215
7,69120	2,91146
7,70000	2,84307
7,70880	2,74537
7,71760	2,61836
7,72640	2,58905
7,73520	2,55974
7,74400	2,53043
7,75280	2,51089
7,76160	2,36434
7,77040	2,43273
7,77920	2,43273
7,78800	2,43273
7,79680	2,44250
7,80560	2,45227
7,81440	2,44250
7,82320	2,46204
7,83200	2,47181
7,84080	2,54020
7,84960	2,60859
7,85840	2,60859
7,86720	2,65744
7,87600	2,73560
7,88480	2,75514
7,89360	2,70629
7,90240	2,63790
7,91120	2,66721
7,92000	2,69652
7,92880	2,70629
7,93760	2,64767
7,94640	2,56951
7,95520	2,51089
7,96400	2,49135
7,97280	2,55974
7,98160	2,54020
7,99040	2,48158
7,99920	2,47181
8,00800	2,47181
8,01680	2,50112
8,02560	2,49135
8,03440	2,50112
8,04320	2,45227
8,05200	2,44250
8,06080	2,44250
8,06960	2,48158
8,07840	2,62813
8,08720	2,72583
8,09600	2,68675
8,10480	2,70629
8,11360	2,72583
8,12240	2,70629
8,13120	2,68675
8,14000	2,64767
8,14880	2,61836
8,15760	2,56951
8,16640	2,58905
8,17520	2,56951
8,18400	2,62813
8,19280	2,67698
8,20160	2,70629
8,21040	2,68675
8,21920	2,59882
8,22800	2,48158
8,23680	2,43273
8,24560	2,46204
8,25440	2,50112
8,26320	2,58905
8,27200	2,69652
8,28080	2,88215
8,28960	2,99939
8,29840	2,95054
8,30720	2,88215
8,31600	2,83330
8,32480	2,68675
8,33360	2,65744
8,34240	2,60859
8,35120	2,54020
8,36000	2,55974
8,36880	2,54020
8,37760	2,52066
8,38640	2,40342
8,39520	2,37411
8,40400	2,54020
8,41280	2,62813
8,42160	2,67698
8,43040	2,62813
8,43920	2,59882
8,44800	2,54997
8,45680	2,53043
8,46560	2,54020
8,47440	2,61836
8,48320	2,60859
8,49200	2,63790
8,50080	2,65744
8,50960	2,70629
8,51840	2,77468
8,52720	2,78445
8,53600	2,82353
8,54480	2,88215
8,55360	2,96031
8,56240	2,97008
8,57120	2,82353
8,58000	2,75514
8,58880	2,72583
8,59760	2,78445
8,60640	2,74537
8,61520	2,63790
8,62400	2,56951
8,63280	2,49135
8,64160	2,42296
8,65040	2,42296
8,65920	2,47181
8,66800	2,58905
8,67680	2,69652
8,68560	2,73560
8,69440	2,68675
8,70320	2,64767
8,71200	2,64767
8,72080	2,66721
8,72960	2,64767
8,73840	2,62813
8,74720	2,66721
8,75600	2,69652
8,76480	2,71606
8,77360	2,76491
8,78240	2,79422
8,79120	2,79422
8,80000	2,78445
8,80880	2,84307
8,81760	2,93100
8,82640	2,96031
8,83520	2,88215
8,84400	2,88215
8,85280	2,81376
8,86160	2,79422
8,87040	2,76491
8,87920	2,65744
8,88800	2,61836
8,89680	2,60859
8,90560	2,58905
8,91440	2,64767
8,92320	2,62813
8,93200	2,53043
8,94080	2,55974
8,94960	2,64767
8,95840	2,64767
8,96720	2,59882
