Position [V]	Intensität [Skt]
0,00000	5,00224
0,00880000	4,83615
0,0176000	4,82638
0,0264000	4,79707
0,0352000	4,81661
0,0440000	4,69937
0,0528000	4,52351
0,0616000	4,47466
0,0704000	4,45512
0,0792000	4,44535
0,0880000	4,43558
0,0968000	4,43558
0,105600	4,43558
0,114400	4,44535
0,123200	4,44535
0,132000	4,45512
0,140800	4,46489
0,149600	4,47466
0,158400	4,49420
0,167200	4,51374
0,176000	4,53328
0,184800	4,56259
0,193600	4,60167
0,202400	4,65052
0,211200	4,68960
0,220000	4,73845
0,228800	4,80684
0,237600	4,85569
0,246400	4,92408
0,255200	4,97293
0,264000	5,04132
0,272800	5,09017
0,281600	5,14879
0,290400	5,19764
0,299200	5,23672
0,308000	5,27580
0,316800	5,29534
0,325600	5,31488
0,334400	5,31488
0,343200	5,31488
0,352000	5,29534
0,360800	5,27580
0,369600	5,23672
0,378400	5,17810
0,387200	5,12925
0,396000	5,07063
0,404800	4,99247
0,413600	4,91431
0,422400	4,82638
0,431200	4,74822
0,440000	4,67006
0,448800	4,59190
0,457600	4,51374
0,466400	4,44535
0,475200	4,38673
0,484000	4,34765
0,492800	4,30857
0,501600	4,28903
0,510400	4,28903
0,519200	4,28903
0,528000	4,30857
0,536800	4,34765
0,545600	4,39650
0,554400	4,46489
0,563200	4,53328
0,572000	4,61144
0,580800	4,69937
0,589600	4,78730
0,598400	4,88500
0,607200	4,97293
0,616000	5,06086
0,624800	5,12925
0,633600	5,19764
0,642400	5,25626
0,651200	5,30511
0,660000	5,32465
0,668800	5,33442
0,677600	5,33442
0,686400	5,32465
0,695200	5,27580
0,704000	5,23672
0,712800	5,16833
0,721600	5,09994
0,730400	5,02178
0,739200	4,90454
0,748000	4,81661
0,756800	4,73845
0,765600	4,67006
0,774400	4,61144
0,783200	4,56259
0,792000	4,50397
0,800800	4,45512
0,809600	4,44535
0,818400	4,43558
0,827200	4,47466
0,836000	4,47466
0,844800	4,49420
0,853600	4,55282
0,862400	4,59190
0,871200	4,66029
0,880000	4,72868
0,888800	4,80684
0,897600	4,88500
0,906400	4,94362
0,915200	5,01201
0,924000	5,07063
0,932800	5,10971
0,941600	5,13902
0,950400	5,14879
0,959200	5,15856
0,968000	5,13902
0,976800	5,09994
0,985600	5,06086
0,994400	5,00224
1,00320	4,93385
1,01200	4,86546
1,02080	4,79707
1,02960	4,71891
1,03840	4,66029
1,04720	4,59190
1,05600	4,55282
1,06480	4,50397
1,07360	4,48443
1,08240	4,47466
1,09120	4,49420
1,10000	4,52351
1,10880	4,56259
1,11760	4,62121
1,12640	4,68960
1,13520	4,77753
1,14400	4,86546
1,15280	4,95339
1,16160	5,04132
1,17040	5,12925
1,17920	5,18787
1,18800	5,24649
1,19680	5,28557
1,20560	5,30511
1,21440	5,31488
1,22320	5,28557
1,23200	5,23672
1,24080	5,17810
1,24960	5,09994
1,25840	5,01201
1,26720	4,90454
1,27600	4,78730
1,28480	4,67006
1,29360	4,56259
1,30240	4,46489
1,31120	4,36719
1,32000	4,28903
1,32880	4,24018
1,33760	4,21087
1,34640	4,20110
1,35520	4,22064
1,36400	4,26949
1,37280	4,32811
1,38160	4,42581
1,39040	4,53328
1,39920	4,66029
1,40800	4,79707
1,41680	4,93385
1,42560	5,08040
1,43440	5,19764
1,44320	5,30511
1,45200	5,40281
1,46080	5,46143
1,46960	5,50051
1,47840	5,52005
1,48720	5,50051
1,49600	5,46143
1,50480	5,39304
1,51360	5,29534
1,52240	5,18787
1,53120	5,05109
1,54000	4,91431
1,54880	4,76776
1,55760	4,63098
1,56640	4,49420
1,57520	4,37696
1,58400	4,27926
1,59280	4,20110
1,60160	4,16202
1,61040	4,13271
1,61920	4,15225
1,62800	4,21087
1,63680	4,27926
1,64560	4,36719
1,65440	4,47466
1,66320	4,59190
1,67200	4,72868
1,68080	4,86546
1,68960	4,98270
1,69840	5,09994
1,70720	5,18787
1,71600	5,27580
1,72480	5,32465
1,73360	5,35396
1,74240	5,35396
1,75120	5,32465
1,76000	5,27580
1,76880	5,19764
1,77760	5,11948
1,78640	5,01201
1,79520	4,90454
1,80400	4,79707
1,81280	4,69937
1,82160	4,60167
1,83040	4,53328
1,83920	4,47466
1,84800	4,44535
1,85680	4,43558
1,86560	4,45512
1,87440	4,50397
1,88320	4,55282
1,89200	4,64075
1,90080	4,74822
1,90960	4,82638
1,91840	4,93385
1,92720	5,02178
1,93600	5,10971
1,94480	5,16833
1,95360	5,20741
1,96240	5,23672
1,97120	5,24649
1,98000	5,19764
1,98880	5,13902
1,99760	5,06086
2,00640	4,95339
2,01520	4,84592
2,02400	4,71891
2,03280	4,61144
2,04160	4,49420
2,05040	4,38673
2,05920	4,31834
2,06800	4,25972
2,07680	4,23041
2,08560	4,23041
2,09440	4,27926
2,10320	4,34765
2,11200	4,44535
2,12080	4,56259
2,12960	4,70914
2,13840	4,86546
2,14720	5,02178
2,15600	5,17810
2,16480	5,33442
2,17360	5,46143
2,18240	5,54936
2,19120	5,62752
2,20000	5,64706
2,20880	5,63729
2,21760	5,58844
2,22640	5,49074
2,23520	5,37350
2,24400	5,21718
2,25280	5,04132
2,26160	4,84592
2,27040	4,66029
2,27920	4,46489
2,28800	4,28903
2,29680	4,15225
2,30560	4,01547
2,31440	3,93731
2,32320	3,89823
2,33200	3,88846
2,34080	3,93731
2,34960	4,02524
2,35840	4,16202
2,36720	4,31834
2,37600	4,50397
2,38480	4,69937
2,39360	4,90454
2,40240	5,09994
2,41120	5,28557
2,42000	5,44189
2,42880	5,57867
2,43760	5,66660
2,44640	5,72522
2,45520	5,72522
2,46400	5,68614
2,47280	5,60798
2,48160	5,49074
2,49040	5,35396
2,49920	5,18787
2,50800	5,01201
2,51680	4,82638
2,52560	4,65052
2,53440	4,48443
2,54320	4,34765
2,55200	4,24018
2,56080	4,14248
2,56960	4,12294
2,57840	4,14248
2,58720	4,17179
2,59600	4,25972
2,60480	4,36719
2,61360	4,49420
2,62240	4,62121
2,63120	4,76776
2,64000	4,91431
2,64880	5,05109
2,65760	5,13902
2,66640	5,23672
2,67520	5,28557
2,68400	5,30511
2,69280	5,29534
2,70160	5,24649
2,71040	5,16833
2,71920	5,06086
2,72800	4,94362
2,73680	4,82638
2,74560	4,70914
2,75440	4,59190
2,76320	4,49420
2,77200	4,43558
2,78080	4,37696
2,78960	4,36719
2,79840	4,38673
2,80720	4,44535
2,81600	4,52351
2,82480	4,64075
2,83360	4,77753
2,84240	4,92408
2,85120	5,07063
2,86000	5,21718
2,86880	5,35396
2,87760	5,45166
2,88640	5,52982
2,89520	5,55913
2,90400	5,55913
2,91280	5,51028
2,92160	5,41258
2,93040	5,28557
2,93920	5,10971
2,94800	4,91431
2,95680	4,71891
2,96560	4,50397
2,97440	4,30857
2,98320	4,12294
2,99200	3,97639
3,00080	3,86892
3,00960	3,78099
3,01840	3,77122
3,02720	3,81030
3,03600	3,88846
3,04480	4,03501
3,05360	4,22064
3,06240	4,43558
3,07120	4,68960
3,08000	4,94362
3,08880	5,20741
3,09760	5,45166
3,10640	5,66660
3,11520	5,84246
3,12400	5,97924
3,13280	6,05740
3,14160	6,07694
3,15040	6,03786
3,15920	5,94993
3,16800	5,78384
3,17680	5,58844
3,18560	5,35396
3,19440	5,09017
3,20320	4,81661
3,21200	4,53328
3,22080	4,27926
3,22960	4,04478
3,23840	3,86892
3,24720	3,72237
3,25600	3,63444
3,26480	3,60513
3,27360	3,63444
3,28240	3,73214
3,29120	3,88846
3,30000	4,07409
3,30880	4,28903
3,31760	4,53328
3,32640	4,77753
3,33520	5,03155
3,34400	5,24649
3,35280	5,45166
3,36160	5,59821
3,37040	5,70568
3,37920	5,76430
3,38800	5,77407
3,39680	5,73499
3,40560	5,63729
3,41440	5,50051
3,42320	5,33442
3,43200	5,15856
3,44080	4,97293
3,44960	4,77753
3,45840	4,61144
3,46720	4,45512
3,47600	4,35742
3,48480	4,26949
3,49360	4,24018
3,50240	4,24995
3,51120	4,30857
3,52000	4,38673
3,52880	4,50397
3,53760	4,64075
3,54640	4,78730
3,55520	4,93385
3,56400	5,07063
3,57280	5,18787
3,58160	5,27580
3,59040	5,32465
3,59920	5,33442
3,60800	5,29534
3,61680	5,21718
3,62560	5,10971
3,63440	4,96316
3,64320	4,80684
3,65200	4,62121
3,66080	4,46489
3,66960	4,29880
3,67840	4,16202
3,68720	4,06432
3,69600	4,00570
3,70480	3,98616
3,71360	4,02524
3,72240	4,11317
3,73120	4,25972
3,74000	4,44535
3,74880	4,67983
3,75760	4,91431
3,76640	5,16833
3,77520	5,42235
3,78400	5,65683
3,79280	5,85223
3,80160	6,00855
3,81040	6,11602
3,81920	6,14533
3,82800	6,11602
3,83680	6,03786
3,84560	5,87177
3,85440	5,65683
3,86320	5,39304
3,87200	5,08040
3,88080	4,75799
3,88960	4,42581
3,89840	4,10340
3,90720	3,81030
3,91600	3,55628
3,92480	3,37065
3,93360	3,23387
3,94240	3,19479
3,95120	3,22410
3,96000	3,33157
3,96880	3,50743
3,97760	3,76145
3,98640	4,06432
3,99520	4,39650
4,00400	4,75799
4,01280	5,10971
4,02160	5,47120
4,03040	5,77407
4,03920	6,04763
4,04800	6,25280
4,05680	6,38958
4,06560	6,45797
4,07440	6,44820
4,08320	6,35050
4,09200	6,18441
4,10080	5,96947
4,10960	5,70568
4,11840	5,39304
4,12720	5,08040
4,13600	4,73845
4,14480	4,42581
4,15360	4,14248
4,16240	3,90800
4,17120	3,72237
4,18000	3,59536
4,18880	3,54651
4,19760	3,56605
4,20640	3,64421
4,21520	3,79076
4,22400	3,96662
4,23280	4,19133
4,24160	4,42581
4,25040	4,67006
4,25920	4,91431
4,26800	5,11948
4,27680	5,30511
4,28560	5,45166
4,29440	5,54936
4,30320	5,59821
4,31200	5,58844
4,32080	5,52982
4,32960	5,43212
4,33840	5,29534
4,34720	5,13902
4,35600	4,96316
4,36480	4,78730
4,37360	4,63098
4,38240	4,49420
4,39120	4,39650
4,40000	4,34765
4,40880	4,33788
4,41760	4,35742
4,42640	4,43558
4,43520	4,57236
4,44400	4,72868
4,45280	4,90454
4,46160	5,09017
4,47040	5,27580
4,47920	5,44189
4,48800	5,57867
4,49680	5,67637
4,50560	5,72522
4,51440	5,71545
4,52320	5,64706
4,53200	5,52005
4,54080	5,34419
4,54960	5,11948
4,55840	4,86546
4,56720	4,58213
4,57600	4,29880
4,58480	4,02524
4,59360	3,78099
4,60240	3,55628
4,61120	3,40973
4,62000	3,31203
4,62880	3,29249
4,63760	3,36088
4,64640	3,48789
4,65520	3,69306
4,66400	3,97639
4,67280	4,29880
4,68160	4,66029
4,69040	5,06086
4,69920	5,44189
4,70800	5,81315
4,71680	6,13556
4,72560	6,41889
4,73440	6,63383
4,74320	6,75107
4,75200	6,79015
4,76080	6,76084
4,76960	6,60452
4,77840	6,38958
4,78720	6,09648
4,79600	5,73499
4,80480	5,33442
4,81360	4,90454
4,82240	4,46489
4,83120	4,04478
4,84000	3,66375
4,84880	3,33157
4,85760	3,06778
4,86640	2,88215
4,87520	2,80399
4,88400	2,81376
4,89280	2,89192
4,90160	3,09709
4,91040	3,34134
4,91920	3,66375
4,92800	4,03501
4,93680	4,42581
4,94560	4,83615
4,95440	5,23672
4,96320	5,59821
4,97200	5,90108
4,98080	6,15510
4,98960	6,35050
4,99840	6,42866
5,00720	6,46774
5,01600	6,40912
5,02480	6,29188
5,03360	6,10625
5,04240	5,87177
5,05120	5,59821
5,06000	5,29534
5,06880	5,00224
5,07760	4,70914
5,08640	4,44535
5,09520	4,22064
5,10400	4,04478
5,11280	3,92754
5,12160	3,86892
5,13040	3,86892
5,13920	3,91777
5,14800	4,02524
5,15680	4,18156
5,16560	4,35742
5,17440	4,54305
5,18320	4,73845
5,19200	4,92408
5,20080	5,08040
5,20960	5,20741
5,21840	5,28557
5,22720	5,32465
5,23600	5,31488
5,24480	5,25626
5,25360	5,14879
5,26240	5,01201
5,27120	4,84592
5,28000	4,67006
5,28880	4,48443
5,29760	4,32811
5,30640	4,18156
5,31520	4,09363
5,32400	4,01547
5,33280	4,00570
5,34160	4,05455
5,35040	4,16202
5,35920	4,32811
5,36800	4,52351
5,37680	4,77753
5,38560	5,04132
5,39440	5,31488
5,40320	5,59821
5,41200	5,85223
5,42080	6,06717
5,42960	6,23326
5,43840	6,35050
5,44720	6,38958
5,45600	6,36027
5,46480	6,24303
5,47360	6,05740
5,48240	5,81315
5,49120	5,50051
5,50000	5,12925
5,50880	4,74822
5,51760	4,34765
5,52640	3,96662
5,53520	3,58559
5,54400	3,26318
5,55280	3,00916
5,56160	2,82353
5,57040	2,71606
5,57920	2,71606
5,58800	2,80399
5,59680	2,96031
5,60560	3,23387
5,61440	3,54651
5,62320	3,93731
5,63200	4,37696
5,64080	4,83615
5,64960	5,29534
5,65840	5,72522
5,66720	6,12579
5,67600	6,47751
5,68480	6,74130
5,69360	6,93670
5,70240	7,03440
5,71120	7,04417
5,72000	6,95624
5,72880	6,78038
5,73760	6,51659
5,74640	6,19418
5,75520	5,81315
5,76400	5,39304
5,77280	4,97293
5,78160	4,54305
5,79040	4,14248
5,79920	3,78099
5,80800	3,47812
5,81680	3,22410
5,82560	3,05801
5,83440	2,97008
5,84320	2,98962
5,85200	3,05801
5,86080	3,22410
5,86960	3,43904
5,87840	3,70283
5,88720	4,01547
5,89600	4,32811
5,90480	4,66029
5,91360	4,97293
5,92240	5,26603
5,93120	5,51028
5,94000	5,71545
5,94880	5,86200
5,95760	5,94016
5,96640	5,95970
5,97520	5,93039
5,98400	5,84246
5,99280	5,70568
6,00160	5,52982
6,01040	5,33442
6,01920	5,12925
6,02800	4,92408
6,03680	4,73845
6,04560	4,56259
6,05440	4,43558
6,06320	4,34765
6,07200	4,29880
6,08080	4,30857
6,08960	4,35742
6,09840	4,44535
6,10720	4,56259
6,11600	4,70914
6,12480	4,87523
6,13360	5,04132
6,14240	5,19764
6,15120	5,33442
6,16000	5,43212
6,16880	5,50051
6,17760	5,52982
6,18640	5,51028
6,19520	5,43212
6,20400	5,30511
6,21280	5,14879
6,22160	4,94362
6,23040	4,71891
6,23920	4,47466
6,24800	4,24018
6,25680	4,01547
6,26560	3,81030
6,27440	3,64421
6,28320	3,51720
6,29200	3,45858
6,30080	3,45858
6,30960	3,51720
6,31840	3,64421
6,32720	3,82007
6,33600	4,07409
6,34480	4,36719
6,35360	4,69937
6,36240	5,05109
6,37120	5,39304
6,38000	5,73499
6,38880	6,03786
6,39760	6,31142
6,40640	6,50682
6,41520	6,67291
6,42400	6,75107
6,43280	6,73153
6,44160	6,66314
6,45040	6,50682
6,45920	6,27234
6,46800	5,97924
6,47680	5,63729
6,48560	5,25626
6,49440	4,84592
6,50320	4,44535
6,51200	4,05455
6,52080	3,68329
6,52960	3,36088
6,53840	3,09709
6,54720	2,90169
6,55600	2,77468
6,56480	2,73560
6,57360	2,79422
6,58240	2,92123
6,59120	3,11663
6,60000	3,38042
6,60880	3,70283
6,61760	4,06432
6,62640	4,44535
6,63520	4,83615
6,64400	5,21718
6,65280	5,57867
6,66160	5,90108
6,67040	6,16487
6,67920	6,37981
6,68800	6,51659
6,69680	6,59475
6,70560	6,59475
6,71440	6,51659
6,72320	6,38958
6,73200	6,18441
6,74080	5,94993
6,74960	5,67637
6,75840	5,37350
6,76720	5,07063
6,77600	4,75799
6,78480	4,46489
6,79360	4,21087
6,80240	3,99593
6,81120	3,82984
6,82000	3,72237
6,82880	3,66375
6,83760	3,67352
6,84640	3,72237
6,85520	3,82007
6,86400	3,96662
6,87280	4,13271
6,88160	4,32811
6,89040	4,52351
6,89920	4,72868
6,90800	4,92408
6,91680	5,09017
6,92560	5,22695
6,93440	5,33442
6,94320	5,40281
6,95200	5,43212
6,96080	5,41258
6,96960	5,35396
6,97840	5,26603
6,98720	5,14879
6,99600	5,02178
7,00480	4,86546
7,01360	4,71891
7,02240	4,58213
7,03120	4,46489
7,04000	4,35742
7,04880	4,28903
7,05760	4,25972
7,06640	4,26949
7,07520	4,30857
7,08400	4,39650
7,09280	4,51374
7,10160	4,67006
7,11040	4,84592
7,11920	5,03155
7,12800	5,21718
7,13680	5,40281
7,14560	5,56890
7,15440	5,70568
7,16320	5,82292
7,17200	5,88154
7,18080	5,90108
7,18960	5,87177
7,19840	5,80338
7,20720	5,67637
7,21600	5,51028
7,22480	5,29534
7,23360	5,06086
7,24240	4,80684
7,25120	4,54305
7,26000	4,26949
7,26880	4,01547
7,27760	3,78099
7,28640	3,59536
7,29520	3,42927
7,30400	3,33157
7,31280	3,29249
7,32160	3,30226
7,33040	3,38042
7,33920	3,50743
7,34800	3,70283
7,35680	3,93731
7,36560	4,21087
7,37440	4,50397
7,38320	4,81661
7,39200	5,13902
7,40080	5,45166
7,40960	5,74476
7,41840	5,98901
7,42720	6,20395
7,43600	6,37004
7,44480	6,47751
7,45360	6,52636
7,46240	6,50682
7,47120	6,42866
7,48000	6,29188
7,48880	6,09648
7,49760	5,87177
7,50640	5,58844
7,51520	5,30511
7,52400	4,99247
7,53280	4,68960
7,54160	4,37696
7,55040	4,10340
7,55920	3,85915
7,56800	3,63444
7,57680	3,47812
7,58560	3,38042
7,59440	3,33157
7,60320	3,32180
7,61200	3,39996
7,62080	3,50743
7,62960	3,66375
7,63840	3,85915
7,64720	4,08386
7,65600	4,32811
7,66480	4,59190
7,67360	4,83615
7,68240	5,09017
7,69120	5,30511
7,70000	5,50051
7,70880	5,65683
7,71760	5,78384
7,72640	5,87177
7,73520	5,93039
7,74400	5,90108
7,75280	5,86200
7,76160	5,77407
7,77040	5,64706
7,77920	5,48097
7,78800	5,28557
7,79680	5,11948
7,80560	4,93385
7,81440	4,77753
7,82320	4,65052
7,83200	4,50397
7,84080	4,39650
7,84960	4,34765
7,85840	4,28903
7,86720	4,26949
7,87600	4,29880
7,88480	4,30857
7,89360	4,40627
7,90240	4,51374
7,91120	4,62121
7,92000	4,75799
7,92880	4,89477
7,93760	5,02178
7,94640	5,11948
7,95520	5,22695
7,96400	5,31488
7,97280	5,38327
7,98160	5,43212
7,99040	5,37350
7,99920	5,32465
8,00800	5,22695
8,01680	5,18787
8,02560	5,05109
8,03440	4,92408
8,04320	4,73845
8,05200	4,59190
8,06080	4,43558
8,06960	4,32811
8,07840	4,20110
8,08720	4,11317
8,09600	4,06432
8,10480	4,07409
8,11360	4,05455
8,12240	4,09363
8,13120	4,17179
8,14000	4,27926
8,14880	4,41604
8,15760	4,58213
8,16640	4,76776
8,17520	4,95339
8,18400	5,14879
8,19280	5,34419
8,20160	5,51028
8,21040	5,66660
8,21920	5,80338
8,22800	5,89131
8,23680	5,94993
8,24560	5,96947
8,25440	5,94993
8,26320	5,88154
8,27200	5,79361
8,28080	5,65683
8,28960	5,48097
8,29840	5,29534
8,30720	5,08040
8,31600	4,84592
8,32480	4,61144
8,33360	4,37696
8,34240	4,18156
8,35120	3,99593
8,36000	3,82007
8,36880	3,69306
8,37760	3,60513
8,38640	3,56605
8,39520	3,54651
8,40400	3,58559
8,41280	3,67352
8,42160	3,79076
8,43040	3,92754
8,43920	4,12294
8,44800	4,32811
8,45680	4,55282
8,46560	4,77753
8,47440	5,01201
8,48320	5,22695
8,49200	5,44189
8,50080	5,61775
8,50960	5,76430
8,51840	5,88154
8,52720	5,94993
8,53600	5,99878
8,54480	5,99878
8,55360	5,96947
8,56240	5,89131
8,57120	5,77407
8,58000	5,64706
8,58880	5,48097
8,59760	5,29534
8,60640	5,10971
8,61520	4,91431
8,62400	4,72868
8,63280	4,54305
8,64160	4,38673
8,65040	4,24018
8,65920	4,12294
8,66800	4,03501
8,67680	3,97639
8,68560	3,95685
8,69440	3,97639
8,70320	4,01547
8,71200	4,08386
8,72080	4,18156
8,72960	4,29880
8,73840	4,42581
8,74720	4,56259
8,75600	4,69937
8,76480	4,83615
8,77360	4,98270
8,78240	5,09994
8,79120	5,19764
8,80000	5,27580
8,80880	5,33442
8,81760	5,37350
8,82640	5,38327
8,83520	5,36373
8,84400	5,32465
8,85280	5,26603
8,86160	5,18787
8,87040	5,09994
8,87920	5,00224
8,88800	4,89477
8,89680	4,78730
8,90560	4,68960
8,91440	4,60167
8,92320	4,52351
8,93200	4,46489
8,94080	4,42581
8,94960	4,40627
8,95840	4,41604
8,96720	4,43558
