Position [V]	Intensität [Skt]
0,00000	7,46428
0,00880000	7,45451
0,0176000	7,45451
0,0264000	7,44474
0,0352000	7,43497
0,0440000	7,45451
0,0528000	7,46428
0,0616000	7,47405
0,0704000	7,46428
0,0792000	7,47405
0,0880000	7,48382
0,0968000	7,48382
0,105600	7,49359
0,114400	7,49359
0,123200	7,47405
0,132000	7,47405
0,140800	7,47405
0,149600	7,47405
0,158400	7,46428
0,167200	7,47405
0,176000	7,48382
0,184800	7,48382
0,193600	7,48382
0,202400	7,47405
0,211200	7,47405
0,220000	7,47405
0,228800	7,47405
0,237600	7,48382
0,246400	7,48382
0,255200	7,47405
0,264000	7,48382
0,272800	7,47405
0,281600	7,47405
0,290400	7,47405
0,299200	7,47405
0,308000	7,47405
0,316800	7,48382
0,325600	7,50336
0,334400	7,51313
0,343200	7,52290
0,352000	7,51313
0,360800	7,51313
0,369600	7,51313
0,378400	7,51313
0,387200	7,50336
0,396000	7,51313
0,404800	7,50336
0,413600	7,49359
0,422400	7,49359
0,431200	7,50336
0,440000	7,49359
0,448800	7,49359
0,457600	7,49359
0,466400	7,49359
0,475200	7,48382
0,484000	7,48382
0,492800	7,46428
0,501600	7,46428
0,510400	7,47405
0,519200	7,48382
0,528000	7,47405
0,536800	7,47405
0,545600	7,47405
0,554400	7,46428
0,563200	7,46428
0,572000	7,46428
0,580800	7,47405
0,589600	7,46428
0,598400	7,45451
0,607200	7,45451
0,616000	7,44474
0,624800	7,43497
0,633600	7,44474
0,642400	7,44474
0,651200	7,44474
0,660000	7,43497
0,668800	7,43497
0,677600	7,42520
0,686400	7,42520
0,695200	7,43497
0,704000	7,42520
0,712800	7,41543
0,721600	7,42520
0,730400	7,41543
0,739200	7,41543
0,748000	7,41543
0,756800	7,40566
0,765600	7,39589
0,774400	7,39589
0,783200	7,38612
0,792000	7,38612
0,800800	7,38612
0,809600	7,38612
0,818400	7,39589
0,827200	7,38612
0,836000	7,38612
0,844800	7,37635
0,853600	7,37635
0,862400	7,37635
0,871200	7,38612
0,880000	7,38612
0,888800	7,37635
0,897600	7,37635
0,906400	7,36658
0,915200	7,36658
0,924000	7,36658
0,932800	7,36658
0,941600	7,36658
0,950400	7,36658
0,959200	7,36658
0,968000	7,36658
0,976800	7,36658
0,985600	7,36658
0,994400	7,36658
1,00320	7,35681
1,01200	7,36658
1,02080	7,36658
1,02960	7,36658
1,03840	7,36658
1,04720	7,35681
1,05600	7,36658
1,06480	7,37635
1,07360	7,37635
1,08240	7,37635
1,09120	7,38612
1,10000	7,39589
1,10880	7,40566
1,11760	7,38612
1,12640	7,38612
1,13520	7,38612
1,14400	7,38612
1,15280	7,38612
1,16160	7,39589
1,17040	7,39589
1,17920	7,40566
1,18800	7,39589
1,19680	7,39589
1,20560	7,39589
1,21440	7,39589
1,22320	7,40566
1,23200	7,42520
1,24080	7,42520
1,24960	7,41543
1,25840	7,41543
1,26720	7,40566
1,27600	7,42520
1,28480	7,42520
1,29360	7,41543
1,30240	7,42520
1,31120	7,42520
1,32000	7,42520
1,32880	7,43497
1,33760	7,43497
1,34640	7,43497
1,35520	7,44474
1,36400	7,43497
1,37280	7,44474
1,38160	7,44474
1,39040	7,43497
1,39920	7,42520
1,40800	7,43497
1,41680	7,43497
1,42560	7,42520
1,43440	7,42520
1,44320	7,42520
1,45200	7,41543
1,46080	7,41543
1,46960	7,42520
1,47840	7,41543
1,48720	7,41543
1,49600	7,41543
1,50480	7,41543
1,51360	7,41543
1,52240	7,41543
1,53120	7,41543
1,54000	7,41543
1,54880	7,41543
1,55760	7,41543
1,56640	7,40566
1,57520	7,41543
1,58400	7,41543
1,59280	7,42520
1,60160	7,42520
1,61040	7,43497
1,61920	7,44474
1,62800	7,42520
1,63680	7,43497
1,64560	7,42520
1,65440	7,41543
1,66320	7,41543
1,67200	7,41543
1,68080	7,41543
1,68960	7,40566
1,69840	7,40566
1,70720	7,41543
1,71600	7,40566
1,72480	7,41543
1,73360	7,40566
1,74240	7,41543
1,75120	7,40566
1,76000	7,41543
1,76880	7,41543
1,77760	7,41543
1,78640	7,40566
1,79520	7,40566
1,80400	7,40566
1,81280	7,39589
1,82160	7,39589
1,83040	7,38612
1,83920	7,37635
1,84800	7,37635
1,85680	7,37635
1,86560	7,37635
1,87440	7,36658
1,88320	7,36658
1,89200	7,36658
1,90080	7,35681
1,90960	7,34704
1,91840	7,34704
1,92720	7,36658
1,93600	7,35681
1,94480	7,35681
1,95360	7,34704
1,96240	7,33727
1,97120	7,33727
1,98000	7,32750
1,98880	7,32750
1,99760	7,32750
2,00640	7,31773
2,01520	7,31773
2,02400	7,32750
2,03280	7,31773
2,04160	7,31773
2,05040	7,31773
2,05920	7,31773
2,06800	7,30796
2,07680	7,30796
2,08560	7,30796
2,09440	7,30796
2,10320	7,31773
2,11200	7,30796
2,12080	7,30796
2,12960	7,30796
2,13840	7,31773
2,14720	7,30796
2,15600	7,30796
2,16480	7,29819
2,17360	7,30796
2,18240	7,31773
2,19120	7,32750
2,20000	7,32750
2,20880	7,32750
2,21760	7,32750
2,22640	7,33727
2,23520	7,34704
2,24400	7,35681
2,25280	7,34704
2,26160	7,35681
2,27040	7,36658
2,27920	7,38612
2,28800	7,38612
2,29680	7,38612
2,30560	7,38612
2,31440	7,37635
2,32320	7,37635
2,33200	7,38612
2,34080	7,39589
2,34960	7,41543
2,35840	7,42520
2,36720	7,42520
2,37600	7,42520
2,38480	7,43497
2,39360	7,43497
2,40240	7,42520
2,41120	7,42520
2,42000	7,43497
2,42880	7,44474
2,43760	7,45451
2,44640	7,46428
2,45520	7,46428
2,46400	7,46428
2,47280	7,46428
2,48160	7,46428
2,49040	7,46428
2,49920	7,47405
2,50800	7,48382
2,51680	7,49359
2,52560	7,50336
2,53440	7,50336
2,54320	7,49359
2,55200	7,49359
2,56080	7,49359
2,56960	7,49359
2,57840	7,49359
2,58720	7,49359
2,59600	7,48382
2,60480	7,49359
2,61360	7,51313
2,62240	7,50336
2,63120	7,51313
2,64000	7,51313
2,64880	7,50336
2,65760	7,49359
2,66640	7,50336
2,67520	7,49359
2,68400	7,49359
2,69280	7,50336
2,70160	7,49359
2,71040	7,48382
2,71920	7,47405
2,72800	7,46428
2,73680	7,46428
2,74560	7,45451
2,75440	7,44474
2,76320	7,44474
2,77200	7,43497
2,78080	7,42520
2,78960	7,42520
2,79840	7,42520
2,80720	7,42520
2,81600	7,42520
2,82480	7,41543
2,83360	7,40566
2,84240	7,38612
2,85120	7,37635
2,86000	7,35681
2,86880	7,34704
2,87760	7,33727
2,88640	7,32750
2,89520	7,31773
2,90400	7,30796
2,91280	7,29819
2,92160	7,27865
2,93040	7,28842
2,93920	7,24934
2,94800	7,23957
2,95680	7,22980
2,96560	7,22003
2,97440	7,21026
2,98320	7,19072
2,99200	7,18095
3,00080	7,18095
3,00960	7,16141
3,01840	7,16141
3,02720	7,15164
3,03600	7,14187
3,04480	7,13210
3,05360	7,13210
3,06240	7,12233
3,07120	7,11256
3,08000	7,10279
3,08880	7,10279
3,09760	7,10279
3,10640	7,09302
3,11520	7,10279
3,12400	7,10279
3,13280	7,11256
3,14160	7,10279
3,15040	7,10279
3,15920	7,12233
3,16800	7,12233
3,17680	7,13210
3,18560	7,14187
3,19440	7,15164
3,20320	7,17118
3,21200	7,19072
3,22080	7,22003
3,22960	7,22980
3,23840	7,25911
3,24720	7,27865
3,25600	7,30796
3,26480	7,33727
3,27360	7,36658
3,28240	7,38612
3,29120	7,41543
3,30000	7,44474
3,30880	7,47405
3,31760	7,51313
3,32640	7,55221
3,33520	7,59129
3,34400	7,62060
3,35280	7,65968
3,36160	7,69876
3,37040	7,72807
3,37920	7,75738
3,38800	7,79646
3,39680	7,83554
3,40560	7,88439
3,41440	7,91370
3,42320	7,94301
3,43200	7,96255
3,44080	7,99186
3,44960	8,01140
3,45840	8,05048
3,46720	8,08956
3,47600	8,09933
3,48480	8,10910
3,49360	8,11887
3,50240	8,11887
3,51120	8,11887
3,52000	8,11887
3,52880	8,10910
3,53760	8,10910
3,54640	8,10910
3,55520	8,08956
3,56400	8,07979
3,57280	8,06025
3,58160	8,03094
3,59040	7,93324
3,59920	7,84531
3,60800	7,77692
3,61680	7,71830
3,62560	7,65968
3,63440	7,58152
3,64320	7,50336
3,65200	7,41543
3,66080	7,33727
3,66960	7,24934
3,67840	7,15164
3,68720	7,05394
3,69600	6,95624
3,70480	6,85854
3,71360	6,76084
3,72240	6,63383
3,73120	6,51659
3,74000	6,39935
3,74880	6,28211
3,75760	6,17464
3,76640	6,06717
3,77520	5,95970
3,78400	5,86200
3,79280	5,75453
3,80160	5,66660
3,81040	5,59821
3,81920	5,52982
3,82800	5,48097
3,83680	5,44189
3,84560	5,42235
3,85440	5,43212
3,86320	5,44189
3,87200	5,47120
3,88080	5,52982
3,88960	5,57867
3,89840	5,66660
3,90720	5,78384
3,91600	5,90108
3,92480	6,04763
3,93360	6,20395
3,94240	6,38958
3,95120	6,58498
3,96000	6,79015
3,96880	7,00509
3,97760	7,23957
3,98640	7,47405
3,99520	7,71830
4,00400	7,94301
4,01280	8,17749
4,02160	8,40220
4,03040	8,62691
4,03920	8,83208
4,04800	9,01771
4,05680	9,21311
4,06560	9,39874
4,07440	9,53552
4,08320	9,64299
4,09200	9,70161
4,10080	9,74069
4,10960	9,76023
4,11840	9,73092
4,12720	9,65276
4,13600	9,58437
4,14480	9,46713
4,15360	9,31081
4,16240	9,14472
4,17120	8,98840
4,18000	8,80277
4,18880	8,59760
4,19760	8,39243
4,20640	8,18726
4,21520	7,97232
4,22400	7,76715
4,23280	7,55221
4,24160	7,34704
4,25040	7,14187
4,25920	6,96601
4,26800	6,79015
4,27680	6,64360
4,28560	6,49705
4,29440	6,36027
4,30320	6,25280
4,31200	6,17464
4,32080	6,06717
4,32960	6,00855
4,33840	5,94993
4,34720	5,91085
4,35600	5,88154
4,36480	5,85223
4,37360	5,86200
4,38240	5,87177
4,39120	5,89131
4,40000	5,92062
4,40880	5,95970
4,41760	6,00855
4,42640	6,04763
4,43520	6,11602
4,44400	6,17464
4,45280	6,23326
4,46160	6,30165
4,47040	6,37004
4,47920	6,44820
4,48800	6,52636
4,49680	6,59475
4,50560	6,67291
4,51440	6,74130
4,52320	6,81946
4,53200	6,87808
4,54080	6,95624
4,54960	7,01486
4,55840	7,07348
4,56720	7,13210
4,57600	7,20049
4,58480	7,25911
4,59360	7,29819
4,60240	7,32750
4,61120	7,38612
4,62000	7,43497
4,62880	7,47405
4,63760	7,51313
4,64640	7,54244
4,65520	7,57175
4,66400	7,60106
4,67280	7,63037
4,68160	7,64014
4,69040	7,65968
4,69920	7,67922
4,70800	7,69876
4,71680	7,69876
4,72560	7,68899
4,73440	7,69876
4,74320	7,70853
4,75200	7,69876
4,76080	7,68899
4,76960	7,67922
4,77840	7,67922
4,78720	7,67922
4,79600	7,65968
4,80480	7,65968
4,81360	7,64014
4,82240	7,63037
4,83120	7,62060
4,84000	7,59129
4,84880	7,54244
4,85760	7,52290
4,86640	7,52290
4,87520	7,50336
4,88400	7,49359
4,89280	7,46428
4,90160	7,43497
4,91040	7,40566
4,91920	7,38612
4,92800	7,35681
4,93680	7,34704
4,94560	7,31773
4,95440	7,30796
4,96320	7,27865
4,97200	7,27865
4,98080	7,26888
4,98960	7,24934
4,99840	7,24934
5,00720	7,22980
5,01600	7,21026
5,02480	7,18095
5,03360	7,16141
5,04240	7,14187
5,05120	7,13210
5,06000	7,12233
5,06880	7,11256
5,07760	7,10279
5,08640	7,09302
5,09520	7,08325
5,10400	7,07348
5,11280	7,07348
5,12160	7,05394
5,13040	7,04417
5,13920	7,02463
5,14800	7,02463
5,15680	7,01486
5,16560	7,02463
5,17440	7,01486
5,18320	7,02463
5,19200	7,02463
5,20080	7,02463
5,20960	7,02463
5,21840	7,02463
5,22720	7,02463
5,23600	7,02463
5,24480	7,02463
5,25360	7,01486
5,26240	7,01486
5,27120	7,02463
5,28000	7,02463
5,28880	7,03440
5,29760	7,03440
5,30640	7,03440
5,31520	7,04417
5,32400	7,04417
5,33280	7,05394
5,34160	7,06371
5,35040	7,07348
5,35920	7,07348
5,36800	7,08325
5,37680	7,09302
5,38560	7,10279
5,39440	7,11256
5,40320	7,12233
5,41200	7,13210
5,42080	7,13210
5,42960	7,14187
5,43840	7,15164
5,44720	7,17118
5,45600	7,18095
5,46480	7,18095
5,47360	7,17118
5,48240	7,16141
5,49120	7,17118
5,50000	7,17118
5,50880	7,18095
5,51760	7,18095
5,52640	7,19072
5,53520	7,19072
5,54400	7,20049
5,55280	7,20049
5,56160	7,20049
5,57040	7,20049
5,57920	7,20049
5,58800	7,21026
5,59680	7,21026
5,60560	7,21026
5,61440	7,21026
5,62320	7,21026
5,63200	7,22003
5,64080	7,22980
5,64960	7,22980
5,65840	7,23957
5,66720	7,23957
5,67600	7,23957
5,68480	7,24934
5,69360	7,24934
5,70240	7,23957
5,71120	7,25911
5,72000	7,25911
5,72880	7,25911
5,73760	7,25911
5,74640	7,23957
5,75520	7,23957
5,76400	7,24934
5,77280	7,25911
5,78160	7,25911
5,79040	7,25911
5,79920	7,23957
5,80800	7,22980
5,81680	7,22980
5,82560	7,22980
5,83440	7,23957
5,84320	7,23957
5,85200	7,24934
5,86080	7,22980
5,86960	7,24934
5,87840	7,25911
5,88720	7,25911
5,89600	7,27865
5,90480	7,27865
5,91360	7,27865
5,92240	7,26888
5,93120	7,26888
5,94000	7,27865
5,94880	7,26888
5,95760	7,24934
5,96640	7,22980
5,97520	7,22980
5,98400	7,24934
5,99280	7,24934
6,00160	7,22980
6,01040	7,24934
6,01920	7,22003
6,02800	7,22003
6,03680	7,22003
6,04560	7,21026
6,05440	7,21026
6,06320	7,20049
6,07200	7,20049
6,08080	7,20049
6,08960	7,19072
6,09840	7,19072
6,10720	7,18095
6,11600	7,17118
6,12480	7,17118
6,13360	7,17118
6,14240	7,17118
6,15120	7,16141
6,16000	7,17118
6,16880	7,17118
6,17760	7,16141
6,18640	7,15164
6,19520	7,14187
6,20400	7,14187
6,21280	7,15164
6,22160	7,16141
6,23040	7,16141
6,23920	7,15164
6,24800	7,14187
6,25680	7,12233
6,26560	7,12233
6,27440	7,12233
6,28320	7,12233
6,29200	7,12233
6,30080	7,12233
6,30960	7,12233
6,31840	7,13210
6,32720	7,15164
6,33600	7,15164
6,34480	7,15164
6,35360	7,15164
6,36240	7,15164
6,37120	7,15164
6,38000	7,15164
6,38880	7,15164
6,39760	7,17118
6,40640	7,18095
6,41520	7,18095
6,42400	7,19072
6,43280	7,18095
6,44160	7,17118
6,45040	7,15164
6,45920	7,16141
6,46800	7,18095
6,47680	7,19072
6,48560	7,18095
6,49440	7,19072
6,50320	7,18095
6,51200	7,18095
6,52080	7,19072
6,52960	7,20049
6,53840	7,19072
6,54720	7,18095
6,55600	7,18095
6,56480	7,17118
6,57360	7,18095
6,58240	7,18095
6,59120	7,17118
6,60000	7,15164
6,60880	7,15164
6,61760	7,18095
6,62640	7,20049
6,63520	7,20049
6,64400	7,22003
6,65280	7,23957
6,66160	7,25911
6,67040	7,26888
6,67920	7,26888
6,68800	7,28842
6,69680	7,25911
6,70560	7,25911
6,71440	7,25911
6,72320	7,24934
6,73200	7,24934
6,74080	7,25911
6,74960	7,25911
6,75840	7,25911
6,76720	7,25911
6,77600	7,25911
6,78480	7,25911
6,79360	7,26888
6,80240	7,25911
6,81120	7,24934
6,82000	7,25911
6,82880	7,25911
6,83760	7,24934
6,84640	7,24934
6,85520	7,24934
6,86400	7,24934
6,87280	7,24934
6,88160	7,24934
6,89040	7,23957
6,89920	7,24934
6,90800	7,24934
6,91680	7,22980
6,92560	7,22980
6,93440	7,23957
6,94320	7,25911
6,95200	7,25911
6,96080	7,24934
6,96960	7,26888
6,97840	7,26888
6,98720	7,26888
6,99600	7,26888
7,00480	7,25911
7,01360	7,25911
7,02240	7,25911
7,03120	7,25911
7,04000	7,24934
7,04880	7,24934
7,05760	7,23957
7,06640	7,22980
7,07520	7,22980
7,08400	7,22980
7,09280	7,22003
7,10160	7,22003
7,11040	7,22003
7,11920	7,22003
7,12800	7,21026
7,13680	7,21026
7,14560	7,19072
7,15440	7,18095
7,16320	7,19072
7,17200	7,20049
7,18080	7,21026
7,18960	7,21026
7,19840	7,20049
7,20720	7,20049
7,21600	7,19072
7,22480	7,18095
7,23360	7,18095
7,24240	7,16141
7,25120	7,15164
7,26000	7,15164
7,26880	7,14187
7,27760	7,14187
7,28640	7,14187
7,29520	7,16141
7,30400	7,14187
7,31280	7,13210
7,32160	7,13210
7,33040	7,12233
7,33920	7,12233
7,34800	7,10279
7,35680	7,09302
7,36560	7,08325
7,37440	7,08325
7,38320	7,09302
7,39200	7,08325
7,40080	7,07348
7,40960	7,08325
7,41840	7,09302
7,42720	7,07348
7,43600	7,06371
7,44480	7,06371
7,45360	7,06371
7,46240	7,06371
7,47120	7,06371
7,48000	7,06371
7,48880	7,06371
7,49760	7,06371
7,50640	7,07348
7,51520	7,06371
7,52400	7,06371
7,53280	7,07348
7,54160	7,07348
7,55040	7,07348
7,55920	7,08325
7,56800	7,08325
7,57680	7,07348
7,58560	7,07348
7,59440	7,07348
7,60320	7,07348
7,61200	7,08325
7,62080	7,08325
7,62960	7,08325
7,63840	7,07348
7,64720	7,07348
7,65600	7,07348
7,66480	7,08325
7,67360	7,09302
7,68240	7,09302
7,69120	7,09302
7,70000	7,10279
7,70880	7,11256
7,71760	7,13210
7,72640	7,13210
7,73520	7,14187
7,74400	7,13210
7,75280	7,14187
7,76160	7,14187
7,77040	7,14187
7,77920	7,14187
7,78800	7,14187
7,79680	7,14187
7,80560	7,13210
7,81440	7,14187
7,82320	7,13210
7,83200	7,12233
7,84080	7,12233
7,84960	7,12233
7,85840	7,12233
7,86720	7,13210
7,87600	7,13210
7,88480	7,15164
7,89360	7,15164
7,90240	7,16141
7,91120	7,16141
7,92000	7,17118
7,92880	7,16141
7,93760	7,16141
7,94640	7,17118
7,95520	7,17118
7,96400	7,16141
7,97280	7,16141
7,98160	7,17118
7,99040	7,17118
7,99920	7,17118
8,00800	7,17118
8,01680	7,17118
8,02560	7,17118
8,03440	7,17118
8,04320	7,16141
8,05200	7,16141
8,06080	7,16141
8,06960	7,15164
8,07840	7,15164
8,08720	7,16141
8,09600	7,14187
8,10480	7,15164
8,11360	7,15164
8,12240	7,15164
8,13120	7,14187
8,14000	7,14187
8,14880	7,14187
8,15760	7,15164
8,16640	7,12233
8,17520	7,12233
8,18400	7,11256
8,19280	7,11256
8,20160	7,11256
8,21040	7,10279
8,21920	7,10279
8,22800	7,10279
8,23680	7,09302
8,24560	7,09302
8,25440	7,09302
8,26320	7,09302
8,27200	7,08325
8,28080	7,08325
8,28960	7,09302
8,29840	7,11256
8,30720	7,11256
8,31600	7,13210
8,32480	7,12233
8,33360	7,11256
8,34240	7,11256
8,35120	7,11256
8,36000	7,11256
8,36880	7,11256
8,37760	7,11256
8,38640	7,11256
8,39520	7,10279
8,40400	7,10279
8,41280	7,10279
8,42160	7,09302
8,43040	7,09302
8,43920	7,09302
8,44800	7,09302
8,45680	7,09302
8,46560	7,10279
8,47440	7,08325
8,48320	7,09302
8,49200	7,08325
8,50080	7,08325
8,50960	7,08325
8,51840	7,07348
8,52720	7,07348
8,53600	7,07348
8,54480	7,07348
8,55360	7,08325
8,56240	7,09302
8,57120	7,09302
8,58000	7,09302
8,58880	7,09302
8,59760	7,09302
8,60640	7,08325
8,61520	7,09302
8,62400	7,07348
8,63280	7,07348
8,64160	7,08325
8,65040	7,09302
8,65920	7,07348
8,66800	7,08325
8,67680	7,10279
8,68560	7,10279
8,69440	7,10279
8,70320	7,11256
8,71200	7,11256
8,72080	7,12233
8,72960	7,12233
8,73840	7,12233
8,74720	7,11256
8,75600	7,11256
8,76480	7,12233
8,77360	7,12233
8,78240	7,13210
8,79120	7,13210
8,80000	7,12233
8,80880	7,12233
8,81760	7,12233
8,82640	7,12233
8,83520	7,13210
8,84400	7,14187
8,85280	7,15164
8,86160	7,15164
8,87040	7,15164
8,87920	7,15164
8,88800	7,15164
8,89680	7,16141
8,90560	7,15164
8,91440	7,16141
8,92320	7,16141
8,93200	7,17118
8,94080	7,17118
8,94960	7,17118
8,95840	7,17118
8,96720	7,16141
