Position [V]	Intensität [Skt]
0,00000	4,08386
0,00880000	4,06432
0,0176000	4,05455
0,0264000	4,04478
0,0352000	4,05455
0,0440000	4,05455
0,0528000	4,05455
0,0616000	4,06432
0,0704000	4,06432
0,0792000	4,06432
0,0880000	4,06432
0,0968000	4,06432
0,105600	4,07409
0,114400	4,05455
0,123200	4,05455
0,132000	4,05455
0,140800	4,06432
0,149600	4,06432
0,158400	4,06432
0,167200	4,06432
0,176000	4,07409
0,184800	4,05455
0,193600	4,06432
0,202400	4,06432
0,211200	4,06432
0,220000	4,06432
0,228800	4,05455
0,237600	4,05455
0,246400	4,05455
0,255200	4,05455
0,264000	4,05455
0,272800	4,03501
0,281600	4,03501
0,290400	4,03501
0,299200	4,02524
0,308000	4,02524
0,316800	4,01547
0,325600	4,01547
0,334400	4,00570
0,343200	4,00570
0,352000	4,00570
0,360800	4,00570
0,369600	4,00570
0,378400	4,00570
0,387200	4,00570
0,396000	4,00570
0,404800	4,00570
0,413600	3,99593
0,422400	3,99593
0,431200	3,99593
0,440000	3,99593
0,448800	4,00570
0,457600	3,99593
0,466400	4,00570
0,475200	4,00570
0,484000	4,00570
0,492800	4,01547
0,501600	4,02524
0,510400	4,03501
0,519200	4,03501
0,528000	4,03501
0,536800	4,04478
0,545600	4,04478
0,554400	4,05455
0,563200	4,05455
0,572000	4,05455
0,580800	4,05455
0,589600	4,05455
0,598400	4,05455
0,607200	4,05455
0,616000	4,04478
0,624800	4,04478
0,633600	4,04478
0,642400	4,04478
0,651200	4,04478
0,660000	4,04478
0,668800	4,04478
0,677600	4,04478
0,686400	4,03501
0,695200	4,03501
0,704000	4,03501
0,712800	4,01547
0,721600	4,01547
0,730400	4,00570
0,739200	3,99593
0,748000	4,00570
0,756800	3,99593
0,765600	3,99593
0,774400	4,00570
0,783200	4,00570
0,792000	3,99593
0,800800	3,99593
0,809600	3,99593
0,818400	3,98616
0,827200	3,98616
0,836000	3,98616
0,844800	3,97639
0,853600	3,97639
0,862400	3,97639
0,871200	3,97639
0,880000	3,96662
0,888800	3,97639
0,897600	3,97639
0,906400	3,97639
0,915200	3,98616
0,924000	3,98616
0,932800	3,97639
0,941600	3,98616
0,950400	3,98616
0,959200	3,98616
0,968000	3,97639
0,976800	3,97639
0,985600	3,98616
0,994400	3,98616
1,00320	3,99593
1,01200	4,00570
1,02080	4,01547
1,02960	4,02524
1,03840	4,02524
1,04720	4,03501
1,05600	4,03501
1,06480	4,02524
1,07360	4,02524
1,08240	4,01547
1,09120	4,02524
1,10000	4,02524
1,10880	4,02524
1,11760	4,01547
1,12640	4,02524
1,13520	4,02524
1,14400	4,02524
1,15280	4,01547
1,16160	4,01547
1,17040	4,01547
1,17920	4,00570
1,18800	3,99593
1,19680	4,00570
1,20560	3,99593
1,21440	3,99593
1,22320	3,98616
1,23200	3,97639
1,24080	3,98616
1,24960	3,97639
1,25840	3,97639
1,26720	3,97639
1,27600	3,97639
1,28480	3,96662
1,29360	3,95685
1,30240	3,95685
1,31120	3,95685
1,32000	3,96662
1,32880	3,96662
1,33760	3,97639
1,34640	3,97639
1,35520	3,97639
1,36400	3,98616
1,37280	3,99593
1,38160	3,99593
1,39040	3,99593
1,39920	4,01547
1,40800	4,02524
1,41680	4,03501
1,42560	4,03501
1,43440	4,04478
1,44320	4,04478
1,45200	4,05455
1,46080	4,06432
1,46960	4,06432
1,47840	4,07409
1,48720	4,07409
1,49600	4,07409
1,50480	4,07409
1,51360	4,07409
1,52240	4,07409
1,53120	4,07409
1,54000	4,08386
1,54880	4,07409
1,55760	4,06432
1,56640	4,06432
1,57520	4,05455
1,58400	4,04478
1,59280	4,03501
1,60160	4,02524
1,61040	4,01547
1,61920	4,01547
1,62800	3,99593
1,63680	3,98616
1,64560	3,97639
1,65440	3,96662
1,66320	3,95685
1,67200	3,94708
1,68080	3,93731
1,68960	3,93731
1,69840	3,92754
1,70720	3,92754
1,71600	3,91777
1,72480	3,92754
1,73360	3,92754
1,74240	3,93731
1,75120	3,93731
1,76000	3,94708
1,76880	3,94708
1,77760	3,95685
1,78640	3,96662
1,79520	3,97639
1,80400	3,99593
1,81280	4,00570
1,82160	4,02524
1,83040	4,04478
1,83920	4,05455
1,84800	4,07409
1,85680	4,08386
1,86560	4,09363
1,87440	4,10340
1,88320	4,11317
1,89200	4,12294
1,90080	4,13271
1,90960	4,14248
1,91840	4,14248
1,92720	4,14248
1,93600	4,14248
1,94480	4,13271
1,95360	4,13271
1,96240	4,11317
1,97120	4,10340
1,98000	4,08386
1,98880	4,07409
1,99760	4,05455
2,00640	4,03501
2,01520	4,00570
2,02400	3,97639
2,03280	3,95685
2,04160	3,93731
2,05040	3,91777
2,05920	3,88846
2,06800	3,86892
2,07680	3,84938
2,08560	3,82984
2,09440	3,82007
2,10320	3,81030
2,11200	3,81030
2,12080	3,82007
2,12960	3,82984
2,13840	3,83961
2,14720	3,84938
2,15600	3,86892
2,16480	3,87869
2,17360	3,90800
2,18240	3,91777
2,19120	3,94708
2,20000	3,97639
2,20880	4,00570
2,21760	4,03501
2,22640	4,07409
2,23520	4,10340
2,24400	4,13271
2,25280	4,16202
2,26160	4,18156
2,27040	4,21087
2,27920	4,23041
2,28800	4,24995
2,29680	4,25972
2,30560	4,25972
2,31440	4,26949
2,32320	4,25972
2,33200	4,24995
2,34080	4,23041
2,34960	4,21087
2,35840	4,19133
2,36720	4,16202
2,37600	4,12294
2,38480	4,07409
2,39360	4,03501
2,40240	3,98616
2,41120	3,93731
2,42000	3,88846
2,42880	3,83961
2,43760	3,80053
2,44640	3,75168
2,45520	3,71260
2,46400	3,67352
2,47280	3,65398
2,48160	3,62467
2,49040	3,61490
2,49920	3,61490
2,50800	3,61490
2,51680	3,62467
2,52560	3,65398
2,53440	3,66375
2,54320	3,71260
2,55200	3,75168
2,56080	3,81030
2,56960	3,87869
2,57840	3,94708
2,58720	4,01547
2,59600	4,08386
2,60480	4,15225
2,61360	4,24018
2,62240	4,30857
2,63120	4,37696
2,64000	4,44535
2,64880	4,49420
2,65760	4,55282
2,66640	4,57236
2,67520	4,59190
2,68400	4,60167
2,69280	4,60167
2,70160	4,57236
2,71040	4,54305
2,71920	4,48443
2,72800	4,42581
2,73680	4,34765
2,74560	4,26949
2,75440	4,17179
2,76320	4,08386
2,77200	3,96662
2,78080	3,84938
2,78960	3,73214
2,79840	3,61490
2,80720	3,50743
2,81600	3,40973
2,82480	3,30226
2,83360	3,22410
2,84240	3,14594
2,85120	3,10686
2,86000	3,06778
2,86880	3,05801
2,87760	3,07755
2,88640	3,12640
2,89520	3,18502
2,90400	3,27295
2,91280	3,39019
2,92160	3,52697
2,93040	3,69306
2,93920	3,85915
2,94800	4,05455
2,95680	4,24995
2,96560	4,45512
2,97440	4,65052
2,98320	4,84592
2,99200	5,04132
3,00080	5,19764
3,00960	5,34419
3,01840	5,44189
3,02720	5,51028
3,03600	5,52982
3,04480	5,50051
3,05360	5,42235
3,06240	5,30511
3,07120	5,13902
3,08000	4,92408
3,08880	4,67006
3,09760	4,36719
3,10640	4,04478
3,11520	3,70283
3,12400	3,35111
3,13280	2,99939
3,14160	2,66721
3,15040	2,36434
3,15920	2,11032
3,16800	1,89538
3,17680	1,78791
3,18560	1,74883
3,19440	1,78791
3,20320	1,90515
3,21200	2,11032
3,22080	2,38388
3,22960	2,72583
3,23840	3,11663
3,24720	3,53674
3,25600	3,98616
3,26480	4,42581
3,27360	4,84592
3,28240	5,23672
3,29120	5,58844
3,30000	5,88154
3,30880	6,10625
3,31760	6,27234
3,32640	6,34073
3,33520	6,34073
3,34400	6,24303
3,35280	6,06717
3,36160	5,81315
3,37040	5,50051
3,37920	5,13902
3,38800	4,74822
3,39680	4,34765
3,40560	3,95685
3,41440	3,57582
3,42320	3,21433
3,43200	2,88215
3,44080	2,60859
3,44960	2,39365
3,45840	2,23733
3,46720	2,13963
3,47600	2,11032
3,48480	2,12986
3,49360	2,20802
3,50240	2,34480
3,51120	2,53043
3,52000	2,74537
3,52880	2,99939
3,53760	3,26318
3,54640	3,53674
3,55520	3,81030
3,56400	4,07409
3,57280	4,31834
3,58160	4,53328
3,59040	4,72868
3,59920	4,88500
3,60800	5,01201
3,61680	5,09994
3,62560	5,14879
3,63440	5,17810
3,64320	5,15856
3,65200	5,12925
3,66080	5,06086
3,66960	4,95339
3,67840	4,83615
3,68720	4,70914
3,69600	4,55282
3,70480	4,39650
3,71360	4,24018
3,72240	4,07409
3,73120	3,91777
3,74000	3,77122
3,74880	3,64421
3,75760	3,51720
3,76640	3,41950
3,77520	3,33157
3,78400	3,26318
3,79280	3,22410
3,80160	3,19479
3,81040	3,18502
3,81920	3,19479
3,82800	3,22410
3,83680	3,26318
3,84560	3,32180
3,85440	3,39019
3,86320	3,47812
3,87200	3,56605
3,88080	3,65398
3,88960	3,76145
3,89840	3,85915
3,90720	3,94708
3,91600	4,04478
3,92480	4,13271
3,93360	4,21087
3,94240	4,27926
3,95120	4,33788
3,96000	4,38673
3,96880	4,41604
3,97760	4,43558
3,98640	4,45512
3,99520	4,45512
4,00400	4,44535
4,01280	4,41604
4,02160	4,38673
4,03040	4,34765
4,03920	4,29880
4,04800	4,24018
4,05680	4,18156
4,06560	4,11317
4,07440	4,05455
4,08320	3,99593
4,09200	3,93731
4,10080	3,87869
4,10960	3,82007
4,11840	3,77122
4,12720	3,72237
4,13600	3,68329
4,14480	3,65398
4,15360	3,62467
4,16240	3,61490
4,17120	3,60513
4,18000	3,60513
4,18880	3,61490
4,19760	3,63444
4,20640	3,66375
4,21520	3,68329
4,22400	3,72237
4,23280	3,76145
4,24160	3,80053
4,25040	3,83961
4,25920	3,87869
4,26800	3,91777
4,27680	3,96662
4,28560	3,99593
4,29440	4,03501
4,30320	4,06432
4,31200	4,09363
4,32080	4,11317
4,32960	4,13271
4,33840	4,14248
4,34720	4,16202
4,35600	4,16202
4,36480	4,16202
4,37360	4,16202
4,38240	4,15225
4,39120	4,13271
4,40000	4,12294
4,40880	4,10340
4,41760	4,07409
4,42640	4,05455
4,43520	4,04478
4,44400	4,00570
4,45280	3,97639
4,46160	3,94708
4,47040	3,91777
4,47920	3,89823
4,48800	3,86892
4,49680	3,84938
4,50560	3,82984
4,51440	3,82007
4,52320	3,81030
4,53200	3,80053
4,54080	3,80053
4,54960	3,80053
4,55840	3,80053
4,56720	3,80053
4,57600	3,81030
4,58480	3,82007
4,59360	3,83961
4,60240	3,85915
4,61120	3,87869
4,62000	3,89823
4,62880	3,91777
4,63760	3,93731
4,64640	3,94708
4,65520	3,97639
4,66400	3,98616
4,67280	4,00570
4,68160	4,02524
4,69040	4,02524
4,69920	4,04478
4,70800	4,05455
4,71680	4,05455
4,72560	4,07409
4,73440	4,07409
4,74320	4,07409
4,75200	4,06432
4,76080	4,07409
4,76960	4,06432
4,77840	4,05455
4,78720	4,04478
4,79600	4,03501
4,80480	4,02524
4,81360	4,02524
4,82240	3,99593
4,83120	3,98616
4,84000	3,96662
4,84880	3,96662
4,85760	3,94708
4,86640	3,93731
4,87520	3,92754
4,88400	3,92754
4,89280	3,91777
4,90160	3,90800
4,91040	3,90800
4,91920	3,90800
4,92800	3,91777
4,93680	3,90800
4,94560	3,90800
4,95440	3,90800
4,96320	3,90800
4,97200	3,90800
4,98080	3,91777
4,98960	3,92754
4,99840	3,93731
5,00720	3,93731
5,01600	3,94708
5,02480	3,95685
5,03360	3,96662
5,04240	3,96662
5,05120	3,97639
5,06000	3,98616
5,06880	3,99593
5,07760	3,99593
5,08640	4,00570
5,09520	4,00570
5,10400	4,01547
5,11280	4,01547
5,12160	4,01547
5,13040	4,01547
5,13920	4,01547
5,14800	4,01547
5,15680	4,01547
5,16560	4,01547
5,17440	4,00570
5,18320	4,00570
5,19200	3,99593
5,20080	3,98616
5,20960	3,98616
5,21840	3,97639
5,22720	3,97639
5,23600	3,96662
5,24480	3,96662
5,25360	3,95685
5,26240	3,95685
5,27120	3,95685
5,28000	3,94708
5,28880	3,94708
5,29760	3,93731
5,30640	3,93731
5,31520	3,93731
5,32400	3,93731
5,33280	3,92754
5,34160	3,92754
5,35040	3,93731
5,35920	3,92754
5,36800	3,93731
5,37680	3,93731
5,38560	3,93731
5,39440	3,94708
5,40320	3,94708
5,41200	3,94708
5,42080	3,94708
5,42960	3,95685
5,43840	3,95685
5,44720	3,96662
5,45600	3,96662
5,46480	3,96662
5,47360	3,97639
5,48240	3,97639
5,49120	3,98616
5,50000	3,98616
5,50880	3,98616
5,51760	3,98616
5,52640	3,98616
5,53520	3,99593
5,54400	3,98616
5,55280	3,98616
5,56160	3,98616
5,57040	3,98616
5,57920	3,97639
5,58800	3,97639
5,59680	3,97639
5,60560	3,97639
5,61440	3,97639
5,62320	3,97639
5,63200	3,96662
5,64080	3,96662
5,64960	3,95685
5,65840	3,95685
5,66720	3,95685
5,67600	3,96662
5,68480	3,95685
5,69360	3,94708
5,70240	3,94708
5,71120	3,94708
5,72000	3,94708
5,72880	3,94708
5,73760	3,94708
5,74640	3,94708
5,75520	3,94708
5,76400	3,94708
5,77280	3,94708
5,78160	3,94708
5,79040	3,94708
5,79920	3,94708
5,80800	3,94708
5,81680	3,94708
5,82560	3,95685
5,83440	3,96662
5,84320	3,96662
5,85200	3,96662
5,86080	3,96662
5,86960	3,96662
5,87840	3,97639
5,88720	3,97639
5,89600	3,97639
5,90480	3,97639
5,91360	3,97639
5,92240	3,98616
5,93120	3,98616
5,94000	3,98616
5,94880	3,98616
5,95760	3,98616
5,96640	3,98616
5,97520	3,97639
5,98400	3,98616
5,99280	3,97639
6,00160	3,97639
6,01040	3,97639
6,01920	3,96662
6,02800	3,96662
6,03680	3,96662
6,04560	3,96662
6,05440	3,96662
6,06320	3,95685
6,07200	3,95685
6,08080	3,94708
6,08960	3,94708
6,09840	3,94708
6,10720	3,94708
6,11600	3,94708
6,12480	3,94708
6,13360	3,94708
6,14240	3,94708
6,15120	3,94708
6,16000	3,95685
6,16880	3,95685
6,17760	3,95685
6,18640	3,96662
6,19520	3,95685
6,20400	3,96662
6,21280	3,96662
6,22160	3,96662
6,23040	3,97639
6,23920	3,96662
6,24800	3,97639
6,25680	3,97639
6,26560	3,98616
6,27440	3,97639
6,28320	3,97639
6,29200	3,97639
6,30080	3,97639
6,30960	3,97639
6,31840	3,98616
6,32720	3,98616
6,33600	3,98616
6,34480	3,98616
6,35360	3,98616
6,36240	3,98616
6,37120	3,97639
6,38000	3,97639
6,38880	3,97639
6,39760	3,97639
6,40640	3,98616
6,41520	3,96662
6,42400	3,96662
6,43280	3,96662
6,44160	3,96662
6,45040	3,95685
6,45920	3,95685
6,46800	3,94708
6,47680	3,94708
6,48560	3,94708
6,49440	3,93731
6,50320	3,94708
6,51200	3,94708
6,52080	3,93731
6,52960	3,93731
6,53840	3,94708
6,54720	3,95685
6,55600	3,94708
6,56480	3,94708
6,57360	3,95685
6,58240	3,95685
6,59120	3,95685
6,60000	3,95685
6,60880	3,95685
6,61760	3,95685
6,62640	3,96662
6,63520	3,96662
6,64400	3,96662
6,65280	3,96662
6,66160	3,96662
6,67040	3,96662
6,67920	3,96662
6,68800	3,96662
6,69680	3,96662
6,70560	3,96662
6,71440	3,96662
6,72320	3,97639
6,73200	3,97639
6,74080	3,96662
6,74960	3,97639
6,75840	3,97639
6,76720	3,97639
6,77600	3,97639
6,78480	3,97639
6,79360	3,96662
6,80240	3,96662
6,81120	3,96662
6,82000	3,96662
6,82880	3,96662
6,83760	3,96662
6,84640	3,96662
6,85520	3,96662
6,86400	3,96662
6,87280	3,95685
6,88160	3,95685
6,89040	3,95685
6,89920	3,95685
6,90800	3,95685
6,91680	3,95685
6,92560	3,95685
6,93440	3,95685
6,94320	3,95685
6,95200	3,95685
6,96080	3,95685
6,96960	3,95685
6,97840	3,95685
6,98720	3,95685
6,99600	3,95685
7,00480	3,95685
7,01360	3,95685
7,02240	3,96662
7,03120	3,96662
7,04000	3,96662
7,04880	3,97639
7,05760	3,97639
7,06640	3,97639
7,07520	3,97639
7,08400	3,97639
7,09280	3,97639
7,10160	3,98616
7,11040	3,99593
7,11920	3,98616
7,12800	3,98616
7,13680	3,97639
7,14560	3,97639
7,15440	3,97639
7,16320	3,98616
7,17200	3,98616
7,18080	3,98616
7,18960	3,97639
7,19840	3,97639
7,20720	3,97639
7,21600	3,97639
7,22480	3,97639
7,23360	3,97639
7,24240	3,97639
7,25120	3,96662
7,26000	3,96662
7,26880	3,96662
7,27760	3,96662
7,28640	3,96662
7,29520	3,95685
7,30400	3,96662
7,31280	3,96662
7,32160	3,96662
7,33040	3,96662
7,33920	3,96662
7,34800	3,95685
7,35680	3,96662
7,36560	3,96662
7,37440	3,95685
7,38320	3,95685
7,39200	3,95685
7,40080	3,96662
7,40960	3,96662
7,41840	3,95685
7,42720	3,96662
7,43600	3,96662
7,44480	3,96662
7,45360	3,97639
7,46240	3,96662
7,47120	3,97639
7,48000	3,96662
7,48880	3,97639
7,49760	3,96662
7,50640	3,96662
7,51520	3,96662
7,52400	3,96662
7,53280	3,97639
7,54160	3,97639
7,55040	3,96662
7,55920	3,96662
7,56800	3,96662
7,57680	3,96662
7,58560	3,96662
7,59440	3,96662
7,60320	3,96662
7,61200	3,96662
7,62080	3,95685
7,62960	3,96662
7,63840	3,96662
7,64720	3,96662
7,65600	3,95685
7,66480	3,95685
7,67360	3,95685
7,68240	3,95685
7,69120	3,96662
7,70000	3,96662
7,70880	3,96662
7,71760	3,96662
7,72640	3,96662
7,73520	3,96662
7,74400	3,96662
7,75280	3,96662
7,76160	3,96662
7,77040	3,96662
7,77920	3,96662
7,78800	3,95685
7,79680	3,95685
7,80560	3,95685
7,81440	3,95685
7,82320	3,95685
7,83200	3,95685
7,84080	3,95685
7,84960	3,96662
7,85840	3,96662
7,86720	3,96662
7,87600	3,96662
7,88480	3,95685
7,89360	3,96662
7,90240	3,96662
7,91120	3,95685
7,92000	3,96662
7,92880	3,96662
7,93760	3,96662
7,94640	3,96662
7,95520	3,97639
7,96400	3,97639
7,97280	3,97639
7,98160	3,97639
7,99040	3,96662
7,99920	3,96662
8,00800	3,96662
8,01680	3,96662
8,02560	3,96662
8,03440	3,96662
8,04320	3,96662
8,05200	3,96662
8,06080	3,96662
8,06960	3,96662
8,07840	3,96662
8,08720	3,96662
8,09600	3,96662
8,10480	3,96662
8,11360	3,95685
8,12240	3,94708
8,13120	3,95685
8,14000	3,95685
8,14880	3,95685
8,15760	3,96662
8,16640	3,96662
8,17520	3,96662
8,18400	3,96662
8,19280	3,96662
8,20160	3,96662
8,21040	3,95685
8,21920	3,95685
8,22800	3,95685
8,23680	3,95685
8,24560	3,95685
8,25440	3,95685
8,26320	3,95685
8,27200	3,95685
8,28080	3,95685
8,28960	3,95685
8,29840	3,96662
8,30720	3,96662
8,31600	3,96662
8,32480	3,96662
8,33360	3,96662
8,34240	3,97639
8,35120	3,96662
8,36000	3,96662
8,36880	3,96662
8,37760	3,97639
8,38640	3,96662
8,39520	3,96662
8,40400	3,96662
8,41280	3,96662
8,42160	3,96662
8,43040	3,97639
8,43920	3,97639
8,44800	3,97639
8,45680	3,96662
8,46560	3,96662
8,47440	3,96662
8,48320	3,96662
8,49200	3,96662
8,50080	3,96662
8,50960	3,96662
8,51840	3,96662
8,52720	3,95685
8,53600	3,95685
8,54480	3,95685
8,55360	3,95685
8,56240	3,95685
8,57120	3,95685
8,58000	3,94708
8,58880	3,95685
8,59760	3,95685
8,60640	3,94708
8,61520	3,95685
8,62400	3,96662
8,63280	3,95685
8,64160	3,95685
8,65040	3,95685
8,65920	3,95685
8,66800	3,95685
8,67680	3,95685
8,68560	3,95685
8,69440	3,95685
8,70320	3,95685
8,71200	3,95685
8,72080	3,95685
8,72960	3,95685
8,73840	3,95685
8,74720	3,95685
8,75600	3,95685
8,76480	3,96662
8,77360	3,96662
8,78240	3,96662
8,79120	3,96662
8,80000	3,96662
8,80880	3,96662
8,81760	3,96662
8,82640	3,96662
8,83520	3,96662
8,84400	3,96662
8,85280	3,96662
8,86160	3,96662
8,87040	3,95685
8,87920	3,96662
8,88800	3,96662
8,89680	3,95685
8,90560	3,95685
8,91440	3,95685
8,92320	3,96662
8,93200	3,96662
8,94080	3,96662
8,94960	3,96662
8,95840	3,96662
8,96720	3,96662
