Position [V]	Intensität [Skt]
0,00000	2,79422
0,00880000	2,76491
0,0176000	2,72583
0,0264000	2,68675
0,0352000	2,65744
0,0440000	2,63790
0,0528000	2,60859
0,0616000	2,59882
0,0704000	2,58905
0,0792000	2,57928
0,0880000	2,56951
0,0968000	2,55974
0,105600	2,55974
0,114400	2,55974
0,123200	2,55974
0,132000	2,55974
0,140800	2,55974
0,149600	2,55974
0,158400	2,55974
0,167200	2,54997
0,176000	2,55974
0,184800	2,55974
0,193600	2,54997
0,202400	2,54997
0,211200	2,54020
0,220000	2,54020
0,228800	2,54997
0,237600	2,54020
0,246400	2,54020
0,255200	2,54020
0,264000	2,54020
0,272800	2,54020
0,281600	2,54020
0,290400	2,54020
0,299200	2,54020
0,308000	2,54997
0,316800	2,54997
0,325600	2,54997
0,334400	2,54997
0,343200	2,54997
0,352000	2,54997
0,360800	2,54997
0,369600	2,54997
0,378400	2,54997
0,387200	2,54997
0,396000	2,54997
0,404800	2,54997
0,413600	2,54997
0,422400	2,55974
0,431200	2,55974
0,440000	2,55974
0,448800	2,55974
0,457600	2,55974
0,466400	2,55974
0,475200	2,55974
0,484000	2,55974
0,492800	2,55974
0,501600	2,55974
0,510400	2,55974
0,519200	2,55974
0,528000	2,55974
0,536800	2,54997
0,545600	2,55974
0,554400	2,55974
0,563200	2,55974
0,572000	2,54997
0,580800	2,54997
0,589600	2,54997
0,598400	2,54997
0,607200	2,54997
0,616000	2,54997
0,624800	2,54020
0,633600	2,54997
0,642400	2,54997
0,651200	2,54020
0,660000	2,54997
0,668800	2,54997
0,677600	2,54997
0,686400	2,54997
0,695200	2,54997
0,704000	2,54020
0,712800	2,54997
0,721600	2,54020
0,730400	2,54020
0,739200	2,54020
0,748000	2,54020
0,756800	2,54020
0,765600	2,54020
0,774400	2,54020
0,783200	2,53043
0,792000	2,54020
0,800800	2,54020
0,809600	2,54020
0,818400	2,54020
0,827200	2,53043
0,836000	2,54020
0,844800	2,54020
0,853600	2,54020
0,862400	2,54020
0,871200	2,53043
0,880000	2,54020
0,888800	2,54020
0,897600	2,54020
0,906400	2,54020
0,915200	2,54020
0,924000	2,54997
0,932800	2,54997
0,941600	2,54997
0,950400	2,54020
0,959200	2,54997
0,968000	2,54997
0,976800	2,54997
0,985600	2,54997
0,994400	2,54997
1,00320	2,54997
1,01200	2,54997
1,02080	2,54997
1,02960	2,54997
1,03840	2,54997
1,04720	2,54997
1,05600	2,54997
1,06480	2,54997
1,07360	2,54997
1,08240	2,55974
1,09120	2,55974
1,10000	2,55974
1,10880	2,55974
1,11760	2,54997
1,12640	2,54997
1,13520	2,54997
1,14400	2,54997
1,15280	2,54997
1,16160	2,55974
1,17040	2,55974
1,17920	2,55974
1,18800	2,54997
1,19680	2,55974
1,20560	2,54997
1,21440	2,55974
1,22320	2,54997
1,23200	2,54997
1,24080	2,55974
1,24960	2,54997
1,25840	2,54997
1,26720	2,54997
1,27600	2,54997
1,28480	2,54997
1,29360	2,54997
1,30240	2,54997
1,31120	2,54997
1,32000	2,54997
1,32880	2,54997
1,33760	2,54020
1,34640	2,54997
1,35520	2,54997
1,36400	2,54997
1,37280	2,54997
1,38160	2,54997
1,39040	2,54997
1,39920	2,54020
1,40800	2,55974
1,41680	2,54997
1,42560	2,54997
1,43440	2,54997
1,44320	2,54997
1,45200	2,54997
1,46080	2,54997
1,46960	2,55974
1,47840	2,55974
1,48720	2,55974
1,49600	2,56951
1,50480	2,55974
1,51360	2,55974
1,52240	2,55974
1,53120	2,55974
1,54000	2,54997
1,54880	2,54997
1,55760	2,55974
1,56640	2,54997
1,57520	2,54020
1,58400	2,54020
1,59280	2,55974
1,60160	2,54997
1,61040	2,54020
1,61920	2,54997
1,62800	2,54020
1,63680	2,54020
1,64560	2,54997
1,65440	2,54020
1,66320	2,54997
1,67200	2,54997
1,68080	2,54997
1,68960	2,54997
1,69840	2,54020
1,70720	2,54997
1,71600	2,54997
1,72480	2,54997
1,73360	2,54020
1,74240	2,54020
1,75120	2,54997
1,76000	2,53043
1,76880	2,54020
1,77760	2,54020
1,78640	2,54020
1,79520	2,53043
1,80400	2,54020
1,81280	2,53043
1,82160	2,53043
1,83040	2,54020
1,83920	2,54020
1,84800	2,54020
1,85680	2,54997
1,86560	2,54020
1,87440	2,54997
1,88320	2,54997
1,89200	2,54997
1,90080	2,54997
1,90960	2,55974
1,91840	2,54997
1,92720	2,55974
1,93600	2,54997
1,94480	2,55974
1,95360	2,55974
1,96240	2,55974
1,97120	2,55974
1,98000	2,55974
1,98880	2,54997
1,99760	2,55974
2,00640	2,54997
2,01520	2,54997
2,02400	2,54997
2,03280	2,54020
2,04160	2,54020
2,05040	2,54020
2,05920	2,54020
2,06800	2,54020
2,07680	2,54997
2,08560	2,54020
2,09440	2,54020
2,10320	2,54020
2,11200	2,54020
2,12080	2,54020
2,12960	2,54020
2,13840	2,54020
2,14720	2,54020
2,15600	2,54020
2,16480	2,54020
2,17360	2,54020
2,18240	2,54020
2,19120	2,53043
2,20000	2,54020
2,20880	2,53043
2,21760	2,54020
2,22640	2,54020
2,23520	2,54020
2,24400	2,54020
2,25280	2,54020
2,26160	2,54020
2,27040	2,54020
2,27920	2,54997
2,28800	2,54997
2,29680	2,54997
2,30560	2,54997
2,31440	2,54997
2,32320	2,55974
2,33200	2,55974
2,34080	2,55974
2,34960	2,55974
2,35840	2,55974
2,36720	2,55974
2,37600	2,55974
2,38480	2,55974
2,39360	2,55974
2,40240	2,55974
2,41120	2,55974
2,42000	2,54997
2,42880	2,54997
2,43760	2,54020
2,44640	2,54020
2,45520	2,54020
2,46400	2,54020
2,47280	2,54020
2,48160	2,53043
2,49040	2,53043
2,49920	2,54020
2,50800	2,54020
2,51680	2,54020
2,52560	2,53043
2,53440	2,53043
2,54320	2,54020
2,55200	2,54020
2,56080	2,54020
2,56960	2,54020
2,57840	2,54020
2,58720	2,54020
2,59600	2,54020
2,60480	2,54020
2,61360	2,54020
2,62240	2,54020
2,63120	2,54020
2,64000	2,54997
2,64880	2,55974
2,65760	2,55974
2,66640	2,55974
2,67520	2,55974
2,68400	2,55974
2,69280	2,55974
2,70160	2,55974
2,71040	2,55974
2,71920	2,55974
2,72800	2,56951
2,73680	2,56951
2,74560	2,55974
2,75440	2,55974
2,76320	2,55974
2,77200	2,55974
2,78080	2,55974
2,78960	2,55974
2,79840	2,55974
2,80720	2,54997
2,81600	2,54020
2,82480	2,54020
2,83360	2,54020
2,84240	2,53043
2,85120	2,54020
2,86000	2,53043
2,86880	2,52066
2,87760	2,52066
2,88640	2,51089
2,89520	2,51089
2,90400	2,51089
2,91280	2,51089
2,92160	2,51089
2,93040	2,52066
2,93920	2,51089
2,94800	2,52066
2,95680	2,52066
2,96560	2,53043
2,97440	2,53043
2,98320	2,53043
2,99200	2,54020
3,00080	2,54020
3,00960	2,54997
3,01840	2,54997
3,02720	2,55974
3,03600	2,54997
3,04480	2,55974
3,05360	2,55974
3,06240	2,55974
3,07120	2,55974
3,08000	2,54997
3,08880	2,54997
3,09760	2,54997
3,10640	2,54997
3,11520	2,54997
3,12400	2,54997
3,13280	2,54997
3,14160	2,54997
3,15040	2,54997
3,15920	2,54997
3,16800	2,54997
3,17680	2,54020
3,18560	2,54997
3,19440	2,54020
3,20320	2,54020
3,21200	2,54020
3,22080	2,54020
3,22960	2,54020
3,23840	2,54020
3,24720	2,54020
3,25600	2,54020
3,26480	2,53043
3,27360	2,53043
3,28240	2,53043
3,29120	2,53043
3,30000	2,53043
3,30880	2,53043
3,31760	2,53043
3,32640	2,53043
3,33520	2,53043
3,34400	2,53043
3,35280	2,53043
3,36160	2,53043
3,37040	2,54020
3,37920	2,54020
3,38800	2,54997
3,39680	2,55974
3,40560	2,56951
3,41440	2,56951
3,42320	2,57928
3,43200	2,57928
3,44080	2,58905
3,44960	2,58905
3,45840	2,59882
3,46720	2,59882
3,47600	2,59882
3,48480	2,59882
3,49360	2,60859
3,50240	2,59882
3,51120	2,59882
3,52000	2,58905
3,52880	2,57928
3,53760	2,56951
3,54640	2,55974
3,55520	2,54997
3,56400	2,54997
3,57280	2,53043
3,58160	2,53043
3,59040	2,52066
3,59920	2,51089
3,60800	2,51089
3,61680	2,50112
3,62560	2,49135
3,63440	2,49135
3,64320	2,49135
3,65200	2,49135
3,66080	2,49135
3,66960	2,49135
3,67840	2,49135
3,68720	2,49135
3,69600	2,49135
3,70480	2,49135
3,71360	2,49135
3,72240	2,50112
3,73120	2,50112
3,74000	2,51089
3,74880	2,51089
3,75760	2,51089
3,76640	2,52066
3,77520	2,53043
3,78400	2,54020
3,79280	2,54020
3,80160	2,55974
3,81040	2,55974
3,81920	2,56951
3,82800	2,57928
3,83680	2,58905
3,84560	2,59882
3,85440	2,59882
3,86320	2,60859
3,87200	2,60859
3,88080	2,60859
3,88960	2,61836
3,89840	2,60859
3,90720	2,60859
3,91600	2,58905
3,92480	2,57928
3,93360	2,56951
3,94240	2,54997
3,95120	2,54997
3,96000	2,53043
3,96880	2,51089
3,97760	2,49135
3,98640	2,47181
3,99520	2,46204
4,00400	2,45227
4,01280	2,45227
4,02160	2,43273
4,03040	2,42296
4,03920	2,41319
4,04800	2,41319
4,05680	2,41319
4,06560	2,42296
4,07440	2,42296
4,08320	2,43273
4,09200	2,44250
4,10080	2,45227
4,10960	2,46204
4,11840	2,48158
4,12720	2,49135
4,13600	2,51089
4,14480	2,52066
4,15360	2,53043
4,16240	2,54997
4,17120	2,55974
4,18000	2,57928
4,18880	2,58905
4,19760	2,60859
4,20640	2,61836
4,21520	2,63790
4,22400	2,63790
4,23280	2,65744
4,24160	2,65744
4,25040	2,66721
4,25920	2,66721
4,26800	2,66721
4,27680	2,66721
4,28560	2,66721
4,29440	2,65744
4,30320	2,63790
4,31200	2,62813
4,32080	2,60859
4,32960	2,58905
4,33840	2,55974
4,34720	2,53043
4,35600	2,50112
4,36480	2,46204
4,37360	2,42296
4,38240	2,39365
4,39120	2,35457
4,40000	2,33503
4,40880	2,30572
4,41760	2,28618
4,42640	2,27641
4,43520	2,26664
4,44400	2,25687
4,45280	2,26664
4,46160	2,27641
4,47040	2,29595
4,47920	2,31549
4,48800	2,34480
4,49680	2,39365
4,50560	2,43273
4,51440	2,47181
4,52320	2,51089
4,53200	2,55974
4,54080	2,60859
4,54960	2,65744
4,55840	2,69652
4,56720	2,73560
4,57600	2,76491
4,58480	2,79422
4,59360	2,82353
4,60240	2,84307
4,61120	2,85284
4,62000	2,86261
4,62880	2,85284
4,63760	2,85284
4,64640	2,84307
4,65520	2,81376
4,66400	2,78445
4,67280	2,75514
4,68160	2,71606
4,69040	2,66721
4,69920	2,60859
4,70800	2,55974
4,71680	2,50112
4,72560	2,44250
4,73440	2,37411
4,74320	2,30572
4,75200	2,24710
4,76080	2,17871
4,76960	2,12009
4,77840	2,07124
4,78720	2,03216
4,79600	1,99308
4,80480	1,96377
4,81360	1,95400
4,82240	1,95400
4,83120	1,97354
4,84000	2,00285
4,84880	2,05170
4,85760	2,12009
4,86640	2,20802
4,87520	2,29595
4,88400	2,41319
4,89280	2,53043
4,90160	2,65744
4,91040	2,78445
4,91920	2,92123
4,92800	3,03847
4,93680	3,17525
4,94560	3,26318
4,95440	3,36088
4,96320	3,41950
4,97200	3,46835
4,98080	3,47812
4,98960	3,45858
4,99840	3,41950
5,00720	3,34134
5,01600	3,23387
5,02480	3,09709
5,03360	2,95054
5,04240	2,77468
5,05120	2,57928
5,06000	2,38388
5,06880	2,18848
5,07760	1,99308
5,08640	1,80745
5,09520	1,64136
5,10400	1,50458
5,11280	1,39711
5,12160	1,30918
5,13040	1,27010
5,13920	1,27010
5,14800	1,30918
5,15680	1,38734
5,16560	1,49481
5,17440	1,65113
5,18320	1,82699
5,19200	2,02239
5,20080	2,23733
5,20960	2,47181
5,21840	2,69652
5,22720	2,92123
5,23600	3,13617
5,24480	3,33157
5,25360	3,49766
5,26240	3,64421
5,27120	3,74191
5,28000	3,81030
5,28880	3,83961
5,29760	3,82007
5,30640	3,76145
5,31520	3,67352
5,32400	3,54651
5,33280	3,39019
5,34160	3,20456
5,35040	2,99939
5,35920	2,78445
5,36800	2,58905
5,37680	2,36434
5,38560	2,14940
5,39440	1,96377
5,40320	1,79768
5,41200	1,66090
5,42080	1,54366
5,42960	1,46550
5,43840	1,41665
5,44720	1,40688
5,45600	1,43619
5,46480	1,48504
5,47360	1,57297
5,48240	1,68044
5,49120	1,81722
5,50000	1,96377
5,50880	2,12009
5,51760	2,27641
5,52640	2,43273
5,53520	2,58905
5,54400	2,73560
5,55280	2,86261
5,56160	2,97985
5,57040	3,07755
5,57920	3,15571
5,58800	3,21433
5,59680	3,25341
5,60560	3,27295
5,61440	3,26318
5,62320	3,24364
5,63200	3,19479
5,64080	3,13617
5,64960	3,07755
5,65840	2,98962
5,66720	2,90169
5,67600	2,80399
5,68480	2,71606
5,69360	2,63790
5,70240	2,54020
5,71120	2,46204
5,72000	2,38388
5,72880	2,31549
5,73760	2,25687
5,74640	2,20802
5,75520	2,15917
5,76400	2,12986
5,77280	2,11032
5,78160	2,09078
5,79040	2,08101
5,79920	2,08101
5,80800	2,09078
5,81680	2,11032
5,82560	2,13963
5,83440	2,16894
5,84320	2,20802
5,85200	2,24710
5,86080	2,29595
5,86960	2,34480
5,87840	2,39365
5,88720	2,45227
5,89600	2,50112
5,90480	2,55974
5,91360	2,60859
5,92240	2,65744
5,93120	2,70629
5,94000	2,74537
5,94880	2,77468
5,95760	2,80399
5,96640	2,82353
5,97520	2,84307
5,98400	2,85284
5,99280	2,85284
6,00160	2,84307
6,01040	2,82353
6,01920	2,80399
6,02800	2,77468
6,03680	2,74537
6,04560	2,70629
6,05440	2,65744
6,06320	2,62813
6,07200	2,58905
6,08080	2,54997
6,08960	2,51089
6,09840	2,47181
6,10720	2,43273
6,11600	2,40342
6,12480	2,37411
6,13360	2,34480
6,14240	2,33503
6,15120	2,31549
6,16000	2,31549
6,16880	2,31549
6,17760	2,31549
6,18640	2,31549
6,19520	2,32526
6,20400	2,34480
6,21280	2,36434
6,22160	2,37411
6,23040	2,40342
6,23920	2,42296
6,24800	2,45227
6,25680	2,47181
6,26560	2,50112
6,27440	2,52066
6,28320	2,54020
6,29200	2,55974
6,30080	2,57928
6,30960	2,59882
6,31840	2,60859
6,32720	2,62813
6,33600	2,62813
6,34480	2,63790
6,35360	2,64767
6,36240	2,63790
6,37120	2,64767
6,38000	2,64767
6,38880	2,64767
6,39760	2,64767
6,40640	2,63790
6,41520	2,63790
6,42400	2,61836
6,43280	2,60859
6,44160	2,59882
6,45040	2,58905
6,45920	2,57928
6,46800	2,56951
6,47680	2,54997
6,48560	2,54020
6,49440	2,52066
6,50320	2,50112
6,51200	2,48158
6,52080	2,47181
6,52960	2,46204
6,53840	2,44250
6,54720	2,43273
6,55600	2,43273
6,56480	2,42296
6,57360	2,41319
6,58240	2,42296
6,59120	2,42296
6,60000	2,43273
6,60880	2,43273
6,61760	2,45227
6,62640	2,45227
6,63520	2,46204
6,64400	2,47181
6,65280	2,48158
6,66160	2,50112
6,67040	2,51089
6,67920	2,52066
6,68800	2,53043
6,69680	2,54997
6,70560	2,55974
6,71440	2,55974
6,72320	2,57928
6,73200	2,58905
6,74080	2,58905
6,74960	2,58905
6,75840	2,58905
6,76720	2,58905
6,77600	2,59882
6,78480	2,58905
6,79360	2,58905
6,80240	2,58905
6,81120	2,58905
6,82000	2,57928
6,82880	2,57928
6,83760	2,56951
6,84640	2,56951
6,85520	2,55974
6,86400	2,55974
6,87280	2,54997
6,88160	2,54997
6,89040	2,54997
6,89920	2,54020
6,90800	2,53043
6,91680	2,53043
6,92560	2,52066
6,93440	2,51089
6,94320	2,51089
6,95200	2,52066
6,96080	2,50112
6,96960	2,50112
6,97840	2,50112
6,98720	2,49135
6,99600	2,49135
7,00480	2,48158
7,01360	2,49135
7,02240	2,48158
7,03120	2,48158
7,04000	2,47181
7,04880	2,47181
7,05760	2,47181
7,06640	2,47181
7,07520	2,48158
7,08400	2,49135
7,09280	2,50112
7,10160	2,50112
7,11040	2,51089
7,11920	2,52066
7,12800	2,52066
7,13680	2,53043
7,14560	2,54020
7,15440	2,54020
7,16320	2,54020
7,17200	2,54997
7,18080	2,54997
7,18960	2,54997
7,19840	2,54997
7,20720	2,54997
7,21600	2,55974
7,22480	2,54997
7,23360	2,54997
7,24240	2,54997
7,25120	2,54020
7,26000	2,54020
7,26880	2,53043
7,27760	2,53043
7,28640	2,53043
7,29520	2,52066
7,30400	2,52066
7,31280	2,52066
7,32160	2,52066
7,33040	2,51089
7,33920	2,51089
7,34800	2,51089
7,35680	2,51089
7,36560	2,50112
7,37440	2,50112
7,38320	2,51089
7,39200	2,51089
7,40080	2,50112
7,40960	2,50112
7,41840	2,50112
7,42720	2,50112
7,43600	2,50112
7,44480	2,50112
7,45360	2,50112
7,46240	2,50112
7,47120	2,50112
7,48000	2,49135
7,48880	2,50112
7,49760	2,50112
7,50640	2,51089
7,51520	2,51089
7,52400	2,52066
7,53280	2,51089
7,54160	2,52066
7,55040	2,52066
7,55920	2,52066
7,56800	2,53043
7,57680	2,54020
7,58560	2,54020
7,59440	2,54020
7,60320	2,54997
7,61200	2,54997
7,62080	2,54997
7,62960	2,55974
7,63840	2,54997
7,64720	2,54997
7,65600	2,55974
7,66480	2,54997
7,67360	2,54997
7,68240	2,54997
7,69120	2,54997
7,70000	2,54997
7,70880	2,54997
7,71760	2,54020
7,72640	2,54020
7,73520	2,53043
7,74400	2,53043
7,75280	2,53043
7,76160	2,52066
7,77040	2,52066
7,77920	2,51089
7,78800	2,51089
7,79680	2,51089
7,80560	2,51089
7,81440	2,51089
7,82320	2,51089
7,83200	2,51089
7,84080	2,51089
7,84960	2,51089
7,85840	2,51089
7,86720	2,51089
7,87600	2,51089
7,88480	2,51089
7,89360	2,52066
7,90240	2,52066
7,91120	2,52066
7,92000	2,52066
7,92880	2,52066
7,93760	2,52066
7,94640	2,52066
7,95520	2,52066
7,96400	2,53043
7,97280	2,52066
7,98160	2,53043
7,99040	2,52066
7,99920	2,52066
8,00800	2,53043
8,01680	2,53043
8,02560	2,52066
8,03440	2,53043
8,04320	2,53043
8,05200	2,53043
8,06080	2,53043
8,06960	2,53043
8,07840	2,53043
8,08720	2,54997
8,09600	2,53043
8,10480	2,52066
8,11360	2,53043
8,12240	2,53043
8,13120	2,52066
8,14000	2,52066
8,14880	2,53043
8,15760	2,52066
8,16640	2,52066
8,17520	2,53043
8,18400	2,52066
8,19280	2,52066
8,20160	2,51089
8,21040	2,51089
8,21920	2,51089
8,22800	2,51089
8,23680	2,50112
8,24560	2,50112
8,25440	2,50112
8,26320	2,50112
8,27200	2,50112
8,28080	2,50112
8,28960	2,50112
8,29840	2,50112
8,30720	2,51089
8,31600	2,51089
8,32480	2,52066
8,33360	2,52066
8,34240	2,53043
8,35120	2,53043
8,36000	2,53043
8,36880	2,54020
8,37760	2,54020
8,38640	2,54020
8,39520	2,54997
8,40400	2,54997
8,41280	2,54997
8,42160	2,54997
8,43040	2,54997
8,43920	2,54997
8,44800	2,55974
8,45680	2,54997
8,46560	2,54997
8,47440	2,54997
8,48320	2,54997
8,49200	2,54997
8,50080	2,54997
8,50960	2,54997
8,51840	2,54997
8,52720	2,54020
8,53600	2,54997
8,54480	2,54997
8,55360	2,54997
8,56240	2,54020
8,57120	2,54020
8,58000	2,54020
8,58880	2,54020
8,59760	2,54020
8,60640	2,54020
8,61520	2,54020
8,62400	2,54020
8,63280	2,54020
8,64160	2,54020
8,65040	2,54020
8,65920	2,54020
8,66800	2,54020
8,67680	2,53043
8,68560	2,54020
8,69440	2,53043
8,70320	2,53043
8,71200	2,53043
8,72080	2,53043
8,72960	2,53043
8,73840	2,53043
8,74720	2,53043
8,75600	2,54020
8,76480	2,53043
8,77360	2,53043
8,78240	2,53043
8,79120	2,53043
8,80000	2,53043
8,80880	2,53043
8,81760	2,53043
8,82640	2,53043
8,83520	2,54020
8,84400	2,53043
8,85280	2,53043
8,86160	2,53043
8,87040	2,53043
8,87920	2,53043
8,88800	2,53043
8,89680	2,53043
8,90560	2,53043
8,91440	2,53043
8,92320	2,53043
8,93200	2,53043
8,94080	2,53043
8,94960	2,53043
8,95840	2,53043
8,96720	2,52066
