Position [V]	Intensität [Skt]
0,00000	3,91777
0,00880000	3,63444
0,0176000	3,47812
0,0264000	3,40973
0,0352000	3,38042
0,0440000	3,38042
0,0528000	3,36088
0,0616000	3,36088
0,0704000	3,36088
0,0792000	3,36088
0,0880000	3,36088
0,0968000	3,36088
0,105600	3,36088
0,114400	3,36088
0,123200	3,36088
0,132000	3,36088
0,140800	3,36088
0,149600	3,36088
0,158400	3,37065
0,167200	3,36088
0,176000	3,36088
0,184800	3,36088
0,193600	3,36088
0,202400	3,36088
0,211200	3,35111
0,220000	3,35111
0,228800	3,35111
0,237600	3,36088
0,246400	3,35111
0,255200	3,35111
0,264000	3,36088
0,272800	3,36088
0,281600	3,36088
0,290400	3,37065
0,299200	3,36088
0,308000	3,36088
0,316800	3,37065
0,325600	3,37065
0,334400	3,37065
0,343200	3,37065
0,352000	3,38042
0,360800	3,38042
0,369600	3,38042
0,378400	3,38042
0,387200	3,38042
0,396000	3,38042
0,404800	3,38042
0,413600	3,38042
0,422400	3,38042
0,431200	3,36088
0,440000	3,36088
0,448800	3,36088
0,457600	3,36088
0,466400	3,36088
0,475200	3,35111
0,484000	3,36088
0,492800	3,37065
0,501600	3,37065
0,510400	3,38042
0,519200	3,38042
0,528000	3,38042
0,536800	3,37065
0,545600	3,37065
0,554400	3,37065
0,563200	3,37065
0,572000	3,36088
0,580800	3,36088
0,589600	3,37065
0,598400	3,37065
0,607200	3,36088
0,616000	3,36088
0,624800	3,37065
0,633600	3,36088
0,642400	3,37065
0,651200	3,36088
0,660000	3,36088
0,668800	3,36088
0,677600	3,36088
0,686400	3,36088
0,695200	3,36088
0,704000	3,36088
0,712800	3,37065
0,721600	3,36088
0,730400	3,37065
0,739200	3,37065
0,748000	3,37065
0,756800	3,37065
0,765600	3,37065
0,774400	3,36088
0,783200	3,36088
0,792000	3,37065
0,800800	3,37065
0,809600	3,37065
0,818400	3,38042
0,827200	3,38042
0,836000	3,37065
0,844800	3,37065
0,853600	3,37065
0,862400	3,37065
0,871200	3,37065
0,880000	3,38042
0,888800	3,37065
0,897600	3,38042
0,906400	3,38042
0,915200	3,38042
0,924000	3,38042
0,932800	3,38042
0,941600	3,38042
0,950400	3,38042
0,959200	3,38042
0,968000	3,37065
0,976800	3,37065
0,985600	3,37065
0,994400	3,37065
1,00320	3,37065
1,01200	3,36088
1,02080	3,36088
1,02960	3,36088
1,03840	3,36088
1,04720	3,36088
1,05600	3,36088
1,06480	3,36088
1,07360	3,36088
1,08240	3,36088
1,09120	3,35111
1,10000	3,36088
1,10880	3,35111
1,11760	3,35111
1,12640	3,36088
1,13520	3,35111
1,14400	3,35111
1,15280	3,36088
1,16160	3,36088
1,17040	3,36088
1,17920	3,36088
1,18800	3,36088
1,19680	3,36088
1,20560	3,36088
1,21440	3,36088
1,22320	3,36088
1,23200	3,37065
1,24080	3,37065
1,24960	3,37065
1,25840	3,37065
1,26720	3,37065
1,27600	3,38042
1,28480	3,38042
1,29360	3,37065
1,30240	3,38042
1,31120	3,38042
1,32000	3,37065
1,32880	3,38042
1,33760	3,38042
1,34640	3,38042
1,35520	3,37065
1,36400	3,37065
1,37280	3,37065
1,38160	3,37065
1,39040	3,37065
1,39920	3,37065
1,40800	3,37065
1,41680	3,37065
1,42560	3,37065
1,43440	3,36088
1,44320	3,36088
1,45200	3,35111
1,46080	3,33157
1,46960	3,34134
1,47840	3,35111
1,48720	3,35111
1,49600	3,34134
1,50480	3,35111
1,51360	3,34134
1,52240	3,35111
1,53120	3,35111
1,54000	3,34134
1,54880	3,34134
1,55760	3,34134
1,56640	3,35111
1,57520	3,35111
1,58400	3,35111
1,59280	3,35111
1,60160	3,35111
1,61040	3,36088
1,61920	3,35111
1,62800	3,36088
1,63680	3,37065
1,64560	3,36088
1,65440	3,36088
1,66320	3,36088
1,67200	3,37065
1,68080	3,37065
1,68960	3,37065
1,69840	3,38042
1,70720	3,37065
1,71600	3,38042
1,72480	3,38042
1,73360	3,38042
1,74240	3,38042
1,75120	3,37065
1,76000	3,37065
1,76880	3,37065
1,77760	3,37065
1,78640	3,37065
1,79520	3,36088
1,80400	3,36088
1,81280	3,36088
1,82160	3,36088
1,83040	3,36088
1,83920	3,36088
1,84800	3,35111
1,85680	3,34134
1,86560	3,34134
1,87440	3,35111
1,88320	3,34134
1,89200	3,34134
1,90080	3,34134
1,90960	3,34134
1,91840	3,34134
1,92720	3,34134
1,93600	3,34134
1,94480	3,34134
1,95360	3,33157
1,96240	3,34134
1,97120	3,34134
1,98000	3,34134
1,98880	3,35111
1,99760	3,35111
2,00640	3,35111
2,01520	3,35111
2,02400	3,35111
2,03280	3,36088
2,04160	3,37065
2,05040	3,37065
2,05920	3,36088
2,06800	3,37065
2,07680	3,37065
2,08560	3,38042
2,09440	3,38042
2,10320	3,38042
2,11200	3,38042
2,12080	3,38042
2,12960	3,39019
2,13840	3,39019
2,14720	3,39019
2,15600	3,39019
2,16480	3,39019
2,17360	3,38042
2,18240	3,38042
2,19120	3,38042
2,20000	3,38042
2,20880	3,37065
2,21760	3,37065
2,22640	3,36088
2,23520	3,36088
2,24400	3,35111
2,25280	3,35111
2,26160	3,35111
2,27040	3,34134
2,27920	3,34134
2,28800	3,34134
2,29680	3,33157
2,30560	3,33157
2,31440	3,33157
2,32320	3,33157
2,33200	3,32180
2,34080	3,33157
2,34960	3,33157
2,35840	3,33157
2,36720	3,32180
2,37600	3,33157
2,38480	3,34134
2,39360	3,34134
2,40240	3,35111
2,41120	3,35111
2,42000	3,35111
2,42880	3,35111
2,43760	3,36088
2,44640	3,36088
2,45520	3,37065
2,46400	3,37065
2,47280	3,38042
2,48160	3,38042
2,49040	3,39019
2,49920	3,39019
2,50800	3,39996
2,51680	3,39996
2,52560	3,39996
2,53440	3,39996
2,54320	3,39996
2,55200	3,39996
2,56080	3,39996
2,56960	3,39019
2,57840	3,39019
2,58720	3,38042
2,59600	3,39019
2,60480	3,37065
2,61360	3,37065
2,62240	3,36088
2,63120	3,35111
2,64000	3,34134
2,64880	3,34134
2,65760	3,32180
2,66640	3,32180
2,67520	3,30226
2,68400	3,30226
2,69280	3,31203
2,70160	3,29249
2,71040	3,28272
2,71920	3,28272
2,72800	3,29249
2,73680	3,28272
2,74560	3,28272
2,75440	3,28272
2,76320	3,28272
2,77200	3,29249
2,78080	3,30226
2,78960	3,30226
2,79840	3,31203
2,80720	3,33157
2,81600	3,34134
2,82480	3,35111
2,83360	3,36088
2,84240	3,38042
2,85120	3,39019
2,86000	3,39996
2,86880	3,41950
2,87760	3,41950
2,88640	3,43904
2,89520	3,43904
2,90400	3,44881
2,91280	3,45858
2,92160	3,45858
2,93040	3,45858
2,93920	3,45858
2,94800	3,44881
2,95680	3,43904
2,96560	3,42927
2,97440	3,41950
2,98320	3,40973
2,99200	3,39996
3,00080	3,38042
3,00960	3,36088
3,01840	3,34134
3,02720	3,32180
3,03600	3,30226
3,04480	3,28272
3,05360	3,26318
3,06240	3,24364
3,07120	3,22410
3,08000	3,21433
3,08880	3,20456
3,09760	3,20456
3,10640	3,19479
3,11520	3,19479
3,12400	3,20456
3,13280	3,21433
3,14160	3,21433
3,15040	3,23387
3,15920	3,25341
3,16800	3,27295
3,17680	3,29249
3,18560	3,31203
3,19440	3,35111
3,20320	3,36088
3,21200	3,39019
3,22080	3,40973
3,22960	3,43904
3,23840	3,45858
3,24720	3,48789
3,25600	3,50743
3,26480	3,52697
3,27360	3,54651
3,28240	3,56605
3,29120	3,57582
3,30000	3,57582
3,30880	3,57582
3,31760	3,56605
3,32640	3,55628
3,33520	3,53674
3,34400	3,50743
3,35280	3,47812
3,36160	3,44881
3,37040	3,40973
3,37920	3,37065
3,38800	3,33157
3,39680	3,29249
3,40560	3,24364
3,41440	3,19479
3,42320	3,15571
3,43200	3,10686
3,44080	3,07755
3,44960	3,05801
3,45840	3,01893
3,46720	3,00916
3,47600	2,98962
3,48480	2,98962
3,49360	2,98962
3,50240	2,99939
3,51120	3,02870
3,52000	3,03847
3,52880	3,06778
3,53760	3,10686
3,54640	3,16548
3,55520	3,22410
3,56400	3,29249
3,57280	3,37065
3,58160	3,44881
3,59040	3,52697
3,59920	3,58559
3,60800	3,64421
3,61680	3,71260
3,62560	3,75168
3,63440	3,79076
3,64320	3,82984
3,65200	3,85915
3,66080	3,86892
3,66960	3,85915
3,67840	3,84938
3,68720	3,82007
3,69600	3,79076
3,70480	3,74191
3,71360	3,67352
3,72240	3,60513
3,73120	3,51720
3,74000	3,42927
3,74880	3,35111
3,75760	3,24364
3,76640	3,15571
3,77520	3,05801
3,78400	2,97008
3,79280	2,87238
3,80160	2,78445
3,81040	2,71606
3,81920	2,64767
3,82800	2,59882
3,83680	2,56951
3,84560	2,55974
3,85440	2,55974
3,86320	2,59882
3,87200	2,64767
3,88080	2,71606
3,88960	2,81376
3,89840	2,94077
3,90720	3,06778
3,91600	3,21433
3,92480	3,37065
3,93360	3,52697
3,94240	3,70283
3,95120	3,87869
3,96000	4,04478
3,96880	4,22064
3,97760	4,34765
3,98640	4,47466
3,99520	4,56259
4,00400	4,62121
4,01280	4,64075
4,02160	4,62121
4,03040	4,55282
4,03920	4,44535
4,04800	4,29880
4,05680	4,10340
4,06560	3,87869
4,07440	3,61490
4,08320	3,33157
4,09200	3,03847
4,10080	2,74537
4,10960	2,46204
4,11840	2,18848
4,12720	1,94423
4,13600	1,74883
4,14480	1,59251
4,15360	1,50458
4,16240	1,46550
4,17120	1,47527
4,18000	1,54366
4,18880	1,67067
4,19760	1,84653
4,20640	2,08101
4,21520	2,36434
4,22400	2,68675
4,23280	3,05801
4,24160	3,42927
4,25040	3,82007
4,25920	4,19133
4,26800	4,54305
4,27680	4,83615
4,28560	5,07063
4,29440	5,22695
4,30320	5,30511
4,31200	5,30511
4,32080	5,23672
4,32960	5,08040
4,33840	4,87523
4,34720	4,63098
4,35600	4,34765
4,36480	4,03501
4,37360	3,71260
4,38240	3,39019
4,39120	3,07755
4,40000	2,78445
4,40880	2,51089
4,41760	2,27641
4,42640	2,09078
4,43520	1,94423
4,44400	1,85630
4,45280	1,80745
4,46160	1,80745
4,47040	1,85630
4,47920	1,94423
4,48800	2,05170
4,49680	2,20802
4,50560	2,38388
4,51440	2,58905
4,52320	2,80399
4,53200	3,03847
4,54080	3,25341
4,54960	3,46835
4,55840	3,66375
4,56720	3,84938
4,57600	4,00570
4,58480	4,12294
4,59360	4,22064
4,60240	4,29880
4,61120	4,33788
4,62000	4,34765
4,62880	4,33788
4,63760	4,29880
4,64640	4,24018
4,65520	4,16202
4,66400	4,06432
4,67280	3,94708
4,68160	3,82984
4,69040	3,70283
4,69920	3,57582
4,70800	3,43904
4,71680	3,32180
4,72560	3,19479
4,73440	3,08732
4,74320	2,98962
4,75200	2,90169
4,76080	2,82353
4,76960	2,77468
4,77840	2,73560
4,78720	2,70629
4,79600	2,69652
4,80480	2,70629
4,81360	2,72583
4,82240	2,75514
4,83120	2,79422
4,84000	2,85284
4,84880	2,92123
4,85760	2,98962
4,86640	3,06778
4,87520	3,14594
4,88400	3,23387
4,89280	3,31203
4,90160	3,39019
4,91040	3,46835
4,91920	3,53674
4,92800	3,58559
4,93680	3,63444
4,94560	3,68329
4,95440	3,71260
4,96320	3,74191
4,97200	3,77122
4,98080	3,77122
4,98960	3,77122
4,99840	3,76145
5,00720	3,74191
5,01600	3,71260
5,02480	3,67352
5,03360	3,62467
5,04240	3,58559
5,05120	3,52697
5,06000	3,47812
5,06880	3,40973
5,07760	3,36088
5,08640	3,30226
5,09520	3,26318
5,10400	3,20456
5,11280	3,16548
5,12160	3,12640
5,13040	3,09709
5,13920	3,07755
5,14800	3,05801
5,15680	3,03847
5,16560	3,03847
5,17440	3,03847
5,18320	3,04824
5,19200	3,06778
5,20080	3,08732
5,20960	3,11663
5,21840	3,13617
5,22720	3,17525
5,23600	3,20456
5,24480	3,24364
5,25360	3,27295
5,26240	3,31203
5,27120	3,34134
5,28000	3,39019
5,28880	3,41950
5,29760	3,44881
5,30640	3,46835
5,31520	3,48789
5,32400	3,50743
5,33280	3,51720
5,34160	3,52697
5,35040	3,53674
5,35920	3,53674
5,36800	3,52697
5,37680	3,52697
5,38560	3,51720
5,39440	3,50743
5,40320	3,48789
5,41200	3,47812
5,42080	3,44881
5,42960	3,42927
5,43840	3,39996
5,44720	3,38042
5,45600	3,36088
5,46480	3,33157
5,47360	3,31203
5,48240	3,29249
5,49120	3,27295
5,50000	3,25341
5,50880	3,24364
5,51760	3,22410
5,52640	3,21433
5,53520	3,20456
5,54400	3,20456
5,55280	3,19479
5,56160	3,19479
5,57040	3,20456
5,57920	3,21433
5,58800	3,22410
5,59680	3,23387
5,60560	3,24364
5,61440	3,26318
5,62320	3,28272
5,63200	3,29249
5,64080	3,31203
5,64960	3,32180
5,65840	3,35111
5,66720	3,35111
5,67600	3,38042
5,68480	3,39019
5,69360	3,39019
5,70240	3,40973
5,71120	3,40973
5,72000	3,41950
5,72880	3,41950
5,73760	3,41950
5,74640	3,42927
5,75520	3,41950
5,76400	3,41950
5,77280	3,41950
5,78160	3,40973
5,79040	3,40973
5,79920	3,39996
5,80800	3,39019
5,81680	3,38042
5,82560	3,38042
5,83440	3,36088
5,84320	3,35111
5,85200	3,34134
5,86080	3,32180
5,86960	3,32180
5,87840	3,30226
5,88720	3,30226
5,89600	3,29249
5,90480	3,28272
5,91360	3,28272
5,92240	3,27295
5,93120	3,27295
5,94000	3,27295
5,94880	3,26318
5,95760	3,26318
5,96640	3,26318
5,97520	3,26318
5,98400	3,27295
5,99280	3,27295
6,00160	3,28272
6,01040	3,28272
6,01920	3,29249
6,02800	3,29249
6,03680	3,30226
6,04560	3,31203
6,05440	3,32180
6,06320	3,32180
6,07200	3,33157
6,08080	3,34134
6,08960	3,34134
6,09840	3,35111
6,10720	3,36088
6,11600	3,36088
6,12480	3,37065
6,13360	3,37065
6,14240	3,37065
6,15120	3,37065
6,16000	3,37065
6,16880	3,37065
6,17760	3,37065
6,18640	3,37065
6,19520	3,36088
6,20400	3,36088
6,21280	3,35111
6,22160	3,34134
6,23040	3,34134
6,23920	3,33157
6,24800	3,33157
6,25680	3,32180
6,26560	3,32180
6,27440	3,31203
6,28320	3,31203
6,29200	3,31203
6,30080	3,30226
6,30960	3,30226
6,31840	3,30226
6,32720	3,29249
6,33600	3,29249
6,34480	3,29249
6,35360	3,29249
6,36240	3,29249
6,37120	3,29249
6,38000	3,30226
6,38880	3,30226
6,39760	3,30226
6,40640	3,30226
6,41520	3,31203
6,42400	3,31203
6,43280	3,31203
6,44160	3,31203
6,45040	3,32180
6,45920	3,32180
6,46800	3,32180
6,47680	3,33157
6,48560	3,34134
6,49440	3,33157
6,50320	3,35111
6,51200	3,34134
6,52080	3,34134
6,52960	3,34134
6,53840	3,34134
6,54720	3,34134
6,55600	3,34134
6,56480	3,34134
6,57360	3,34134
6,58240	3,34134
6,59120	3,34134
6,60000	3,34134
6,60880	3,34134
6,61760	3,34134
6,62640	3,33157
6,63520	3,33157
6,64400	3,33157
6,65280	3,33157
6,66160	3,32180
6,67040	3,32180
6,67920	3,32180
6,68800	3,31203
6,69680	3,30226
6,70560	3,30226
6,71440	3,30226
6,72320	3,30226
6,73200	3,30226
6,74080	3,30226
6,74960	3,30226
6,75840	3,30226
6,76720	3,30226
6,77600	3,31203
6,78480	3,31203
6,79360	3,31203
6,80240	3,31203
6,81120	3,31203
6,82000	3,31203
6,82880	3,31203
6,83760	3,31203
6,84640	3,32180
6,85520	3,32180
6,86400	3,32180
6,87280	3,32180
6,88160	3,32180
6,89040	3,32180
6,89920	3,33157
6,90800	3,33157
6,91680	3,34134
6,92560	3,33157
6,93440	3,33157
6,94320	3,33157
6,95200	3,33157
6,96080	3,33157
6,96960	3,33157
6,97840	3,33157
6,98720	3,33157
6,99600	3,33157
7,00480	3,33157
7,01360	3,33157
7,02240	3,33157
7,03120	3,33157
7,04000	3,33157
7,04880	3,33157
7,05760	3,33157
7,06640	3,34134
7,07520	3,32180
7,08400	3,32180
7,09280	3,33157
7,10160	3,31203
7,11040	3,32180
7,11920	3,32180
7,12800	3,31203
7,13680	3,31203
7,14560	3,30226
7,15440	3,30226
7,16320	3,30226
7,17200	3,31203
7,18080	3,31203
7,18960	3,31203
7,19840	3,31203
7,20720	3,32180
7,21600	3,31203
7,22480	3,31203
7,23360	3,31203
7,24240	3,32180
7,25120	3,31203
7,26000	3,31203
7,26880	3,31203
7,27760	3,32180
7,28640	3,32180
7,29520	3,32180
7,30400	3,32180
7,31280	3,33157
7,32160	3,33157
7,33040	3,33157
7,33920	3,33157
7,34800	3,34134
7,35680	3,35111
7,36560	3,34134
7,37440	3,34134
7,38320	3,34134
7,39200	3,34134
7,40080	3,34134
7,40960	3,34134
7,41840	3,34134
7,42720	3,34134
7,43600	3,34134
7,44480	3,33157
7,45360	3,33157
7,46240	3,32180
7,47120	3,33157
7,48000	3,33157
7,48880	3,32180
7,49760	3,32180
7,50640	3,32180
7,51520	3,32180
7,52400	3,32180
7,53280	3,32180
7,54160	3,32180
7,55040	3,33157
7,55920	3,32180
7,56800	3,32180
7,57680	3,31203
7,58560	3,31203
7,59440	3,31203
7,60320	3,31203
7,61200	3,31203
7,62080	3,31203
7,62960	3,31203
7,63840	3,31203
7,64720	3,32180
7,65600	3,32180
7,66480	3,32180
7,67360	3,32180
7,68240	3,32180
7,69120	3,32180
7,70000	3,32180
7,70880	3,32180
7,71760	3,33157
7,72640	3,33157
7,73520	3,33157
7,74400	3,33157
7,75280	3,33157
7,76160	3,32180
7,77040	3,33157
7,77920	3,32180
7,78800	3,32180
7,79680	3,33157
7,80560	3,32180
7,81440	3,33157
7,82320	3,33157
7,83200	3,33157
7,84080	3,33157
7,84960	3,33157
7,85840	3,33157
7,86720	3,33157
7,87600	3,33157
7,88480	3,33157
7,89360	3,33157
7,90240	3,33157
7,91120	3,33157
7,92000	3,32180
7,92880	3,32180
7,93760	3,32180
7,94640	3,32180
7,95520	3,32180
7,96400	3,31203
7,97280	3,31203
7,98160	3,31203
7,99040	3,31203
7,99920	3,31203
8,00800	3,31203
8,01680	3,31203
8,02560	3,31203
8,03440	3,31203
8,04320	3,31203
8,05200	3,31203
8,06080	3,31203
8,06960	3,31203
8,07840	3,31203
8,08720	3,31203
8,09600	3,31203
8,10480	3,31203
8,11360	3,31203
8,12240	3,32180
8,13120	3,31203
8,14000	3,31203
8,14880	3,31203
8,15760	3,32180
8,16640	3,32180
8,17520	3,32180
8,18400	3,32180
8,19280	3,32180
8,20160	3,33157
8,21040	3,33157
8,21920	3,32180
8,22800	3,32180
8,23680	3,32180
8,24560	3,32180
8,25440	3,32180
8,26320	3,32180
8,27200	3,33157
8,28080	3,32180
8,28960	3,32180
8,29840	3,32180
8,30720	3,32180
8,31600	3,32180
8,32480	3,32180
8,33360	3,32180
8,34240	3,32180
8,35120	3,31203
8,36000	3,31203
8,36880	3,32180
8,37760	3,31203
8,38640	3,31203
8,39520	3,31203
8,40400	3,30226
8,41280	3,30226
8,42160	3,30226
8,43040	3,30226
8,43920	3,30226
8,44800	3,30226
8,45680	3,30226
8,46560	3,30226
8,47440	3,30226
8,48320	3,30226
8,49200	3,30226
8,50080	3,30226
8,50960	3,30226
8,51840	3,30226
8,52720	3,30226
8,53600	3,30226
8,54480	3,30226
8,55360	3,30226
8,56240	3,30226
8,57120	3,30226
8,58000	3,30226
8,58880	3,31203
8,59760	3,31203
8,60640	3,30226
8,61520	3,31203
8,62400	3,31203
8,63280	3,30226
8,64160	3,31203
8,65040	3,31203
8,65920	3,31203
8,66800	3,31203
8,67680	3,31203
8,68560	3,31203
8,69440	3,31203
8,70320	3,31203
8,71200	3,31203
8,72080	3,31203
8,72960	3,30226
8,73840	3,30226
8,74720	3,31203
8,75600	3,31203
8,76480	3,30226
8,77360	3,30226
8,78240	3,31203
8,79120	3,30226
8,80000	3,30226
8,80880	3,30226
8,81760	3,30226
8,82640	3,30226
8,83520	3,29249
8,84400	3,30226
8,85280	3,30226
8,86160	3,29249
8,87040	3,29249
8,87920	3,30226
8,88800	3,30226
8,89680	3,30226
8,90560	3,30226
8,91440	3,29249
8,92320	3,29249
8,93200	3,29249
8,94080	3,29249
8,94960	3,29249
8,95840	3,29249
8,96720	3,29249
