Position [V]	Intensität [Skt]
0,00000	2,56951
0,00880000	2,56951
0,0176000	2,56951
0,0264000	2,56951
0,0352000	2,56951
0,0440000	2,56951
0,0528000	2,58905
0,0616000	2,59882
0,0704000	2,62813
0,0792000	2,65744
0,0880000	2,67698
0,0968000	2,68675
0,105600	2,69652
0,114400	2,71606
0,123200	2,72583
0,132000	2,72583
0,140800	2,73560
0,149600	2,72583
0,158400	2,73560
0,167200	2,73560
0,176000	2,73560
0,184800	2,73560
0,193600	2,73560
0,202400	2,72583
0,211200	2,72583
0,220000	2,71606
0,228800	2,70629
0,237600	2,70629
0,246400	2,69652
0,255200	2,67698
0,264000	2,65744
0,272800	2,64767
0,281600	2,62813
0,290400	2,60859
0,299200	2,60859
0,308000	2,58905
0,316800	2,56951
0,325600	2,54997
0,334400	2,53043
0,343200	2,51089
0,352000	2,48158
0,360800	2,45227
0,369600	2,43273
0,378400	2,41319
0,387200	2,39365
0,396000	2,36434
0,404800	2,34480
0,413600	2,32526
0,422400	2,30572
0,431200	2,30572
0,440000	2,28618
0,448800	2,28618
0,457600	2,28618
0,466400	2,28618
0,475200	2,28618
0,484000	2,28618
0,492800	2,28618
0,501600	2,30572
0,510400	2,33503
0,519200	2,35457
0,528000	2,37411
0,536800	2,40342
0,545600	2,43273
0,554400	2,47181
0,563200	2,50112
0,572000	2,54020
0,580800	2,56951
0,589600	2,60859
0,598400	2,64767
0,607200	2,68675
0,616000	2,71606
0,624800	2,75514
0,633600	2,78445
0,642400	2,81376
0,651200	2,84307
0,660000	2,86261
0,668800	2,88215
0,677600	2,90169
0,686400	2,91146
0,695200	2,92123
0,704000	2,93100
0,712800	2,92123
0,721600	2,92123
0,730400	2,91146
0,739200	2,89192
0,748000	2,88215
0,756800	2,85284
0,765600	2,82353
0,774400	2,79422
0,783200	2,76491
0,792000	2,71606
0,800800	2,68675
0,809600	2,63790
0,818400	2,58905
0,827200	2,54020
0,836000	2,48158
0,844800	2,44250
0,853600	2,37411
0,862400	2,32526
0,871200	2,27641
0,880000	2,21779
0,888800	2,16894
0,897600	2,12009
0,906400	2,08101
0,915200	2,04193
0,924000	2,01262
0,932800	1,99308
0,941600	1,98331
0,950400	1,96377
0,959200	1,96377
0,968000	1,98331
0,976800	2,00285
0,985600	2,03216
0,994400	2,09078
1,00320	2,14940
1,01200	2,21779
1,02080	2,29595
1,02960	2,38388
1,03840	2,48158
1,04720	2,58905
1,05600	2,69652
1,06480	2,81376
1,07360	2,93100
1,08240	3,04824
1,09120	3,15571
1,10000	3,25341
1,10880	3,34134
1,11760	3,42927
1,12640	3,48789
1,13520	3,53674
1,14400	3,55628
1,15280	3,55628
1,16160	3,53674
1,17040	3,49766
1,17920	3,42927
1,18800	3,34134
1,19680	3,23387
1,20560	3,08732
1,21440	2,94077
1,22320	2,77468
1,23200	2,59882
1,24080	2,42296
1,24960	2,23733
1,25840	2,05170
1,26720	1,88561
1,27600	1,71952
1,28480	1,58274
1,29360	1,46550
1,30240	1,37757
1,31120	1,30918
1,32000	1,27987
1,32880	1,27987
1,33760	1,31895
1,34640	1,38734
1,35520	1,48504
1,36400	1,61205
1,37280	1,77814
1,38160	1,96377
1,39040	2,15917
1,39920	2,36434
1,40800	2,58905
1,41680	2,80399
1,42560	3,01893
1,43440	3,22410
1,44320	3,40973
1,45200	3,57582
1,46080	3,72237
1,46960	3,82007
1,47840	3,90800
1,48720	3,95685
1,49600	3,95685
1,50480	3,91777
1,51360	3,85915
1,52240	3,75168
1,53120	3,62467
1,54000	3,46835
1,54880	3,27295
1,55760	3,07755
1,56640	2,86261
1,57520	2,65744
1,58400	2,45227
1,59280	2,23733
1,60160	2,04193
1,61040	1,88561
1,61920	1,72929
1,62800	1,61205
1,63680	1,53389
1,64560	1,47527
1,65440	1,45573
1,66320	1,45573
1,67200	1,50458
1,68080	1,57297
1,68960	1,66090
1,69840	1,77814
1,70720	1,91492
1,71600	2,06147
1,72480	2,21779
1,73360	2,37411
1,74240	2,54020
1,75120	2,68675
1,76000	2,82353
1,76880	2,96031
1,77760	3,06778
1,78640	3,15571
1,79520	3,23387
1,80400	3,29249
1,81280	3,32180
1,82160	3,33157
1,83040	3,33157
1,83920	3,31203
1,84800	3,27295
1,85680	3,21433
1,86560	3,14594
1,87440	3,06778
1,88320	2,98962
1,89200	2,90169
1,90080	2,82353
1,90960	2,72583
1,91840	2,63790
1,92720	2,55974
1,93600	2,48158
1,94480	2,40342
1,95360	2,33503
1,96240	2,28618
1,97120	2,23733
1,98000	2,19825
1,98880	2,16894
1,99760	2,15917
2,00640	2,13963
2,01520	2,13963
2,02400	2,14940
2,03280	2,16894
2,04160	2,18848
2,05040	2,21779
2,05920	2,26664
2,06800	2,30572
2,07680	2,34480
2,08560	2,40342
2,09440	2,45227
2,10320	2,51089
2,11200	2,55974
2,12080	2,61836
2,12960	2,66721
2,13840	2,72583
2,14720	2,77468
2,15600	2,81376
2,16480	2,85284
2,17360	2,88215
2,18240	2,91146
2,19120	2,92123
2,20000	2,93100
2,20880	2,93100
2,21760	2,92123
2,22640	2,91146
2,23520	2,89192
2,24400	2,86261
2,25280	2,82353
2,26160	2,78445
2,27040	2,74537
2,27920	2,69652
2,28800	2,65744
2,29680	2,60859
2,30560	2,56951
2,31440	2,52066
2,32320	2,49135
2,33200	2,45227
2,34080	2,42296
2,34960	2,40342
2,35840	2,39365
2,36720	2,37411
2,37600	2,37411
2,38480	2,37411
2,39360	2,37411
2,40240	2,39365
2,41120	2,40342
2,42000	2,42296
2,42880	2,43273
2,43760	2,46204
2,44640	2,48158
2,45520	2,51089
2,46400	2,53043
2,47280	2,55974
2,48160	2,57928
2,49040	2,59882
2,49920	2,61836
2,50800	2,63790
2,51680	2,65744
2,52560	2,66721
2,53440	2,68675
2,54320	2,69652
2,55200	2,70629
2,56080	2,70629
2,56960	2,73560
2,57840	2,73560
2,58720	2,73560
2,59600	2,72583
2,60480	2,72583
2,61360	2,71606
2,62240	2,70629
2,63120	2,69652
2,64000	2,67698
2,64880	2,66721
2,65760	2,64767
2,66640	2,63790
2,67520	2,60859
2,68400	2,59882
2,69280	2,57928
2,70160	2,55974
2,71040	2,54020
2,71920	2,53043
2,72800	2,51089
2,73680	2,50112
2,74560	2,50112
2,75440	2,49135
2,76320	2,48158
2,77200	2,48158
2,78080	2,49135
2,78960	2,49135
2,79840	2,49135
2,80720	2,50112
2,81600	2,52066
2,82480	2,53043
2,83360	2,54997
2,84240	2,55974
2,85120	2,57928
2,86000	2,59882
2,86880	2,60859
2,87760	2,61836
2,88640	2,64767
2,89520	2,64767
2,90400	2,64767
2,91280	2,64767
2,92160	2,65744
2,93040	2,66721
2,93920	2,65744
2,94800	2,65744
2,95680	2,65744
2,96560	2,65744
2,97440	2,64767
2,98320	2,64767
2,99200	2,63790
3,00080	2,63790
3,00960	2,63790
3,01840	2,62813
3,02720	2,61836
3,03600	2,61836
3,04480	2,60859
3,05360	2,59882
3,06240	2,59882
3,07120	2,58905
3,08000	2,57928
3,08880	2,57928
3,09760	2,57928
3,10640	2,55974
3,11520	2,55974
3,12400	2,55974
3,13280	2,54997
3,14160	2,54997
3,15040	2,54997
3,15920	2,54020
3,16800	2,54020
3,17680	2,54020
3,18560	2,54020
3,19440	2,54020
3,20320	2,54997
3,21200	2,54997
3,22080	2,55974
3,22960	2,55974
3,23840	2,57928
3,24720	2,57928
3,25600	2,58905
3,26480	2,58905
3,27360	2,59882
3,28240	2,60859
3,29120	2,60859
3,30000	2,61836
3,30880	2,62813
3,31760	2,62813
3,32640	2,62813
3,33520	2,62813
3,34400	2,61836
3,35280	2,61836
3,36160	2,60859
3,37040	2,61836
3,37920	2,60859
3,38800	2,60859
3,39680	2,60859
3,40560	2,59882
3,41440	2,59882
3,42320	2,58905
3,43200	2,58905
3,44080	2,58905
3,44960	2,58905
3,45840	2,58905
3,46720	2,57928
3,47600	2,57928
3,48480	2,57928
3,49360	2,57928
3,50240	2,57928
3,51120	2,57928
3,52000	2,57928
3,52880	2,57928
3,53760	2,56951
3,54640	2,57928
3,55520	2,56951
3,56400	2,57928
3,57280	2,57928
3,58160	2,56951
3,59040	2,57928
3,59920	2,57928
3,60800	2,57928
3,61680	2,57928
3,62560	2,57928
3,63440	2,57928
3,64320	2,58905
3,65200	2,58905
3,66080	2,59882
3,66960	2,59882
3,67840	2,59882
3,68720	2,59882
3,69600	2,60859
3,70480	2,60859
3,71360	2,59882
3,72240	2,60859
3,73120	2,60859
3,74000	2,59882
3,74880	2,59882
3,75760	2,59882
3,76640	2,59882
3,77520	2,58905
3,78400	2,59882
3,79280	2,58905
3,80160	2,57928
3,81040	2,57928
3,81920	2,57928
3,82800	2,56951
3,83680	2,56951
3,84560	2,56951
3,85440	2,56951
3,86320	2,56951
3,87200	2,55974
3,88080	2,56951
3,88960	2,55974
3,89840	2,55974
3,90720	2,56951
3,91600	2,56951
3,92480	2,56951
3,93360	2,56951
3,94240	2,56951
3,95120	2,57928
3,96000	2,57928
3,96880	2,57928
3,97760	2,57928
3,98640	2,57928
3,99520	2,57928
4,00400	2,57928
4,01280	2,58905
4,02160	2,58905
4,03040	2,57928
4,03920	2,58905
4,04800	2,57928
4,05680	2,57928
4,06560	2,58905
4,07440	2,58905
4,08320	2,58905
4,09200	2,58905
4,10080	2,58905
4,10960	2,59882
4,11840	2,59882
4,12720	2,59882
4,13600	2,59882
4,14480	2,59882
4,15360	2,59882
4,16240	2,59882
4,17120	2,59882
4,18000	2,59882
4,18880	2,58905
4,19760	2,58905
4,20640	2,58905
4,21520	2,58905
4,22400	2,58905
4,23280	2,58905
4,24160	2,58905
4,25040	2,57928
4,25920	2,57928
4,26800	2,57928
4,27680	2,57928
4,28560	2,57928
4,29440	2,56951
4,30320	2,57928
4,31200	2,57928
4,32080	2,57928
4,32960	2,56951
4,33840	2,57928
4,34720	2,57928
4,35600	2,57928
4,36480	2,57928
4,37360	2,57928
4,38240	2,57928
4,39120	2,58905
4,40000	2,58905
4,40880	2,58905
4,41760	2,58905
4,42640	2,58905
4,43520	2,58905
4,44400	2,58905
4,45280	2,58905
4,46160	2,58905
4,47040	2,57928
4,47920	2,58905
4,48800	2,58905
4,49680	2,58905
4,50560	2,59882
4,51440	2,58905
4,52320	2,58905
4,53200	2,58905
4,54080	2,58905
4,54960	2,58905
4,55840	2,59882
4,56720	2,58905
4,57600	2,58905
4,58480	2,58905
4,59360	2,58905
4,60240	2,58905
4,61120	2,58905
4,62000	2,58905
4,62880	2,57928
4,63760	2,57928
4,64640	2,58905
4,65520	2,57928
4,66400	2,57928
4,67280	2,57928
4,68160	2,57928
4,69040	2,57928
4,69920	2,57928
4,70800	2,57928
4,71680	2,57928
4,72560	2,57928
4,73440	2,58905
4,74320	2,58905
4,75200	2,58905
4,76080	2,58905
4,76960	2,58905
4,77840	2,58905
4,78720	2,59882
4,79600	2,59882
4,80480	2,59882
4,81360	2,59882
4,82240	2,59882
4,83120	2,60859
4,84000	2,59882
4,84880	2,59882
4,85760	2,58905
4,86640	2,58905
4,87520	2,58905
4,88400	2,58905
4,89280	2,58905
4,90160	2,58905
4,91040	2,58905
4,91920	2,57928
4,92800	2,58905
4,93680	2,57928
4,94560	2,57928
4,95440	2,57928
4,96320	2,57928
4,97200	2,56951
4,98080	2,57928
4,98960	2,57928
4,99840	2,57928
5,00720	2,57928
5,01600	2,58905
5,02480	2,58905
5,03360	2,58905
5,04240	2,58905
5,05120	2,57928
5,06000	2,57928
5,06880	2,57928
5,07760	2,57928
5,08640	2,56951
5,09520	2,56951
5,10400	2,56951
5,11280	2,55974
5,12160	2,55974
5,13040	2,56951
5,13920	2,56951
5,14800	2,56951
5,15680	2,56951
5,16560	2,56951
5,17440	2,56951
5,18320	2,56951
5,19200	2,57928
5,20080	2,57928
5,20960	2,57928
5,21840	2,57928
5,22720	2,57928
5,23600	2,57928
5,24480	2,57928
5,25360	2,57928
5,26240	2,57928
5,27120	2,57928
5,28000	2,57928
5,28880	2,57928
5,29760	2,56951
5,30640	2,56951
5,31520	2,57928
5,32400	2,57928
5,33280	2,56951
5,34160	2,56951
5,35040	2,56951
5,35920	2,56951
5,36800	2,56951
5,37680	2,56951
5,38560	2,56951
5,39440	2,56951
5,40320	2,56951
5,41200	2,56951
5,42080	2,56951
5,42960	2,56951
5,43840	2,56951
5,44720	2,56951
5,45600	2,56951
5,46480	2,57928
5,47360	2,56951
5,48240	2,56951
5,49120	2,56951
5,50000	2,56951
5,50880	2,56951
5,51760	2,55974
5,52640	2,56951
5,53520	2,56951
5,54400	2,56951
5,55280	2,56951
5,56160	2,57928
5,57040	2,56951
5,57920	2,56951
5,58800	2,56951
5,59680	2,56951
5,60560	2,56951
5,61440	2,56951
5,62320	2,56951
5,63200	2,56951
5,64080	2,56951
5,64960	2,56951
5,65840	2,56951
5,66720	2,56951
5,67600	2,56951
5,68480	2,56951
5,69360	2,56951
5,70240	2,56951
5,71120	2,57928
5,72000	2,56951
5,72880	2,57928
5,73760	2,57928
5,74640	2,57928
5,75520	2,57928
5,76400	2,57928
5,77280	2,57928
5,78160	2,57928
5,79040	2,57928
5,79920	2,57928
5,80800	2,58905
5,81680	2,57928
5,82560	2,57928
5,83440	2,57928
5,84320	2,57928
5,85200	2,57928
5,86080	2,57928
5,86960	2,57928
5,87840	2,57928
5,88720	2,57928
5,89600	2,57928
5,90480	2,57928
5,91360	2,58905
5,92240	2,57928
5,93120	2,57928
5,94000	2,57928
5,94880	2,57928
5,95760	2,57928
5,96640	2,57928
5,97520	2,57928
5,98400	2,57928
5,99280	2,57928
6,00160	2,57928
6,01040	2,57928
6,01920	2,57928
6,02800	2,57928
6,03680	2,58905
6,04560	2,57928
6,05440	2,57928
6,06320	2,57928
6,07200	2,57928
6,08080	2,56951
6,08960	2,56951
6,09840	2,56951
6,10720	2,55974
6,11600	2,55974
6,12480	2,56951
6,13360	2,56951
6,14240	2,56951
6,15120	2,55974
6,16000	2,55974
6,16880	2,55974
6,17760	2,55974
6,18640	2,55974
6,19520	2,55974
6,20400	2,56951
6,21280	2,56951
6,22160	2,56951
6,23040	2,56951
6,23920	2,55974
6,24800	2,55974
6,25680	2,56951
6,26560	2,55974
6,27440	2,56951
6,28320	2,55974
6,29200	2,55974
6,30080	2,56951
6,30960	2,55974
6,31840	2,56951
6,32720	2,56951
6,33600	2,56951
6,34480	2,56951
6,35360	2,56951
6,36240	2,56951
6,37120	2,56951
6,38000	2,55974
6,38880	2,56951
6,39760	2,55974
6,40640	2,56951
6,41520	2,56951
6,42400	2,56951
6,43280	2,56951
6,44160	2,56951
6,45040	2,56951
6,45920	2,56951
6,46800	2,56951
6,47680	2,55974
6,48560	2,56951
6,49440	2,56951
6,50320	2,56951
6,51200	2,57928
6,52080	2,57928
6,52960	2,58905
6,53840	2,57928
6,54720	2,57928
6,55600	2,57928
6,56480	2,57928
6,57360	2,57928
6,58240	2,57928
6,59120	2,57928
6,60000	2,57928
6,60880	2,57928
6,61760	2,57928
6,62640	2,57928
6,63520	2,57928
6,64400	2,57928
6,65280	2,57928
6,66160	2,57928
6,67040	2,57928
6,67920	2,57928
6,68800	2,57928
6,69680	2,57928
6,70560	2,56951
6,71440	2,57928
6,72320	2,57928
6,73200	2,57928
6,74080	2,57928
6,74960	2,57928
6,75840	2,57928
6,76720	2,57928
6,77600	2,57928
6,78480	2,57928
6,79360	2,57928
6,80240	2,56951
6,81120	2,56951
6,82000	2,56951
6,82880	2,56951
6,83760	2,58905
6,84640	2,56951
6,85520	2,56951
6,86400	2,56951
6,87280	2,56951
6,88160	2,56951
6,89040	2,55974
6,89920	2,56951
6,90800	2,56951
6,91680	2,56951
6,92560	2,56951
6,93440	2,55974
6,94320	2,56951
6,95200	2,56951
6,96080	2,56951
6,96960	2,56951
6,97840	2,56951
6,98720	2,57928
6,99600	2,55974
7,00480	2,55974
7,01360	2,55974
7,02240	2,55974
7,03120	2,55974
7,04000	2,55974
7,04880	2,55974
7,05760	2,55974
7,06640	2,56951
7,07520	2,55974
7,08400	2,55974
7,09280	2,55974
7,10160	2,54997
7,11040	2,54997
7,11920	2,55974
7,12800	2,54997
7,13680	2,55974
7,14560	2,54997
7,15440	2,54997
7,16320	2,54997
7,17200	2,54997
7,18080	2,54020
7,18960	2,54997
7,19840	2,54997
7,20720	2,54020
7,21600	2,54997
7,22480	2,54997
7,23360	2,54997
7,24240	2,54997
7,25120	2,54020
7,26000	2,54020
7,26880	2,54020
7,27760	2,54997
7,28640	2,54997
7,29520	2,54997
7,30400	2,54997
7,31280	2,54997
7,32160	2,54997
7,33040	2,54997
7,33920	2,54997
7,34800	2,55974
7,35680	2,55974
7,36560	2,55974
7,37440	2,55974
7,38320	2,55974
7,39200	2,55974
7,40080	2,55974
7,40960	2,55974
7,41840	2,54997
7,42720	2,54997
7,43600	2,54997
7,44480	2,54997
7,45360	2,54997
7,46240	2,54997
7,47120	2,54997
7,48000	2,54997
7,48880	2,54997
7,49760	2,54997
7,50640	2,54997
7,51520	2,54997
7,52400	2,54997
7,53280	2,54997
7,54160	2,54997
7,55040	2,54997
7,55920	2,55974
7,56800	2,55974
7,57680	2,55974
7,58560	2,56951
7,59440	2,55974
7,60320	2,55974
7,61200	2,55974
7,62080	2,55974
7,62960	2,55974
7,63840	2,55974
7,64720	2,55974
7,65600	2,55974
7,66480	2,56951
7,67360	2,56951
7,68240	2,56951
7,69120	2,55974
7,70000	2,56951
7,70880	2,55974
7,71760	2,54997
7,72640	2,55974
7,73520	2,54997
7,74400	2,54997
7,75280	2,55974
7,76160	2,55974
7,77040	2,55974
7,77920	2,56951
7,78800	2,56951
7,79680	2,55974
7,80560	2,56951
7,81440	2,56951
7,82320	2,56951
7,83200	2,56951
7,84080	2,56951
7,84960	2,56951
7,85840	2,56951
7,86720	2,56951
7,87600	2,57928
7,88480	2,56951
7,89360	2,56951
7,90240	2,56951
7,91120	2,56951
7,92000	2,56951
7,92880	2,56951
7,93760	2,56951
7,94640	2,56951
7,95520	2,56951
7,96400	2,56951
7,97280	2,56951
7,98160	2,55974
7,99040	2,56951
7,99920	2,56951
8,00800	2,56951
8,01680	2,56951
8,02560	2,56951
8,03440	2,58905
8,04320	2,56951
8,05200	2,56951
8,06080	2,56951
8,06960	2,56951
8,07840	2,57928
8,08720	2,56951
8,09600	2,57928
8,10480	2,56951
8,11360	2,56951
8,12240	2,56951
8,13120	2,56951
8,14000	2,56951
8,14880	2,56951
8,15760	2,57928
8,16640	2,57928
8,17520	2,57928
8,18400	2,57928
8,19280	2,56951
8,20160	2,55974
8,21040	2,55974
8,21920	2,55974
8,22800	2,55974
8,23680	2,55974
8,24560	2,55974
8,25440	2,55974
8,26320	2,55974
8,27200	2,55974
8,28080	2,55974
8,28960	2,55974
8,29840	2,55974
8,30720	2,56951
8,31600	2,55974
8,32480	2,55974
8,33360	2,56951
8,34240	2,55974
8,35120	2,55974
8,36000	2,56951
8,36880	2,55974
8,37760	2,55974
8,38640	2,55974
8,39520	2,55974
8,40400	2,55974
8,41280	2,56951
8,42160	2,55974
8,43040	2,55974
8,43920	2,55974
8,44800	2,55974
8,45680	2,55974
8,46560	2,55974
8,47440	2,55974
8,48320	2,55974
8,49200	2,55974
8,50080	2,55974
8,50960	2,55974
8,51840	2,55974
8,52720	2,55974
8,53600	2,55974
8,54480	2,55974
8,55360	2,55974
8,56240	2,55974
8,57120	2,55974
8,58000	2,56951
8,58880	2,55974
8,59760	2,56951
8,60640	2,55974
8,61520	2,55974
8,62400	2,55974
8,63280	2,55974
8,64160	2,55974
8,65040	2,54997
8,65920	2,55974
8,66800	2,54020
8,67680	2,54020
8,68560	2,54020
8,69440	2,54997
8,70320	2,54997
8,71200	2,54997
8,72080	2,54997
8,72960	2,55974
8,73840	2,55974
8,74720	2,55974
8,75600	2,56951
8,76480	2,55974
8,77360	2,55974
8,78240	2,55974
8,79120	2,55974
8,80000	2,55974
8,80880	2,55974
8,81760	2,55974
8,82640	2,54997
8,83520	2,54997
8,84400	2,54997
8,85280	2,55974
8,86160	2,54997
8,87040	2,55974
8,87920	2,55974
8,88800	2,55974
8,89680	2,55974
8,90560	2,55974
8,91440	2,54997
8,92320	2,54997
8,93200	2,54997
8,94080	2,54997
8,94960	2,55974
8,95840	2,54997
8,96720	2,54997
