Position [V]	Intensität [Skt]
0,00000	2,54997
0,00880000	2,54997
0,0176000	2,54997
0,0264000	2,54997
0,0352000	2,54020
0,0440000	2,54020
0,0528000	2,54020
0,0616000	2,54020
0,0704000	2,54020
0,0792000	2,54020
0,0880000	2,54020
0,0968000	2,54020
0,105600	2,54020
0,114400	2,54997
0,123200	2,54020
0,132000	2,54997
0,140800	2,54997
0,149600	2,54997
0,158400	2,54020
0,167200	2,54020
0,176000	2,54020
0,184800	2,54020
0,193600	2,54020
0,202400	2,54020
0,211200	2,54020
0,220000	2,54020
0,228800	2,54020
0,237600	2,54020
0,246400	2,54020
0,255200	2,54997
0,264000	2,54997
0,272800	2,54020
0,281600	2,54997
0,290400	2,54997
0,299200	2,54997
0,308000	2,54997
0,316800	2,54997
0,325600	2,54997
0,334400	2,54997
0,343200	2,54997
0,352000	2,54997
0,360800	2,54997
0,369600	2,54997
0,378400	2,54997
0,387200	2,54997
0,396000	2,54997
0,404800	2,55974
0,413600	2,55974
0,422400	2,55974
0,431200	2,55974
0,440000	2,55974
0,448800	2,54997
0,457600	2,55974
0,466400	2,53043
0,475200	2,53043
0,484000	2,52066
0,492800	2,54020
0,501600	2,54020
0,510400	2,54997
0,519200	2,54997
0,528000	2,54997
0,536800	2,54997
0,545600	2,54997
0,554400	2,54997
0,563200	2,54997
0,572000	2,54020
0,580800	2,54997
0,589600	2,54997
0,598400	2,54997
0,607200	2,54997
0,616000	2,54997
0,624800	2,54997
0,633600	2,55974
0,642400	2,54997
0,651200	2,54997
0,660000	2,54997
0,668800	2,54997
0,677600	2,54997
0,686400	2,54997
0,695200	2,54997
0,704000	2,54997
0,712800	2,54997
0,721600	2,54997
0,730400	2,54997
0,739200	2,54020
0,748000	2,54997
0,756800	2,54997
0,765600	2,54020
0,774400	2,54997
0,783200	2,54997
0,792000	2,54997
0,800800	2,54997
0,809600	2,54997
0,818400	2,54997
0,827200	2,54997
0,836000	2,54997
0,844800	2,54997
0,853600	2,54997
0,862400	2,54020
0,871200	2,54020
0,880000	2,54020
0,888800	2,54997
0,897600	2,54997
0,906400	2,54997
0,915200	2,54997
0,924000	2,54997
0,932800	2,54997
0,941600	2,54997
0,950400	2,54997
0,959200	2,55974
0,968000	2,54997
0,976800	2,54997
0,985600	2,54997
0,994400	2,54997
1,00320	2,56951
1,01200	2,54997
1,02080	2,54997
1,02960	2,55974
1,03840	2,54997
1,04720	2,54997
1,05600	2,55974
1,06480	2,54997
1,07360	2,55974
1,08240	2,54997
1,09120	2,54997
1,10000	2,54997
1,10880	2,54997
1,11760	2,54997
1,12640	2,54997
1,13520	2,54997
1,14400	2,54997
1,15280	2,54997
1,16160	2,55974
1,17040	2,55974
1,17920	2,54997
1,18800	2,55974
1,19680	2,54997
1,20560	2,54020
1,21440	2,54020
1,22320	2,54997
1,23200	2,54020
1,24080	2,54020
1,24960	2,54020
1,25840	2,54020
1,26720	2,54020
1,27600	2,54020
1,28480	2,54020
1,29360	2,54020
1,30240	2,54020
1,31120	2,54020
1,32000	2,54997
1,32880	2,54997
1,33760	2,54997
1,34640	2,54020
1,35520	2,54997
1,36400	2,54997
1,37280	2,54020
1,38160	2,54997
1,39040	2,54997
1,39920	2,54997
1,40800	2,54997
1,41680	2,55974
1,42560	2,55974
1,43440	2,55974
1,44320	2,55974
1,45200	2,55974
1,46080	2,55974
1,46960	2,55974
1,47840	2,55974
1,48720	2,57928
1,49600	2,55974
1,50480	2,57928
1,51360	2,57928
1,52240	2,57928
1,53120	2,57928
1,54000	2,57928
1,54880	2,57928
1,55760	2,57928
1,56640	2,56951
1,57520	2,56951
1,58400	2,56951
1,59280	2,56951
1,60160	2,56951
1,61040	2,56951
1,61920	2,55974
1,62800	2,55974
1,63680	2,55974
1,64560	2,56951
1,65440	2,55974
1,66320	2,55974
1,67200	2,55974
1,68080	2,55974
1,68960	2,55974
1,69840	2,55974
1,70720	2,55974
1,71600	2,55974
1,72480	2,55974
1,73360	2,54997
1,74240	2,55974
1,75120	2,55974
1,76000	2,55974
1,76880	2,55974
1,77760	2,54997
1,78640	2,55974
1,79520	2,55974
1,80400	2,55974
1,81280	2,55974
1,82160	2,55974
1,83040	2,55974
1,83920	2,55974
1,84800	2,55974
1,85680	2,55974
1,86560	2,55974
1,87440	2,56951
1,88320	2,56951
1,89200	2,56951
1,90080	2,56951
1,90960	2,56951
1,91840	2,56951
1,92720	2,55974
1,93600	2,56951
1,94480	2,55974
1,95360	2,56951
1,96240	2,56951
1,97120	2,56951
1,98000	2,56951
1,98880	2,55974
1,99760	2,56951
2,00640	2,55974
2,01520	2,55974
2,02400	2,55974
2,03280	2,54997
2,04160	2,54997
2,05040	2,54997
2,05920	2,54997
2,06800	2,54997
2,07680	2,54997
2,08560	2,54997
2,09440	2,54997
2,10320	2,54020
2,11200	2,54997
2,12080	2,54997
2,12960	2,54997
2,13840	2,54997
2,14720	2,54997
2,15600	2,54997
2,16480	2,54997
2,17360	2,54997
2,18240	2,54997
2,19120	2,54997
2,20000	2,54997
2,20880	2,54997
2,21760	2,54997
2,22640	2,54997
2,23520	2,54997
2,24400	2,55974
2,25280	2,55974
2,26160	2,55974
2,27040	2,56951
2,27920	2,56951
2,28800	2,56951
2,29680	2,56951
2,30560	2,56951
2,31440	2,56951
2,32320	2,56951
2,33200	2,56951
2,34080	2,56951
2,34960	2,56951
2,35840	2,56951
2,36720	2,55974
2,37600	2,55974
2,38480	2,55974
2,39360	2,55974
2,40240	2,55974
2,41120	2,55974
2,42000	2,55974
2,42880	2,54997
2,43760	2,54997
2,44640	2,54020
2,45520	2,54997
2,46400	2,54020
2,47280	2,54020
2,48160	2,54020
2,49040	2,54020
2,49920	2,54020
2,50800	2,54020
2,51680	2,54997
2,52560	2,54020
2,53440	2,54020
2,54320	2,54020
2,55200	2,54020
2,56080	2,54997
2,56960	2,54997
2,57840	2,54997
2,58720	2,54997
2,59600	2,54997
2,60480	2,55974
2,61360	2,55974
2,62240	2,55974
2,63120	2,56951
2,64000	2,56951
2,64880	2,56951
2,65760	2,57928
2,66640	2,57928
2,67520	2,57928
2,68400	2,57928
2,69280	2,57928
2,70160	2,57928
2,71040	2,57928
2,71920	2,57928
2,72800	2,57928
2,73680	2,56951
2,74560	2,56951
2,75440	2,55974
2,76320	2,55974
2,77200	2,55974
2,78080	2,55974
2,78960	2,55974
2,79840	2,55974
2,80720	2,55974
2,81600	2,55974
2,82480	2,55974
2,83360	2,55974
2,84240	2,54997
2,85120	2,54997
2,86000	2,55974
2,86880	2,55974
2,87760	2,55974
2,88640	2,55974
2,89520	2,55974
2,90400	2,55974
2,91280	2,55974
2,92160	2,55974
2,93040	2,55974
2,93920	2,55974
2,94800	2,56951
2,95680	2,56951
2,96560	2,57928
2,97440	2,57928
2,98320	2,58905
2,99200	2,58905
3,00080	2,59882
3,00960	2,60859
3,01840	2,60859
3,02720	2,61836
3,03600	2,61836
3,04480	2,62813
3,05360	2,62813
3,06240	2,62813
3,07120	2,61836
3,08000	2,61836
3,08880	2,61836
3,09760	2,61836
3,10640	2,61836
3,11520	2,61836
3,12400	2,61836
3,13280	2,61836
3,14160	2,60859
3,15040	2,60859
3,15920	2,59882
3,16800	2,58905
3,17680	2,58905
3,18560	2,57928
3,19440	2,57928
3,20320	2,56951
3,21200	2,55974
3,22080	2,55974
3,22960	2,54997
3,23840	2,54997
3,24720	2,54997
3,25600	2,54020
3,26480	2,54020
3,27360	2,54020
3,28240	2,54020
3,29120	2,54020
3,30000	2,54020
3,30880	2,54020
3,31760	2,54997
3,32640	2,54997
3,33520	2,55974
3,34400	2,56951
3,35280	2,56951
3,36160	2,57928
3,37040	2,58905
3,37920	2,59882
3,38800	2,60859
3,39680	2,61836
3,40560	2,62813
3,41440	2,62813
3,42320	2,63790
3,43200	2,64767
3,44080	2,65744
3,44960	2,65744
3,45840	2,66721
3,46720	2,66721
3,47600	2,66721
3,48480	2,65744
3,49360	2,65744
3,50240	2,64767
3,51120	2,63790
3,52000	2,62813
3,52880	2,61836
3,53760	2,60859
3,54640	2,59882
3,55520	2,58905
3,56400	2,57928
3,57280	2,56951
3,58160	2,55974
3,59040	2,54997
3,59920	2,54997
3,60800	2,53043
3,61680	2,53043
3,62560	2,52066
3,63440	2,51089
3,64320	2,51089
3,65200	2,51089
3,66080	2,50112
3,66960	2,51089
3,67840	2,51089
3,68720	2,51089
3,69600	2,51089
3,70480	2,53043
3,71360	2,53043
3,72240	2,54997
3,73120	2,55974
3,74000	2,56951
3,74880	2,58905
3,75760	2,61836
3,76640	2,62813
3,77520	2,64767
3,78400	2,68675
3,79280	2,68675
3,80160	2,70629
3,81040	2,72583
3,81920	2,74537
3,82800	2,74537
3,83680	2,75514
3,84560	2,75514
3,85440	2,76491
3,86320	2,75514
3,87200	2,74537
3,88080	2,73560
3,88960	2,72583
3,89840	2,70629
3,90720	2,67698
3,91600	2,65744
3,92480	2,62813
3,93360	2,60859
3,94240	2,57928
3,95120	2,54997
3,96000	2,52066
3,96880	2,49135
3,97760	2,47181
3,98640	2,45227
3,99520	2,42296
4,00400	2,40342
4,01280	2,39365
4,02160	2,38388
4,03040	2,36434
4,03920	2,36434
4,04800	2,37411
4,05680	2,37411
4,06560	2,38388
4,07440	2,40342
4,08320	2,42296
4,09200	2,45227
4,10080	2,49135
4,10960	2,52066
4,11840	2,56951
4,12720	2,60859
4,13600	2,65744
4,14480	2,70629
4,15360	2,75514
4,16240	2,79422
4,17120	2,83330
4,18000	2,87238
4,18880	2,90169
4,19760	2,93100
4,20640	2,94077
4,21520	2,95054
4,22400	2,95054
4,23280	2,94077
4,24160	2,92123
4,25040	2,89192
4,25920	2,85284
4,26800	2,81376
4,27680	2,75514
4,28560	2,69652
4,29440	2,63790
4,30320	2,56951
4,31200	2,51089
4,32080	2,44250
4,32960	2,37411
4,33840	2,31549
4,34720	2,24710
4,35600	2,18848
4,36480	2,14940
4,37360	2,11032
4,38240	2,08101
4,39120	2,06147
4,40000	2,06147
4,40880	2,07124
4,41760	2,08101
4,42640	2,12009
4,43520	2,16894
4,44400	2,22756
4,45280	2,30572
4,46160	2,39365
4,47040	2,48158
4,47920	2,59882
4,48800	2,70629
4,49680	2,82353
4,50560	2,94077
4,51440	3,06778
4,52320	3,17525
4,53200	3,26318
4,54080	3,35111
4,54960	3,41950
4,55840	3,45858
4,56720	3,48789
4,57600	3,47812
4,58480	3,43904
4,59360	3,37065
4,60240	3,28272
4,61120	3,15571
4,62000	3,01893
4,62880	2,85284
4,63760	2,67698
4,64640	2,48158
4,65520	2,28618
4,66400	2,09078
4,67280	1,90515
4,68160	1,73906
4,69040	1,59251
4,69920	1,47527
4,70800	1,38734
4,71680	1,33849
4,72560	1,33849
4,73440	1,36780
4,74320	1,44596
4,75200	1,56320
4,76080	1,72929
4,76960	1,90515
4,77840	2,13963
4,78720	2,35457
4,79600	2,58905
4,80480	2,82353
4,81360	3,05801
4,82240	3,27295
4,83120	3,45858
4,84000	3,62467
4,84880	3,75168
4,85760	3,84938
4,86640	3,88846
4,87520	3,87869
4,88400	3,83961
4,89280	3,75168
4,90160	3,62467
4,91040	3,46835
4,91920	3,28272
4,92800	3,08732
4,93680	2,87238
4,94560	2,65744
4,95440	2,45227
4,96320	2,24710
4,97200	2,06147
4,98080	1,89538
4,98960	1,74883
4,99840	1,65113
5,00720	1,57297
5,01600	1,53389
5,02480	1,51435
5,03360	1,55343
5,04240	1,59251
5,05120	1,67067
5,06000	1,77814
5,06880	1,89538
5,07760	2,03216
5,08640	2,17871
5,09520	2,32526
5,10400	2,48158
5,11280	2,61836
5,12160	2,75514
5,13040	2,88215
5,13920	2,97985
5,14800	3,07755
5,15680	3,14594
5,16560	3,20456
5,17440	3,24364
5,18320	3,26318
5,19200	3,25341
5,20080	3,24364
5,20960	3,21433
5,21840	3,17525
5,22720	3,10686
5,23600	3,04824
5,24480	2,97008
5,25360	2,89192
5,26240	2,80399
5,27120	2,72583
5,28000	2,62813
5,28880	2,54997
5,29760	2,46204
5,30640	2,39365
5,31520	2,32526
5,32400	2,26664
5,33280	2,21779
5,34160	2,17871
5,35040	2,14940
5,35920	2,12986
5,36800	2,12009
5,37680	2,12986
5,38560	2,13963
5,39440	2,15917
5,40320	2,18848
5,41200	2,22756
5,42080	2,27641
5,42960	2,32526
5,43840	2,38388
5,44720	2,44250
5,45600	2,50112
5,46480	2,55974
5,47360	2,61836
5,48240	2,66721
5,49120	2,71606
5,50000	2,75514
5,50880	2,79422
5,51760	2,83330
5,52640	2,85284
5,53520	2,86261
5,54400	2,88215
5,55280	2,88215
5,56160	2,87238
5,57040	2,87238
5,57920	2,85284
5,58800	2,82353
5,59680	2,80399
5,60560	2,77468
5,61440	2,73560
5,62320	2,70629
5,63200	2,67698
5,64080	2,63790
5,64960	2,59882
5,65840	2,56951
5,66720	2,53043
5,67600	2,50112
5,68480	2,46204
5,69360	2,44250
5,70240	2,42296
5,71120	2,40342
5,72000	2,38388
5,72880	2,37411
5,73760	2,36434
5,74640	2,36434
5,75520	2,37411
5,76400	2,37411
5,77280	2,38388
5,78160	2,40342
5,79040	2,42296
5,79920	2,44250
5,80800	2,46204
5,81680	2,49135
5,82560	2,52066
5,83440	2,54020
5,84320	2,56951
5,85200	2,59882
5,86080	2,61836
5,86960	2,63790
5,87840	2,65744
5,88720	2,67698
5,89600	2,68675
5,90480	2,70629
5,91360	2,71606
5,92240	2,71606
5,93120	2,71606
5,94000	2,71606
5,94880	2,71606
5,95760	2,69652
5,96640	2,68675
5,97520	2,67698
5,98400	2,66721
5,99280	2,65744
6,00160	2,63790
6,01040	2,62813
6,01920	2,61836
6,02800	2,59882
6,03680	2,58905
6,04560	2,56951
6,05440	2,55974
6,06320	2,54997
6,07200	2,53043
6,08080	2,52066
6,08960	2,50112
6,09840	2,50112
6,10720	2,49135
6,11600	2,48158
6,12480	2,48158
6,13360	2,48158
6,14240	2,48158
6,15120	2,48158
6,16000	2,48158
6,16880	2,49135
6,17760	2,50112
6,18640	2,50112
6,19520	2,51089
6,20400	2,52066
6,21280	2,54020
6,22160	2,54020
6,23040	2,54997
6,23920	2,56951
6,24800	2,57928
6,25680	2,58905
6,26560	2,60859
6,27440	2,60859
6,28320	2,61836
6,29200	2,62813
6,30080	2,62813
6,30960	2,62813
6,31840	2,61836
6,32720	2,62813
6,33600	2,63790
6,34480	2,62813
6,35360	2,62813
6,36240	2,62813
6,37120	2,62813
6,38000	2,62813
6,38880	2,61836
6,39760	2,61836
6,40640	2,60859
6,41520	2,59882
6,42400	2,59882
6,43280	2,59882
6,44160	2,58905
6,45040	2,57928
6,45920	2,57928
6,46800	2,56951
6,47680	2,56951
6,48560	2,55974
6,49440	2,55974
6,50320	2,54997
6,51200	2,54997
6,52080	2,54997
6,52960	2,54997
6,53840	2,54997
6,54720	2,54997
6,55600	2,54020
6,56480	2,54020
6,57360	2,54997
6,58240	2,54020
6,59120	2,54997
6,60000	2,54997
6,60880	2,54997
6,61760	2,55974
6,62640	2,56951
6,63520	2,56951
6,64400	2,57928
6,65280	2,57928
6,66160	2,57928
6,67040	2,59882
6,67920	2,59882
6,68800	2,60859
6,69680	2,60859
6,70560	2,60859
6,71440	2,60859
6,72320	2,61836
6,73200	2,61836
6,74080	2,61836
6,74960	2,61836
6,75840	2,61836
6,76720	2,61836
6,77600	2,61836
6,78480	2,60859
6,79360	2,60859
6,80240	2,60859
6,81120	2,60859
6,82000	2,58905
6,82880	2,59882
6,83760	2,58905
6,84640	2,58905
6,85520	2,58905
6,86400	2,57928
6,87280	2,58905
6,88160	2,57928
6,89040	2,56951
6,89920	2,56951
6,90800	2,56951
6,91680	2,56951
6,92560	2,56951
6,93440	2,55974
6,94320	2,55974
6,95200	2,55974
6,96080	2,55974
6,96960	2,55974
6,97840	2,54997
6,98720	2,54997
6,99600	2,55974
7,00480	2,55974
7,01360	2,56951
7,02240	2,55974
7,03120	2,56951
7,04000	2,56951
7,04880	2,56951
7,05760	2,56951
7,06640	2,57928
7,07520	2,57928
7,08400	2,57928
7,09280	2,57928
7,10160	2,58905
7,11040	2,58905
7,11920	2,58905
7,12800	2,58905
7,13680	2,58905
7,14560	2,58905
7,15440	2,58905
7,16320	2,58905
7,17200	2,58905
7,18080	2,58905
7,18960	2,58905
7,19840	2,58905
7,20720	2,58905
7,21600	2,58905
7,22480	2,58905
7,23360	2,58905
7,24240	2,57928
7,25120	2,57928
7,26000	2,57928
7,26880	2,57928
7,27760	2,57928
7,28640	2,57928
7,29520	2,56951
7,30400	2,56951
7,31280	2,56951
7,32160	2,56951
7,33040	2,56951
7,33920	2,55974
7,34800	2,55974
7,35680	2,56951
7,36560	2,55974
7,37440	2,55974
7,38320	2,56951
7,39200	2,55974
7,40080	2,55974
7,40960	2,55974
7,41840	2,55974
7,42720	2,55974
7,43600	2,55974
7,44480	2,55974
7,45360	2,56951
7,46240	2,56951
7,47120	2,57928
7,48000	2,57928
7,48880	2,57928
7,49760	2,57928
7,50640	2,57928
7,51520	2,58905
7,52400	2,58905
7,53280	2,58905
7,54160	2,58905
7,55040	2,58905
7,55920	2,58905
7,56800	2,58905
7,57680	2,58905
7,58560	2,58905
7,59440	2,58905
7,60320	2,58905
7,61200	2,58905
7,62080	2,58905
7,62960	2,58905
7,63840	2,58905
7,64720	2,57928
7,65600	2,57928
7,66480	2,58905
7,67360	2,58905
7,68240	2,57928
7,69120	2,57928
7,70000	2,57928
7,70880	2,57928
7,71760	2,57928
7,72640	2,57928
7,73520	2,56951
7,74400	2,57928
7,75280	2,56951
7,76160	2,56951
7,77040	2,56951
7,77920	2,56951
7,78800	2,56951
7,79680	2,56951
7,80560	2,56951
7,81440	2,56951
7,82320	2,57928
7,83200	2,56951
7,84080	2,56951
7,84960	2,56951
7,85840	2,56951
7,86720	2,56951
7,87600	2,56951
7,88480	2,56951
7,89360	2,56951
7,90240	2,56951
7,91120	2,56951
7,92000	2,57928
7,92880	2,57928
7,93760	2,57928
7,94640	2,56951
7,95520	2,57928
7,96400	2,57928
7,97280	2,57928
7,98160	2,57928
7,99040	2,57928
7,99920	2,57928
8,00800	2,58905
8,01680	2,57928
8,02560	2,57928
8,03440	2,58905
8,04320	2,58905
8,05200	2,58905
8,06080	2,57928
8,06960	2,57928
8,07840	2,57928
8,08720	2,57928
8,09600	2,57928
8,10480	2,57928
8,11360	2,56951
8,12240	2,57928
8,13120	2,56951
8,14000	2,56951
8,14880	2,57928
8,15760	2,56951
8,16640	2,56951
8,17520	2,56951
8,18400	2,56951
8,19280	2,56951
8,20160	2,56951
8,21040	2,56951
8,21920	2,56951
8,22800	2,56951
8,23680	2,56951
8,24560	2,56951
8,25440	2,56951
8,26320	2,56951
8,27200	2,56951
8,28080	2,56951
8,28960	2,55974
8,29840	2,56951
8,30720	2,56951
8,31600	2,56951
8,32480	2,56951
8,33360	2,56951
8,34240	2,56951
8,35120	2,56951
8,36000	2,57928
8,36880	2,56951
8,37760	2,57928
8,38640	2,57928
8,39520	2,57928
8,40400	2,57928
8,41280	2,57928
8,42160	2,57928
8,43040	2,57928
8,43920	2,58905
8,44800	2,57928
8,45680	2,58905
8,46560	2,57928
8,47440	2,57928
8,48320	2,57928
8,49200	2,58905
8,50080	2,57928
8,50960	2,57928
8,51840	2,57928
8,52720	2,57928
8,53600	2,57928
8,54480	2,56951
8,55360	2,56951
8,56240	2,56951
8,57120	2,57928
8,58000	2,56951
8,58880	2,56951
8,59760	2,57928
8,60640	2,57928
8,61520	2,56951
8,62400	2,56951
8,63280	2,56951
8,64160	2,57928
8,65040	2,56951
8,65920	2,56951
8,66800	2,56951
8,67680	2,56951
8,68560	2,56951
8,69440	2,56951
8,70320	2,56951
8,71200	2,56951
8,72080	2,56951
8,72960	2,56951
8,73840	2,56951
8,74720	2,56951
8,75600	2,56951
8,76480	2,56951
8,77360	2,56951
8,78240	2,56951
8,79120	2,56951
8,80000	2,56951
8,80880	2,56951
8,81760	2,56951
8,82640	2,56951
8,83520	2,57928
8,84400	2,57928
8,85280	2,57928
8,86160	2,57928
8,87040	2,57928
8,87920	2,57928
8,88800	2,57928
8,89680	2,57928
8,90560	2,57928
8,91440	2,57928
8,92320	2,57928
8,93200	2,56951
8,94080	2,56951
8,94960	2,57928
8,95840	2,56951
8,96720	2,56951
