Position [V]	Intensität [Skt]
0,00000	3,59536
0,00880000	3,60513
0,0176000	3,59536
0,0264000	3,60513
0,0352000	3,60513
0,0440000	3,61490
0,0528000	3,61490
0,0616000	3,60513
0,0704000	3,61490
0,0792000	3,61490
0,0880000	3,61490
0,0968000	3,61490
0,105600	3,61490
0,114400	3,61490
0,123200	3,61490
0,132000	3,61490
0,140800	3,61490
0,149600	3,61490
0,158400	3,61490
0,167200	3,61490
0,176000	3,61490
0,184800	3,61490
0,193600	3,61490
0,202400	3,61490
0,211200	3,61490
0,220000	3,61490
0,228800	3,60513
0,237600	3,60513
0,246400	3,60513
0,255200	3,60513
0,264000	3,59536
0,272800	3,60513
0,281600	3,59536
0,290400	3,59536
0,299200	3,60513
0,308000	3,60513
0,316800	3,60513
0,325600	3,61490
0,334400	3,60513
0,343200	3,60513
0,352000	3,60513
0,360800	3,58559
0,369600	3,58559
0,378400	3,58559
0,387200	3,58559
0,396000	3,57582
0,404800	3,57582
0,413600	3,58559
0,422400	3,57582
0,431200	3,57582
0,440000	3,57582
0,448800	3,58559
0,457600	3,58559
0,466400	3,58559
0,475200	3,58559
0,484000	3,58559
0,492800	3,59536
0,501600	3,57582
0,510400	3,57582
0,519200	3,57582
0,528000	3,56605
0,536800	3,56605
0,545600	3,57582
0,554400	3,56605
0,563200	3,56605
0,572000	3,56605
0,580800	3,56605
0,589600	3,56605
0,598400	3,56605
0,607200	3,56605
0,616000	3,55628
0,624800	3,55628
0,633600	3,56605
0,642400	3,56605
0,651200	3,56605
0,660000	3,56605
0,668800	3,57582
0,677600	3,57582
0,686400	3,58559
0,695200	3,58559
0,704000	3,58559
0,712800	3,58559
0,721600	3,58559
0,730400	3,59536
0,739200	3,59536
0,748000	3,59536
0,756800	3,59536
0,765600	3,59536
0,774400	3,60513
0,783200	3,59536
0,792000	3,59536
0,800800	3,59536
0,809600	3,59536
0,818400	3,59536
0,827200	3,59536
0,836000	3,58559
0,844800	3,58559
0,853600	3,58559
0,862400	3,58559
0,871200	3,57582
0,880000	3,58559
0,888800	3,57582
0,897600	3,57582
0,906400	3,58559
0,915200	3,57582
0,924000	3,56605
0,932800	3,57582
0,941600	3,57582
0,950400	3,58559
0,959200	3,59536
0,968000	3,59536
0,976800	3,58559
0,985600	3,58559
0,994400	3,57582
1,00320	3,56605
1,01200	3,56605
1,02080	3,57582
1,02960	3,56605
1,03840	3,56605
1,04720	3,56605
1,05600	3,56605
1,06480	3,57582
1,07360	3,56605
1,08240	3,56605
1,09120	3,57582
1,10000	3,56605
1,10880	3,57582
1,11760	3,57582
1,12640	3,57582
1,13520	3,57582
1,14400	3,58559
1,15280	3,57582
1,16160	3,58559
1,17040	3,58559
1,17920	3,58559
1,18800	3,60513
1,19680	3,58559
1,20560	3,59536
1,21440	3,59536
1,22320	3,59536
1,23200	3,58559
1,24080	3,58559
1,24960	3,58559
1,25840	3,58559
1,26720	3,58559
1,27600	3,58559
1,28480	3,58559
1,29360	3,58559
1,30240	3,58559
1,31120	3,57582
1,32000	3,56605
1,32880	3,56605
1,33760	3,56605
1,34640	3,57582
1,35520	3,57582
1,36400	3,56605
1,37280	3,56605
1,38160	3,55628
1,39040	3,55628
1,39920	3,56605
1,40800	3,54651
1,41680	3,54651
1,42560	3,54651
1,43440	3,55628
1,44320	3,54651
1,45200	3,54651
1,46080	3,54651
1,46960	3,56605
1,47840	3,54651
1,48720	3,55628
1,49600	3,55628
1,50480	3,54651
1,51360	3,54651
1,52240	3,54651
1,53120	3,54651
1,54000	3,53674
1,54880	3,53674
1,55760	3,53674
1,56640	3,54651
1,57520	3,53674
1,58400	3,53674
1,59280	3,53674
1,60160	3,53674
1,61040	3,53674
1,61920	3,53674
1,62800	3,55628
1,63680	3,56605
1,64560	3,57582
1,65440	3,56605
1,66320	3,56605
1,67200	3,55628
1,68080	3,57582
1,68960	3,57582
1,69840	3,57582
1,70720	3,57582
1,71600	3,58559
1,72480	3,57582
1,73360	3,57582
1,74240	3,57582
1,75120	3,58559
1,76000	3,58559
1,76880	3,58559
1,77760	3,57582
1,78640	3,58559
1,79520	3,57582
1,80400	3,56605
1,81280	3,55628
1,82160	3,56605
1,83040	3,55628
1,83920	3,55628
1,84800	3,54651
1,85680	3,53674
1,86560	3,53674
1,87440	3,53674
1,88320	3,53674
1,89200	3,53674
1,90080	3,53674
1,90960	3,53674
1,91840	3,53674
1,92720	3,53674
1,93600	3,52697
1,94480	3,53674
1,95360	3,53674
1,96240	3,55628
1,97120	3,55628
1,98000	3,55628
1,98880	3,56605
1,99760	3,57582
2,00640	3,58559
2,01520	3,58559
2,02400	3,59536
2,03280	3,60513
2,04160	3,60513
2,05040	3,61490
2,05920	3,61490
2,06800	3,61490
2,07680	3,61490
2,08560	3,61490
2,09440	3,62467
2,10320	3,62467
2,11200	3,61490
2,12080	3,61490
2,12960	3,60513
2,13840	3,59536
2,14720	3,58559
2,15600	3,57582
2,16480	3,55628
2,17360	3,54651
2,18240	3,53674
2,19120	3,52697
2,20000	3,51720
2,20880	3,50743
2,21760	3,50743
2,22640	3,49766
2,23520	3,48789
2,24400	3,48789
2,25280	3,47812
2,26160	3,47812
2,27040	3,47812
2,27920	3,47812
2,28800	3,48789
2,29680	3,49766
2,30560	3,50743
2,31440	3,52697
2,32320	3,53674
2,33200	3,54651
2,34080	3,56605
2,34960	3,57582
2,35840	3,59536
2,36720	3,60513
2,37600	3,62467
2,38480	3,64421
2,39360	3,66375
2,40240	3,66375
2,41120	3,68329
2,42000	3,68329
2,42880	3,68329
2,43760	3,67352
2,44640	3,66375
2,45520	3,65398
2,46400	3,64421
2,47280	3,63444
2,48160	3,62467
2,49040	3,60513
2,49920	3,59536
2,50800	3,58559
2,51680	3,55628
2,52560	3,54651
2,53440	3,52697
2,54320	3,50743
2,55200	3,48789
2,56080	3,47812
2,56960	3,46835
2,57840	3,45858
2,58720	3,44881
2,59600	3,44881
2,60480	3,44881
2,61360	3,44881
2,62240	3,45858
2,63120	3,46835
2,64000	3,47812
2,64880	3,48789
2,65760	3,50743
2,66640	3,51720
2,67520	3,53674
2,68400	3,55628
2,69280	3,57582
2,70160	3,60513
2,71040	3,62467
2,71920	3,64421
2,72800	3,64421
2,73680	3,66375
2,74560	3,67352
2,75440	3,67352
2,76320	3,67352
2,77200	3,67352
2,78080	3,67352
2,78960	3,67352
2,79840	3,66375
2,80720	3,65398
2,81600	3,64421
2,82480	3,63444
2,83360	3,63444
2,84240	3,61490
2,85120	3,59536
2,86000	3,57582
2,86880	3,56605
2,87760	3,55628
2,88640	3,54651
2,89520	3,52697
2,90400	3,51720
2,91280	3,50743
2,92160	3,50743
2,93040	3,50743
2,93920	3,50743
2,94800	3,50743
2,95680	3,50743
2,96560	3,50743
2,97440	3,50743
2,98320	3,50743
2,99200	3,51720
3,00080	3,52697
3,00960	3,52697
3,01840	3,52697
3,02720	3,52697
3,03600	3,52697
3,04480	3,52697
3,05360	3,51720
3,06240	3,51720
3,07120	3,50743
3,08000	3,50743
3,08880	3,50743
3,09760	3,50743
3,10640	3,51720
3,11520	3,51720
3,12400	3,52697
3,13280	3,53674
3,14160	3,54651
3,15040	3,55628
3,15920	3,56605
3,16800	3,58559
3,17680	3,60513
3,18560	3,62467
3,19440	3,64421
3,20320	3,66375
3,21200	3,69306
3,22080	3,71260
3,22960	3,74191
3,23840	3,76145
3,24720	3,77122
3,25600	3,78099
3,26480	3,79076
3,27360	3,78099
3,28240	3,78099
3,29120	3,77122
3,30000	3,75168
3,30880	3,73214
3,31760	3,69306
3,32640	3,65398
3,33520	3,60513
3,34400	3,55628
3,35280	3,49766
3,36160	3,44881
3,37040	3,39019
3,37920	3,33157
3,38800	3,27295
3,39680	3,23387
3,40560	3,19479
3,41440	3,15571
3,42320	3,13617
3,43200	3,11663
3,44080	3,12640
3,44960	3,13617
3,45840	3,15571
3,46720	3,18502
3,47600	3,24364
3,48480	3,30226
3,49360	3,37065
3,50240	3,44881
3,51120	3,53674
3,52000	3,63444
3,52880	3,73214
3,53760	3,82007
3,54640	3,91777
3,55520	4,00570
3,56400	4,08386
3,57280	4,16202
3,58160	4,22064
3,59040	4,25972
3,59920	4,27926
3,60800	4,28903
3,61680	4,27926
3,62560	4,24995
3,63440	4,19133
3,64320	4,11317
3,65200	4,02524
3,66080	3,91777
3,66960	3,79076
3,67840	3,66375
3,68720	3,51720
3,69600	3,37065
3,70480	3,22410
3,71360	3,08732
3,72240	2,95054
3,73120	2,82353
3,74000	2,70629
3,74880	2,62813
3,75760	2,54997
3,76640	2,51089
3,77520	2,49135
3,78400	2,49135
3,79280	2,54020
3,80160	2,60859
3,81040	2,71606
3,81920	2,83330
3,82800	2,97985
3,83680	3,14594
3,84560	3,33157
3,85440	3,52697
3,86320	3,73214
3,87200	3,93731
3,88080	4,13271
3,88960	4,31834
3,89840	4,49420
3,90720	4,65052
3,91600	4,77753
3,92480	4,87523
3,93360	4,93385
3,94240	4,96316
3,95120	4,95339
3,96000	4,90454
3,96880	4,81661
3,97760	4,69937
3,98640	4,53328
3,99520	4,34765
4,00400	4,13271
4,01280	3,89823
4,02160	3,65398
4,03040	3,39996
4,03920	3,14594
4,04800	2,89192
4,05680	2,65744
4,06560	2,44250
4,07440	2,24710
4,08320	2,09078
4,09200	1,96377
4,10080	1,88561
4,10960	1,84653
4,11840	1,84653
4,12720	1,90515
4,13600	2,00285
4,14480	2,13963
4,15360	2,32526
4,16240	2,54997
4,17120	2,78445
4,18000	3,05801
4,18880	3,34134
4,19760	3,64421
4,20640	3,94708
4,21520	4,24018
4,22400	4,52351
4,23280	4,78730
4,24160	5,03155
4,25040	5,21718
4,25920	5,38327
4,26800	5,49074
4,27680	5,54936
4,28560	5,54936
4,29440	5,50051
4,30320	5,41258
4,31200	5,26603
4,32080	5,07063
4,32960	4,81661
4,33840	4,53328
4,34720	4,24018
4,35600	3,91777
4,36480	3,59536
4,37360	3,24364
4,38240	2,92123
4,39120	2,61836
4,40000	2,32526
4,40880	2,06147
4,41760	1,83676
4,42640	1,65113
4,43520	1,51435
4,44400	1,44596
4,45280	1,41665
4,46160	1,44596
4,47040	1,53389
4,47920	1,68044
4,48800	1,87584
4,49680	2,11032
4,50560	2,38388
4,51440	2,72583
4,52320	3,04824
4,53200	3,38042
4,54080	3,74191
4,54960	4,09363
4,55840	4,41604
4,56720	4,72868
4,57600	5,01201
4,58480	5,25626
4,59360	5,46143
4,60240	5,60798
4,61120	5,70568
4,62000	5,74476
4,62880	5,72522
4,63760	5,64706
4,64640	5,51028
4,65520	5,32465
4,66400	5,09017
4,67280	4,82638
4,68160	4,52351
4,69040	4,21087
4,69920	3,87869
4,70800	3,53674
4,71680	3,20456
4,72560	2,87238
4,73440	2,55974
4,74320	2,26664
4,75200	2,02239
4,76080	1,80745
4,76960	1,64136
4,77840	1,54366
4,78720	1,46550
4,79600	1,46550
4,80480	1,52412
4,81360	1,62182
4,82240	1,75860
4,83120	1,95400
4,84000	2,18848
4,84880	2,46204
4,85760	2,73560
4,86640	3,04824
4,87520	3,37065
4,88400	3,69306
4,89280	4,00570
4,90160	4,29880
4,91040	4,59190
4,91920	4,84592
4,92800	5,06086
4,93680	5,23672
4,94560	5,36373
4,95440	5,44189
4,96320	5,46143
4,97200	5,44189
4,98080	5,38327
4,98960	5,26603
4,99840	5,11948
5,00720	4,91431
5,01600	4,69937
5,02480	4,45512
5,03360	4,19133
5,04240	3,91777
5,05120	3,62467
5,06000	3,35111
5,06880	3,07755
5,07760	2,82353
5,08640	2,58905
5,09520	2,39365
5,10400	2,22756
5,11280	2,10055
5,12160	2,01262
5,13040	1,96377
5,13920	1,96377
5,14800	2,00285
5,15680	2,07124
5,16560	2,17871
5,17440	2,31549
5,18320	2,48158
5,19200	2,66721
5,20080	2,88215
5,20960	3,10686
5,21840	3,33157
5,22720	3,56605
5,23600	3,78099
5,24480	3,99593
5,25360	4,19133
5,26240	4,35742
5,27120	4,51374
5,28000	4,64075
5,28880	4,73845
5,29760	4,79707
5,30640	4,83615
5,31520	4,83615
5,32400	4,79707
5,33280	4,73845
5,34160	4,65052
5,35040	4,53328
5,35920	4,39650
5,36800	4,24995
5,37680	4,08386
5,38560	3,89823
5,39440	3,71260
5,40320	3,54651
5,41200	3,38042
5,42080	3,22410
5,42960	3,06778
5,43840	2,95054
5,44720	2,83330
5,45600	2,74537
5,46480	2,69652
5,47360	2,64767
5,48240	2,61836
5,49120	2,62813
5,50000	2,65744
5,50880	2,70629
5,51760	2,77468
5,52640	2,86261
5,53520	2,96031
5,54400	3,06778
5,55280	3,18502
5,56160	3,30226
5,57040	3,42927
5,57920	3,54651
5,58800	3,67352
5,59680	3,78099
5,60560	3,87869
5,61440	3,96662
5,62320	4,04478
5,63200	4,10340
5,64080	4,15225
5,64960	4,18156
5,65840	4,19133
5,66720	4,18156
5,67600	4,15225
5,68480	4,11317
5,69360	4,06432
5,70240	4,00570
5,71120	3,94708
5,72000	3,87869
5,72880	3,80053
5,73760	3,72237
5,74640	3,63444
5,75520	3,56605
5,76400	3,49766
5,77280	3,41950
5,78160	3,37065
5,79040	3,31203
5,79920	3,26318
5,80800	3,22410
5,81680	3,19479
5,82560	3,18502
5,83440	3,17525
5,84320	3,18502
5,85200	3,19479
5,86080	3,20456
5,86960	3,22410
5,87840	3,26318
5,88720	3,29249
5,89600	3,34134
5,90480	3,37065
5,91360	3,40973
5,92240	3,43904
5,93120	3,47812
5,94000	3,51720
5,94880	3,54651
5,95760	3,58559
5,96640	3,60513
5,97520	3,63444
5,98400	3,65398
5,99280	3,66375
6,00160	3,67352
6,01040	3,67352
6,01920	3,67352
6,02800	3,68329
6,03680	3,68329
6,04560	3,66375
6,05440	3,65398
6,06320	3,65398
6,07200	3,63444
6,08080	3,61490
6,08960	3,59536
6,09840	3,58559
6,10720	3,57582
6,11600	3,56605
6,12480	3,55628
6,13360	3,54651
6,14240	3,53674
6,15120	3,53674
6,16000	3,52697
6,16880	3,51720
6,17760	3,51720
6,18640	3,52697
6,19520	3,51720
6,20400	3,51720
6,21280	3,51720
6,22160	3,52697
6,23040	3,51720
6,23920	3,51720
6,24800	3,51720
6,25680	3,50743
6,26560	3,50743
6,27440	3,49766
6,28320	3,49766
6,29200	3,49766
6,30080	3,48789
6,30960	3,47812
6,31840	3,47812
6,32720	3,47812
6,33600	3,47812
6,34480	3,47812
6,35360	3,47812
6,36240	3,47812
6,37120	3,48789
6,38000	3,48789
6,38880	3,48789
6,39760	3,48789
6,40640	3,49766
6,41520	3,49766
6,42400	3,51720
6,43280	3,51720
6,44160	3,52697
6,45040	3,53674
6,45920	3,55628
6,46800	3,56605
6,47680	3,58559
6,48560	3,59536
6,49440	3,60513
6,50320	3,61490
6,51200	3,62467
6,52080	3,61490
6,52960	3,62467
6,53840	3,62467
6,54720	3,62467
6,55600	3,61490
6,56480	3,61490
6,57360	3,60513
6,58240	3,59536
6,59120	3,58559
6,60000	3,58559
6,60880	3,57582
6,61760	3,56605
6,62640	3,54651
6,63520	3,52697
6,64400	3,51720
6,65280	3,50743
6,66160	3,49766
6,67040	3,48789
6,67920	3,47812
6,68800	3,46835
6,69680	3,44881
6,70560	3,44881
6,71440	3,43904
6,72320	3,42927
6,73200	3,42927
6,74080	3,43904
6,74960	3,42927
6,75840	3,43904
6,76720	3,45858
6,77600	3,45858
6,78480	3,45858
6,79360	3,46835
6,80240	3,48789
6,81120	3,50743
6,82000	3,52697
6,82880	3,52697
6,83760	3,54651
6,84640	3,55628
6,85520	3,56605
6,86400	3,58559
6,87280	3,59536
6,88160	3,60513
6,89040	3,61490
6,89920	3,62467
6,90800	3,62467
6,91680	3,62467
6,92560	3,61490
6,93440	3,61490
6,94320	3,60513
6,95200	3,59536
6,96080	3,57582
6,96960	3,56605
6,97840	3,55628
6,98720	3,54651
6,99600	3,52697
7,00480	3,51720
7,01360	3,50743
7,02240	3,49766
7,03120	3,49766
7,04000	3,47812
7,04880	3,46835
7,05760	3,46835
7,06640	3,45858
7,07520	3,45858
7,08400	3,45858
7,09280	3,45858
7,10160	3,45858
7,11040	3,45858
7,11920	3,46835
7,12800	3,47812
7,13680	3,47812
7,14560	3,48789
7,15440	3,49766
7,16320	3,49766
7,17200	3,50743
7,18080	3,51720
7,18960	3,52697
7,19840	3,53674
7,20720	3,54651
7,21600	3,54651
7,22480	3,55628
7,23360	3,56605
7,24240	3,56605
7,25120	3,56605
7,26000	3,57582
7,26880	3,57582
7,27760	3,57582
7,28640	3,57582
7,29520	3,58559
7,30400	3,57582
7,31280	3,57582
7,32160	3,56605
7,33040	3,56605
7,33920	3,54651
7,34800	3,54651
7,35680	3,53674
7,36560	3,52697
7,37440	3,53674
7,38320	3,52697
7,39200	3,51720
7,40080	3,50743
7,40960	3,50743
7,41840	3,49766
7,42720	3,49766
7,43600	3,49766
7,44480	3,49766
7,45360	3,49766
7,46240	3,49766
7,47120	3,49766
7,48000	3,49766
7,48880	3,48789
7,49760	3,50743
7,50640	3,49766
7,51520	3,50743
7,52400	3,49766
7,53280	3,49766
7,54160	3,49766
7,55040	3,50743
7,55920	3,51720
7,56800	3,51720
7,57680	3,51720
7,58560	3,52697
7,59440	3,52697
7,60320	3,52697
7,61200	3,53674
7,62080	3,52697
7,62960	3,53674
7,63840	3,53674
7,64720	3,53674
7,65600	3,54651
7,66480	3,53674
7,67360	3,53674
7,68240	3,52697
7,69120	3,52697
7,70000	3,53674
7,70880	3,53674
7,71760	3,53674
7,72640	3,53674
7,73520	3,53674
7,74400	3,53674
7,75280	3,52697
7,76160	3,53674
7,77040	3,52697
7,77920	3,52697
7,78800	3,52697
7,79680	3,52697
7,80560	3,52697
7,81440	3,52697
7,82320	3,53674
7,83200	3,53674
7,84080	3,54651
7,84960	3,54651
7,85840	3,53674
7,86720	3,53674
7,87600	3,53674
7,88480	3,53674
7,89360	3,52697
7,90240	3,51720
7,91120	3,50743
7,92000	3,51720
7,92880	3,50743
7,93760	3,50743
7,94640	3,50743
7,95520	3,50743
7,96400	3,50743
7,97280	3,49766
7,98160	3,49766
7,99040	3,50743
7,99920	3,50743
8,00800	3,49766
8,01680	3,49766
8,02560	3,49766
8,03440	3,48789
8,04320	3,48789
8,05200	3,47812
8,06080	3,47812
8,06960	3,47812
8,07840	3,47812
8,08720	3,48789
8,09600	3,48789
8,10480	3,47812
8,11360	3,48789
8,12240	3,47812
8,13120	3,48789
8,14000	3,48789
8,14880	3,49766
8,15760	3,49766
8,16640	3,49766
8,17520	3,48789
8,18400	3,47812
8,19280	3,47812
8,20160	3,47812
8,21040	3,48789
8,21920	3,48789
8,22800	3,48789
8,23680	3,49766
8,24560	3,49766
8,25440	3,48789
8,26320	3,48789
8,27200	3,47812
8,28080	3,47812
8,28960	3,47812
8,29840	3,46835
8,30720	3,45858
8,31600	3,45858
8,32480	3,45858
8,33360	3,45858
8,34240	3,44881
8,35120	3,45858
8,36000	3,44881
8,36880	3,43904
8,37760	3,43904
8,38640	3,43904
8,39520	3,43904
8,40400	3,43904
8,41280	3,43904
8,42160	3,42927
8,43040	3,41950
8,43920	3,42927
8,44800	3,42927
8,45680	3,44881
8,46560	3,45858
8,47440	3,46835
8,48320	3,46835
8,49200	3,47812
8,50080	3,47812
8,50960	3,48789
8,51840	3,48789
8,52720	3,48789
8,53600	3,48789
8,54480	3,48789
8,55360	3,49766
8,56240	3,48789
8,57120	3,49766
8,58000	3,48789
8,58880	3,49766
8,59760	3,49766
8,60640	3,48789
8,61520	3,49766
8,62400	3,48789
8,63280	3,48789
8,64160	3,48789
8,65040	3,48789
8,65920	3,48789
8,66800	3,48789
8,67680	3,48789
8,68560	3,48789
8,69440	3,47812
8,70320	3,48789
8,71200	3,48789
8,72080	3,48789
8,72960	3,48789
8,73840	3,47812
8,74720	3,47812
8,75600	3,47812
8,76480	3,46835
8,77360	3,46835
8,78240	3,46835
8,79120	3,46835
8,80000	3,46835
8,80880	3,46835
8,81760	3,45858
8,82640	3,45858
8,83520	3,45858
8,84400	3,44881
8,85280	3,44881
8,86160	3,45858
8,87040	3,45858
8,87920	3,45858
8,88800	3,45858
8,89680	3,45858
8,90560	3,45858
8,91440	3,46835
8,92320	3,47812
8,93200	3,48789
8,94080	3,48789
8,94960	3,48789
8,95840	3,48789
8,96720	3,47812
