Position [V]	Intensität [Skt]
0,00000	2,62813
0,00880000	2,42296
0,0176000	2,42296
0,0264000	2,41319
0,0352000	2,41319
0,0440000	2,40342
0,0528000	2,08101
0,0616000	1,96377
0,0704000	1,92469
0,0792000	1,89538
0,0880000	1,87584
0,0968000	1,88561
0,105600	1,89538
0,114400	1,89538
0,123200	1,90515
0,132000	1,93446
0,140800	1,95400
0,149600	1,98331
0,158400	2,02239
0,167200	2,07124
0,176000	2,13963
0,184800	2,19825
0,193600	2,27641
0,202400	2,35457
0,211200	2,43273
0,220000	2,52066
0,228800	2,61836
0,237600	2,69652
0,246400	2,77468
0,255200	2,84307
0,264000	2,91146
0,272800	2,97008
0,281600	3,00916
0,290400	3,02870
0,299200	3,05801
0,308000	3,03847
0,316800	3,01893
0,325600	2,99939
0,334400	2,97008
0,343200	2,92123
0,352000	2,87238
0,360800	2,83330
0,369600	2,78445
0,378400	2,71606
0,387200	2,65744
0,396000	2,59882
0,404800	2,54020
0,413600	2,47181
0,422400	2,40342
0,431200	2,35457
0,440000	2,28618
0,448800	2,22756
0,457600	2,15917
0,466400	2,09078
0,475200	2,04193
0,484000	1,99308
0,492800	1,97354
0,501600	1,95400
0,510400	1,93446
0,519200	1,94423
0,528000	1,95400
0,536800	1,99308
0,545600	2,04193
0,554400	2,12986
0,563200	2,22756
0,572000	2,33503
0,580800	2,45227
0,589600	2,57928
0,598400	2,70629
0,607200	2,80399
0,616000	2,89192
0,624800	2,96031
0,633600	2,99939
0,642400	3,02870
0,651200	2,98962
0,660000	2,93100
0,668800	2,85284
0,677600	2,73560
0,686400	2,59882
0,695200	2,45227
0,704000	2,30572
0,712800	2,14940
0,721600	2,02239
0,730400	1,91492
0,739200	1,83676
0,748000	1,78791
0,756800	1,77814
0,765600	1,82699
0,774400	1,90515
0,783200	2,03216
0,792000	2,17871
0,800800	2,34480
0,809600	2,54020
0,818400	2,72583
0,827200	2,89192
0,836000	3,05801
0,844800	3,19479
0,853600	3,28272
0,862400	3,35111
0,871200	3,37065
0,880000	3,33157
0,888800	3,26318
0,897600	3,17525
0,906400	3,03847
0,915200	2,89192
0,924000	2,72583
0,932800	2,54997
0,941600	2,36434
0,950400	2,19825
0,959200	2,05170
0,968000	1,91492
0,976800	1,78791
0,985600	1,71952
0,994400	1,66090
1,00320	1,65113
1,01200	1,66090
1,02080	1,70975
1,02960	1,79768
1,03840	1,91492
1,04720	2,04193
1,05600	2,17871
1,06480	2,33503
1,07360	2,49135
1,08240	2,63790
1,09120	2,77468
1,10000	2,88215
1,10880	2,96031
1,11760	3,01893
1,12640	3,03847
1,13520	3,01893
1,14400	2,98962
1,15280	2,90169
1,16160	2,81376
1,17040	2,70629
1,17920	2,58905
1,18800	2,46204
1,19680	2,34480
1,20560	2,23733
1,21440	2,15917
1,22320	2,08101
1,23200	2,04193
1,24080	2,04193
1,24960	2,05170
1,25840	2,11032
1,26720	2,16894
1,27600	2,25687
1,28480	2,36434
1,29360	2,48158
1,30240	2,61836
1,31120	2,71606
1,32000	2,82353
1,32880	2,93100
1,33760	2,97008
1,34640	3,04824
1,35520	3,04824
1,36400	3,04824
1,37280	3,00916
1,38160	2,95054
1,39040	2,87238
1,39920	2,75514
1,40800	2,62813
1,41680	2,48158
1,42560	2,31549
1,43440	2,15917
1,44320	1,99308
1,45200	1,86607
1,46080	1,73906
1,46960	1,64136
1,47840	1,60228
1,48720	1,59251
1,49600	1,63159
1,50480	1,71952
1,51360	1,87584
1,52240	2,04193
1,53120	2,24710
1,54000	2,47181
1,54880	2,68675
1,55760	2,90169
1,56640	3,06778
1,57520	3,19479
1,58400	3,27295
1,59280	3,30226
1,60160	3,28272
1,61040	3,19479
1,61920	3,07755
1,62800	2,90169
1,63680	2,72583
1,64560	2,54020
1,65440	2,35457
1,66320	2,19825
1,67200	2,07124
1,68080	1,97354
1,68960	1,92469
1,69840	1,92469
1,70720	1,96377
1,71600	2,04193
1,72480	2,15917
1,73360	2,29595
1,74240	2,43273
1,75120	2,57928
1,76000	2,69652
1,76880	2,82353
1,77760	2,91146
1,78640	2,97008
1,79520	2,99939
1,80400	2,98962
1,81280	2,94077
1,82160	2,85284
1,83040	2,75514
1,83920	2,61836
1,84800	2,48158
1,85680	2,33503
1,86560	2,17871
1,87440	2,03216
1,88320	1,89538
1,89200	1,79768
1,90080	1,71952
1,90960	1,69021
1,91840	1,72929
1,92720	1,78791
1,93600	1,88561
1,94480	2,02239
1,95360	2,19825
1,96240	2,37411
1,97120	2,57928
1,98000	2,75514
1,98880	2,91146
1,99760	3,04824
2,00640	3,11663
2,01520	3,16548
2,02400	3,16548
2,03280	3,11663
2,04160	3,03847
2,05040	2,94077
2,05920	2,80399
2,06800	2,68675
2,07680	2,54020
2,08560	2,43273
2,09440	2,32526
2,10320	2,25687
2,11200	2,18848
2,12080	2,16894
2,12960	2,14940
2,13840	2,16894
2,14720	2,17871
2,15600	2,21779
2,16480	2,24710
2,17360	2,30572
2,18240	2,35457
2,19120	2,41319
2,20000	2,47181
2,20880	2,53043
2,21760	2,59882
2,22640	2,64767
2,23520	2,69652
2,24400	2,72583
2,25280	2,73560
2,26160	2,71606
2,27040	2,67698
2,27920	2,60859
2,28800	2,52066
2,29680	2,40342
2,30560	2,28618
2,31440	2,14940
2,32320	2,04193
2,33200	1,95400
2,34080	1,88561
2,34960	1,87584
2,35840	1,90515
2,36720	1,98331
2,37600	2,11032
2,38480	2,28618
2,39360	2,48158
2,40240	2,68675
2,41120	2,88215
2,42000	3,05801
2,42880	3,17525
2,43760	3,25341
2,44640	3,27295
2,45520	3,23387
2,46400	3,14594
2,47280	3,00916
2,48160	2,85284
2,49040	2,67698
2,49920	2,50112
2,50800	2,33503
2,51680	2,19825
2,52560	2,10055
2,53440	2,04193
2,54320	2,02239
2,55200	2,04193
2,56080	2,10055
2,56960	2,15917
2,57840	2,25687
2,58720	2,33503
2,59600	2,42296
2,60480	2,50112
2,61360	2,55974
2,62240	2,55974
2,63120	2,58905
2,64000	2,56951
2,64880	2,54997
2,65760	2,52066
2,66640	2,48158
2,67520	2,46204
2,68400	2,40342
2,69280	2,37411
2,70160	2,34480
2,71040	2,32526
2,71920	2,32526
2,72800	2,31549
2,73680	2,33503
2,74560	2,36434
2,75440	2,40342
2,76320	2,43273
2,77200	2,47181
2,78080	2,52066
2,78960	2,56951
2,79840	2,59882
2,80720	2,64767
2,81600	2,67698
2,82480	2,68675
2,83360	2,71606
2,84240	2,72583
2,85120	2,71606
2,86000	2,71606
2,86880	2,69652
2,87760	2,68675
2,88640	2,66721
2,89520	2,64767
2,90400	2,61836
2,91280	2,59882
2,92160	2,54020
2,93040	2,50112
2,93920	2,45227
2,94800	2,38388
2,95680	2,33503
2,96560	2,27641
2,97440	2,21779
2,98320	2,17871
2,99200	2,14940
3,00080	2,12986
3,00960	2,13963
3,01840	2,16894
3,02720	2,21779
3,03600	2,28618
3,04480	2,36434
3,05360	2,44250
3,06240	2,53043
3,07120	2,57928
3,08000	2,63790
3,08880	2,66721
3,09760	2,65744
3,10640	2,63790
3,11520	2,58905
3,12400	2,54020
3,13280	2,48158
3,14160	2,43273
3,15040	2,39365
3,15920	2,39365
3,16800	2,40342
3,17680	2,44250
3,18560	2,51089
3,19440	2,59882
3,20320	2,66721
3,21200	2,74537
3,22080	2,81376
3,22960	2,84307
3,23840	2,84307
3,24720	2,82353
3,25600	2,75514
3,26480	2,66721
3,27360	2,56951
3,28240	2,46204
3,29120	2,34480
3,30000	2,26664
3,30880	2,21779
3,31760	2,17871
3,32640	2,17871
3,33520	2,21779
3,34400	2,24710
3,35280	2,32526
3,36160	2,41319
3,37040	2,48158
3,37920	2,52066
3,38800	2,55974
3,39680	2,55974
3,40560	2,54020
3,41440	2,48158
3,42320	2,43273
3,43200	2,35457
3,44080	2,28618
3,44960	2,25687
3,45840	2,20802
3,46720	2,18848
3,47600	2,19825
3,48480	2,23733
3,49360	2,27641
3,50240	2,35457
3,51120	2,43273
3,52000	2,52066
3,52880	2,59882
3,53760	2,67698
3,54640	2,73560
3,55520	2,79422
3,56400	2,82353
3,57280	2,84307
3,58160	2,84307
3,59040	2,83330
3,59920	2,82353
3,60800	2,79422
3,61680	2,74537
3,62560	2,68675
3,63440	2,60859
3,64320	2,53043
3,65200	2,43273
3,66080	2,35457
3,66960	2,27641
3,67840	2,19825
3,68720	2,13963
3,69600	2,10055
3,70480	2,09078
3,71360	2,10055
3,72240	2,13963
3,73120	2,19825
3,74000	2,27641
3,74880	2,35457
3,75760	2,45227
3,76640	2,51089
3,77520	2,58905
3,78400	2,61836
3,79280	2,63790
3,80160	2,63790
3,81040	2,61836
3,81920	2,57928
3,82800	2,53043
3,83680	2,46204
3,84560	2,41319
3,85440	2,36434
3,86320	2,32526
3,87200	2,29595
3,88080	2,28618
3,88960	2,28618
3,89840	2,30572
3,90720	2,32526
3,91600	2,36434
3,92480	2,40342
3,93360	2,46204
3,94240	2,50112
3,95120	2,56951
3,96000	2,64767
3,96880	2,71606
3,97760	2,78445
3,98640	2,85284
3,99520	2,90169
4,00400	2,93100
4,01280	2,94077
4,02160	2,93100
4,03040	2,88215
4,03920	2,83330
4,04800	2,70629
4,05680	2,56951
4,06560	2,42296
4,07440	2,25687
4,08320	2,09078
4,09200	1,94423
4,10080	1,81722
4,10960	1,72929
4,11840	1,69998
4,12720	1,71952
4,13600	1,77814
4,14480	1,90515
4,15360	2,07124
4,16240	2,25687
4,17120	2,43273
4,18000	2,62813
4,18880	2,79422
4,19760	2,90169
4,20640	2,98962
4,21520	3,01893
4,22400	3,00916
4,23280	2,95054
4,24160	2,84307
4,25040	2,72583
4,25920	2,58905
4,26800	2,44250
4,27680	2,31549
4,28560	2,20802
4,29440	2,12009
4,30320	2,06147
4,31200	2,05170
4,32080	2,07124
4,32960	2,13963
4,33840	2,22756
4,34720	2,35457
4,35600	2,49135
4,36480	2,64767
4,37360	2,79422
4,38240	2,91146
4,39120	3,02870
4,40000	3,08732
4,40880	3,11663
4,41760	3,11663
4,42640	3,05801
4,43520	2,96031
4,44400	2,81376
4,45280	2,64767
4,46160	2,46204
4,47040	2,28618
4,47920	2,10055
4,48800	1,93446
4,49680	1,81722
4,50560	1,70975
4,51440	1,67067
4,52320	1,67067
4,53200	1,71952
4,54080	1,81722
4,54960	1,94423
4,55840	2,09078
4,56720	2,25687
4,57600	2,41319
4,58480	2,56951
4,59360	2,67698
4,60240	2,78445
4,61120	2,87238
4,62000	2,92123
4,62880	2,95054
4,63760	2,95054
4,64640	2,95054
4,65520	2,89192
4,66400	2,83330
4,67280	2,77468
4,68160	2,69652
4,69040	2,60859
4,69920	2,53043
4,70800	2,42296
4,71680	2,33503
4,72560	2,24710
4,73440	2,17871
4,74320	2,12986
4,75200	2,10055
4,76080	2,12986
4,76960	2,18848
4,77840	2,28618
4,78720	2,40342
4,79600	2,56951
4,80480	2,71606
4,81360	2,87238
4,82240	3,00916
4,83120	3,08732
4,84000	3,12640
4,84880	3,10686
4,85760	3,02870
4,86640	2,86261
4,87520	2,66721
4,88400	2,43273
4,89280	2,16894
4,90160	1,90515
4,91040	1,65113
4,91920	1,44596
4,92800	1,30918
4,93680	1,24079
4,94560	1,25056
4,95440	1,35803
4,96320	1,54366
4,97200	1,77814
4,98080	2,06147
4,98960	2,40342
4,99840	2,71606
5,00720	2,98962
5,01600	3,24364
5,02480	3,41950
5,03360	3,53674
5,04240	3,57582
5,05120	3,53674
5,06000	3,46835
5,06880	3,34134
5,07760	3,16548
5,08640	2,97985
5,09520	2,78445
5,10400	2,58905
5,11280	2,41319
5,12160	2,26664
5,13040	2,13963
5,13920	2,04193
5,14800	1,97354
5,15680	1,94423
5,16560	1,94423
5,17440	1,96377
5,18320	2,00285
5,19200	2,07124
5,20080	2,15917
5,20960	2,25687
5,21840	2,36434
5,22720	2,47181
5,23600	2,55974
5,24480	2,63790
5,25360	2,69652
5,26240	2,72583
5,27120	2,73560
5,28000	2,70629
5,28880	2,65744
5,29760	2,57928
5,30640	2,47181
5,31520	2,36434
5,32400	2,26664
5,33280	2,15917
5,34160	2,05170
5,35040	1,99308
5,35920	1,96377
5,36800	1,95400
5,37680	1,98331
5,38560	2,05170
5,39440	2,14940
5,40320	2,27641
5,41200	2,43273
5,42080	2,59882
5,42960	2,75514
5,43840	2,92123
5,44720	3,04824
5,45600	3,16548
5,46480	3,25341
5,47360	3,27295
5,48240	3,28272
5,49120	3,23387
5,50000	3,15571
5,50880	3,02870
5,51760	2,89192
5,52640	2,71606
5,53520	2,53043
5,54400	2,33503
5,55280	2,14940
5,56160	1,97354
5,57040	1,83676
5,57920	1,71952
5,58800	1,67067
5,59680	1,65113
5,60560	1,68044
5,61440	1,76837
5,62320	1,90515
5,63200	2,07124
5,64080	2,24710
5,64960	2,43273
5,65840	2,63790
5,66720	2,79422
5,67600	2,91146
5,68480	2,98962
5,69360	3,01893
5,70240	2,99939
5,71120	2,93100
5,72000	2,83330
5,72880	2,68675
5,73760	2,54020
5,74640	2,38388
5,75520	2,24710
5,76400	2,12986
5,77280	2,04193
5,78160	2,01262
5,79040	2,00285
5,79920	2,03216
5,80800	2,12986
5,81680	2,22756
5,82560	2,35457
5,83440	2,50112
5,84320	2,63790
5,85200	2,76491
5,86080	2,87238
5,86960	2,96031
5,87840	3,01893
5,88720	3,03847
5,89600	3,04824
5,90480	3,03847
5,91360	2,98962
5,92240	2,90169
5,93120	2,82353
5,94000	2,73560
5,94880	2,61836
5,95760	2,50112
5,96640	2,39365
5,97520	2,28618
5,98400	2,16894
5,99280	2,07124
6,00160	1,99308
6,01040	1,93446
6,01920	1,88561
6,02800	1,88561
6,03680	1,89538
6,04560	1,94423
6,05440	2,02239
6,06320	2,11032
6,07200	2,22756
6,08080	2,34480
6,08960	2,47181
6,09840	2,58905
6,10720	2,68675
6,11600	2,75514
6,12480	2,81376
6,13360	2,82353
6,14240	2,82353
6,15120	2,81376
6,16000	2,77468
6,16880	2,71606
6,17760	2,64767
6,18640	2,57928
6,19520	2,51089
6,20400	2,45227
6,21280	2,40342
6,22160	2,37411
6,23040	2,36434
6,23920	2,36434
6,24800	2,36434
6,25680	2,40342
6,26560	2,43273
6,27440	2,46204
6,28320	2,50112
6,29200	2,54997
6,30080	2,58905
6,30960	2,63790
6,31840	2,66721
6,32720	2,70629
6,33600	2,73560
6,34480	2,76491
6,35360	2,76491
6,36240	2,76491
6,37120	2,74537
6,38000	2,71606
6,38880	2,64767
6,39760	2,56951
6,40640	2,48158
6,41520	2,38388
6,42400	2,27641
6,43280	2,17871
6,44160	2,09078
6,45040	2,00285
6,45920	1,94423
6,46800	1,91492
6,47680	1,92469
6,48560	1,96377
6,49440	2,04193
6,50320	2,15917
6,51200	2,27641
6,52080	2,41319
6,52960	2,54997
6,53840	2,68675
6,54720	2,78445
6,55600	2,86261
6,56480	2,91146
6,57360	2,93100
6,58240	2,89192
6,59120	2,84307
6,60000	2,76491
6,60880	2,67698
6,61760	2,59882
6,62640	2,53043
6,63520	2,45227
6,64400	2,41319
6,65280	2,40342
6,66160	2,40342
6,67040	2,43273
6,67920	2,48158
6,68800	2,53043
6,69680	2,59882
6,70560	2,65744
6,71440	2,70629
6,72320	2,73560
6,73200	2,73560
6,74080	2,71606
6,74960	2,68675
6,75840	2,62813
6,76720	2,55974
6,77600	2,49135
6,78480	2,42296
6,79360	2,35457
6,80240	2,29595
6,81120	2,26664
6,82000	2,24710
6,82880	2,24710
6,83760	2,25687
6,84640	2,27641
6,85520	2,29595
6,86400	2,33503
6,87280	2,36434
6,88160	2,40342
6,89040	2,41319
6,89920	2,43273
6,90800	2,44250
6,91680	2,44250
6,92560	2,44250
6,93440	2,43273
6,94320	2,43273
6,95200	2,43273
6,96080	2,42296
6,96960	2,42296
6,97840	2,44250
6,98720	2,45227
6,99600	2,47181
7,00480	2,50112
7,01360	2,53043
7,02240	2,56951
7,03120	2,58905
7,04000	2,62813
7,04880	2,65744
7,05760	2,67698
7,06640	2,70629
7,07520	2,71606
7,08400	2,72583
7,09280	2,73560
7,10160	2,72583
7,11040	2,70629
7,11920	2,68675
7,12800	2,66721
7,13680	2,63790
7,14560	2,60859
7,15440	2,57928
7,16320	2,54020
7,17200	2,50112
7,18080	2,47181
7,18960	2,43273
7,19840	2,40342
7,20720	2,38388
7,21600	2,37411
7,22480	2,36434
7,23360	2,35457
7,24240	2,34480
7,25120	2,34480
7,26000	2,33503
7,26880	2,31549
7,27760	2,30572
7,28640	2,28618
7,29520	2,27641
7,30400	2,26664
7,31280	2,26664
7,32160	2,27641
7,33040	2,28618
7,33920	2,30572
7,34800	2,34480
7,35680	2,39365
7,36560	2,45227
7,37440	2,53043
7,38320	2,60859
7,39200	2,68675
7,40080	2,74537
7,40960	2,80399
7,41840	2,85284
7,42720	2,87238
7,43600	2,86261
7,44480	2,83330
7,45360	2,77468
7,46240	2,69652
7,47120	2,61836
7,48000	2,52066
7,48880	2,42296
7,49760	2,34480
7,50640	2,29595
7,51520	2,24710
7,52400	2,23733
7,53280	2,26664
7,54160	2,31549
7,55040	2,40342
7,55920	2,51089
7,56800	2,60859
7,57680	2,72583
7,58560	2,82353
7,59440	2,91146
7,60320	2,97008
7,61200	2,98962
7,62080	2,97985
7,62960	2,93100
7,63840	2,84307
7,64720	2,73560
7,65600	2,59882
7,66480	2,44250
7,67360	2,29595
7,68240	2,18848
7,69120	2,06147
7,70000	1,97354
7,70880	1,90515
7,71760	1,87584
7,72640	1,87584
7,73520	1,90515
7,74400	1,97354
7,75280	2,06147
7,76160	2,16894
7,77040	2,28618
7,77920	2,40342
7,78800	2,51089
7,79680	2,60859
7,80560	2,70629
7,81440	2,79422
7,82320	2,84307
7,83200	2,89192
7,84080	2,92123
7,84960	2,94077
7,85840	2,95054
7,86720	2,94077
7,87600	2,93100
7,88480	2,91146
7,89360	2,87238
7,90240	2,81376
7,91120	2,74537
7,92000	2,67698
7,92880	2,60859
7,93760	2,53043
7,94640	2,45227
7,95520	2,38388
7,96400	2,31549
7,97280	2,26664
7,98160	2,22756
7,99040	2,19825
7,99920	2,19825
8,00800	2,22756
8,01680	2,27641
8,02560	2,32526
8,03440	2,40342
8,04320	2,50112
8,05200	2,58905
8,06080	2,68675
8,06960	2,75514
8,07840	2,80399
8,08720	2,85284
8,09600	2,86261
8,10480	2,84307
8,11360	2,81376
8,12240	2,76491
8,13120	2,68675
8,14000	2,58905
8,14880	2,49135
8,15760	2,38388
8,16640	2,28618
8,17520	2,17871
8,18400	2,11032
8,19280	2,03216
8,20160	1,97354
8,21040	1,95400
8,21920	1,94423
8,22800	1,95400
8,23680	2,00285
8,24560	2,07124
8,25440	2,16894
8,26320	2,26664
8,27200	2,37411
8,28080	2,51089
8,28960	2,63790
8,29840	2,76491
8,30720	2,90169
8,31600	3,02870
8,32480	3,11663
8,33360	3,20456
8,34240	3,26318
8,35120	3,29249
8,36000	3,28272
8,36880	3,22410
8,37760	3,14594
8,38640	3,05801
8,39520	2,92123
8,40400	2,76491
8,41280	2,60859
8,42160	2,44250
8,43040	2,26664
8,43920	2,11032
8,44800	1,98331
8,45680	1,88561
8,46560	1,82699
8,47440	1,80745
8,48320	1,80745
8,49200	1,86607
8,50080	1,95400
8,50960	2,09078
8,51840	2,23733
8,52720	2,40342
8,53600	2,55974
8,54480	2,71606
8,55360	2,84307
8,56240	2,95054
8,57120	3,02870
8,58000	3,06778
8,58880	3,06778
8,59760	3,02870
8,60640	2,95054
8,61520	2,84307
8,62400	2,73560
8,63280	2,60859
8,64160	2,46204
8,65040	2,31549
8,65920	2,18848
8,66800	2,07124
8,67680	1,99308
8,68560	1,93446
8,69440	1,89538
8,70320	1,90515
8,71200	1,92469
8,72080	1,98331
8,72960	2,06147
8,73840	2,18848
8,74720	2,30572
8,75600	2,44250
8,76480	2,57928
8,77360	2,72583
8,78240	2,85284
8,79120	2,97008
8,80000	3,07755
8,80880	3,16548
8,81760	3,22410
8,82640	3,26318
8,83520	3,27295
8,84400	3,27295
8,85280	3,22410
8,86160	3,14594
8,87040	3,06778
8,87920	2,95054
8,88800	2,80399
8,89680	2,66721
8,90560	2,52066
8,91440	2,37411
8,92320	2,23733
8,93200	2,11032
8,94080	2,00285
8,94960	1,92469
8,95840	1,85630
8,96720	1,81722
