Position [V]	Intensität [Skt]
0,00000	2,26664
0,00880000	2,30572
0,0176000	2,30572
0,0264000	2,32526
0,0352000	2,31549
0,0440000	2,23733
0,0528000	2,25687
0,0616000	2,29595
0,0704000	2,31549
0,0792000	2,32526
0,0880000	2,32526
0,0968000	2,33503
0,105600	2,33503
0,114400	2,32526
0,123200	2,32526
0,132000	2,30572
0,140800	2,30572
0,149600	2,28618
0,158400	2,27641
0,167200	2,26664
0,176000	2,25687
0,184800	2,23733
0,193600	2,22756
0,202400	2,20802
0,211200	2,20802
0,220000	2,19825
0,228800	2,19825
0,237600	2,19825
0,246400	2,20802
0,255200	2,22756
0,264000	2,24710
0,272800	2,27641
0,281600	2,30572
0,290400	2,34480
0,299200	2,39365
0,308000	2,43273
0,316800	2,45227
0,325600	2,49135
0,334400	2,53043
0,343200	2,55974
0,352000	2,56951
0,360800	2,58905
0,369600	2,58905
0,378400	2,58905
0,387200	2,57928
0,396000	2,56951
0,404800	2,54020
0,413600	2,51089
0,422400	2,49135
0,431200	2,46204
0,440000	2,44250
0,448800	2,41319
0,457600	2,39365
0,466400	2,37411
0,475200	2,36434
0,484000	2,35457
0,492800	2,36434
0,501600	2,35457
0,510400	2,36434
0,519200	2,35457
0,528000	2,35457
0,536800	2,34480
0,545600	2,32526
0,554400	2,32526
0,563200	2,30572
0,572000	2,27641
0,580800	2,25687
0,589600	2,21779
0,598400	2,19825
0,607200	2,16894
0,616000	2,15917
0,624800	2,13963
0,633600	2,13963
0,642400	2,14940
0,651200	2,15917
0,660000	2,18848
0,668800	2,21779
0,677600	2,25687
0,686400	2,29595
0,695200	2,32526
0,704000	2,36434
0,712800	2,39365
0,721600	2,40342
0,730400	2,40342
0,739200	2,40342
0,748000	2,37411
0,756800	2,34480
0,765600	2,31549
0,774400	2,25687
0,783200	2,20802
0,792000	2,15917
0,800800	2,12009
0,809600	2,09078
0,818400	2,06147
0,827200	2,06147
0,836000	2,08101
0,844800	2,10055
0,853600	2,13963
0,862400	2,17871
0,871200	2,23733
0,880000	2,28618
0,888800	2,33503
0,897600	2,39365
0,906400	2,43273
0,915200	2,48158
0,924000	2,49135
0,932800	2,50112
0,941600	2,50112
0,950400	2,48158
0,959200	2,47181
0,968000	2,42296
0,976800	2,38388
0,985600	2,34480
0,994400	2,29595
1,00320	2,26664
1,01200	2,22756
1,02080	2,19825
1,02960	2,16894
1,03840	2,15917
1,04720	2,14940
1,05600	2,14940
1,06480	2,14940
1,07360	2,14940
1,08240	2,16894
1,09120	2,16894
1,10000	2,19825
1,10880	2,20802
1,11760	2,23733
1,12640	2,25687
1,13520	2,28618
1,14400	2,32526
1,15280	2,35457
1,16160	2,38388
1,17040	2,41319
1,17920	2,43273
1,18800	2,45227
1,19680	2,46204
1,20560	2,47181
1,21440	2,45227
1,22320	2,44250
1,23200	2,42296
1,24080	2,40342
1,24960	2,36434
1,25840	2,33503
1,26720	2,32526
1,27600	2,29595
1,28480	2,28618
1,29360	2,27641
1,30240	2,28618
1,31120	2,29595
1,32000	2,31549
1,32880	2,33503
1,33760	2,36434
1,34640	2,38388
1,35520	2,40342
1,36400	2,44250
1,37280	2,44250
1,38160	2,46204
1,39040	2,46204
1,39920	2,46204
1,40800	2,45227
1,41680	2,46204
1,42560	2,44250
1,43440	2,44250
1,44320	2,42296
1,45200	2,41319
1,46080	2,40342
1,46960	2,38388
1,47840	2,36434
1,48720	2,35457
1,49600	2,33503
1,50480	2,29595
1,51360	2,23733
1,52240	2,20802
1,53120	2,17871
1,54000	2,15917
1,54880	2,14940
1,55760	2,12986
1,56640	2,14940
1,57520	2,16894
1,58400	2,19825
1,59280	2,23733
1,60160	2,28618
1,61040	2,35457
1,61920	2,40342
1,62800	2,47181
1,63680	2,51089
1,64560	2,53043
1,65440	2,54997
1,66320	2,53043
1,67200	2,50112
1,68080	2,46204
1,68960	2,42296
1,69840	2,34480
1,70720	2,29595
1,71600	2,24710
1,72480	2,18848
1,73360	2,16894
1,74240	2,13963
1,75120	2,14940
1,76000	2,15917
1,76880	2,18848
1,77760	2,21779
1,78640	2,25687
1,79520	2,28618
1,80400	2,30572
1,81280	2,33503
1,82160	2,35457
1,83040	2,36434
1,83920	2,35457
1,84800	2,35457
1,85680	2,33503
1,86560	2,32526
1,87440	2,31549
1,88320	2,28618
1,89200	2,27641
1,90080	2,26664
1,90960	2,24710
1,91840	2,22756
1,92720	2,20802
1,93600	2,17871
1,94480	2,16894
1,95360	2,15917
1,96240	2,14940
1,97120	2,12986
1,98000	2,14940
1,98880	2,14940
1,99760	2,18848
2,00640	2,22756
2,01520	2,26664
2,02400	2,31549
2,03280	2,37411
2,04160	2,42296
2,05040	2,47181
2,05920	2,50112
2,06800	2,52066
2,07680	2,52066
2,08560	2,52066
2,09440	2,50112
2,10320	2,46204
2,11200	2,41319
2,12080	2,38388
2,12960	2,33503
2,13840	2,30572
2,14720	2,28618
2,15600	2,26664
2,16480	2,27641
2,17360	2,27641
2,18240	2,28618
2,19120	2,29595
2,20000	2,31549
2,20880	2,32526
2,21760	2,32526
2,22640	2,32526
2,23520	2,31549
2,24400	2,29595
2,25280	2,27641
2,26160	2,27641
2,27040	2,25687
2,27920	2,25687
2,28800	2,25687
2,29680	2,27641
2,30560	2,29595
2,31440	2,31549
2,32320	2,32526
2,33200	2,33503
2,34080	2,34480
2,34960	2,33503
2,35840	2,32526
2,36720	2,29595
2,37600	2,26664
2,38480	2,22756
2,39360	2,20802
2,40240	2,17871
2,41120	2,16894
2,42000	2,17871
2,42880	2,20802
2,43760	2,25687
2,44640	2,31549
2,45520	2,38388
2,46400	2,45227
2,47280	2,52066
2,48160	2,56951
2,49040	2,61836
2,49920	2,63790
2,50800	2,62813
2,51680	2,61836
2,52560	2,56951
2,53440	2,52066
2,54320	2,46204
2,55200	2,40342
2,56080	2,35457
2,56960	2,32526
2,57840	2,29595
2,58720	2,28618
2,59600	2,30572
2,60480	2,32526
2,61360	2,35457
2,62240	2,37411
2,63120	2,42296
2,64000	2,40342
2,64880	2,43273
2,65760	2,43273
2,66640	2,43273
2,67520	2,41319
2,68400	2,38388
2,69280	2,35457
2,70160	2,33503
2,71040	2,30572
2,71920	2,27641
2,72800	2,26664
2,73680	2,25687
2,74560	2,23733
2,75440	2,23733
2,76320	2,23733
2,77200	2,23733
2,78080	2,22756
2,78960	2,22756
2,79840	2,22756
2,80720	2,22756
2,81600	2,21779
2,82480	2,21779
2,83360	2,21779
2,84240	2,21779
2,85120	2,22756
2,86000	2,23733
2,86880	2,22756
2,87760	2,22756
2,88640	2,22756
2,89520	2,23733
2,90400	2,21779
2,91280	2,21779
2,92160	2,20802
2,93040	2,19825
2,93920	2,19825
2,94800	2,18848
2,95680	2,18848
2,96560	2,18848
2,97440	2,19825
2,98320	2,19825
2,99200	2,20802
3,00080	2,20802
3,00960	2,21779
3,01840	2,19825
3,02720	2,19825
3,03600	2,18848
3,04480	2,17871
3,05360	2,15917
3,06240	2,15917
3,07120	2,15917
3,08000	2,15917
3,08880	2,18848
3,09760	2,20802
3,10640	2,24710
3,11520	2,27641
3,12400	2,31549
3,13280	2,35457
3,14160	2,38388
3,15040	2,40342
3,15920	2,40342
3,16800	2,39365
3,17680	2,37411
3,18560	2,35457
3,19440	2,32526
3,20320	2,29595
3,21200	2,27641
3,22080	2,27641
3,22960	2,28618
3,23840	2,31549
3,24720	2,34480
3,25600	2,39365
3,26480	2,42296
3,27360	2,47181
3,28240	2,50112
3,29120	2,52066
3,30000	2,51089
3,30880	2,50112
3,31760	2,46204
3,32640	2,42296
3,33520	2,37411
3,34400	2,32526
3,35280	2,28618
3,36160	2,25687
3,37040	2,25687
3,37920	2,24710
3,38800	2,27641
3,39680	2,31549
3,40560	2,35457
3,41440	2,40342
3,42320	2,43273
3,43200	2,47181
3,44080	2,47181
3,44960	2,48158
3,45840	2,47181
3,46720	2,45227
3,47600	2,42296
3,48480	2,38388
3,49360	2,34480
3,50240	2,31549
3,51120	2,31549
3,52000	2,29595
3,52880	2,30572
3,53760	2,32526
3,54640	2,36434
3,55520	2,37411
3,56400	2,42296
3,57280	2,44250
3,58160	2,45227
3,59040	2,47181
3,59920	2,45227
3,60800	2,45227
3,61680	2,43273
3,62560	2,41319
3,63440	2,41319
3,64320	2,38388
3,65200	2,38388
3,66080	2,36434
3,66960	2,35457
3,67840	2,34480
3,68720	2,34480
3,69600	2,32526
3,70480	2,29595
3,71360	2,28618
3,72240	2,24710
3,73120	2,21779
3,74000	2,20802
3,74880	2,16894
3,75760	2,14940
3,76640	2,12986
3,77520	2,12986
3,78400	2,13963
3,79280	2,15917
3,80160	2,18848
3,81040	2,20802
3,81920	2,22756
3,82800	2,25687
3,83680	2,24710
3,84560	2,25687
3,85440	2,24710
3,86320	2,23733
3,87200	2,19825
3,88080	2,16894
3,88960	2,13963
3,89840	2,12986
3,90720	2,12009
3,91600	2,11032
3,92480	2,11032
3,93360	2,12009
3,94240	2,12986
3,95120	2,15917
3,96000	2,16894
3,96880	2,17871
3,97760	2,17871
3,98640	2,18848
3,99520	2,18848
4,00400	2,16894
4,01280	2,18848
4,02160	2,17871
4,03040	2,17871
4,03920	2,17871
4,04800	2,18848
4,05680	2,21779
4,06560	2,23733
4,07440	2,25687
4,08320	2,25687
4,09200	2,28618
4,10080	2,26664
4,10960	2,25687
4,11840	2,22756
4,12720	2,20802
4,13600	2,16894
4,14480	2,13963
4,15360	2,12009
4,16240	2,09078
4,17120	2,10055
4,18000	2,11032
4,18880	2,14940
4,19760	2,18848
4,20640	2,25687
4,21520	2,32526
4,22400	2,40342
4,23280	2,47181
4,24160	2,54020
4,25040	2,57928
4,25920	2,62813
4,26800	2,63790
4,27680	2,63790
4,28560	2,64767
4,29440	2,60859
4,30320	2,60859
4,31200	2,56951
4,32080	2,55974
4,32960	2,53043
4,33840	2,53043
4,34720	2,52066
4,35600	2,54020
4,36480	2,54997
4,37360	2,57928
4,38240	2,59882
4,39120	2,62813
4,40000	2,65744
4,40880	2,67698
4,41760	2,70629
4,42640	2,73560
4,43520	2,74537
4,44400	2,75514
4,45280	2,77468
4,46160	2,76491
4,47040	2,76491
4,47920	2,75514
4,48800	2,71606
4,49680	2,68675
4,50560	2,64767
4,51440	2,60859
4,52320	2,53043
4,53200	2,48158
4,54080	2,42296
4,54960	2,36434
4,55840	2,32526
4,56720	2,29595
4,57600	2,27641
4,58480	2,26664
4,59360	2,26664
4,60240	2,28618
4,61120	2,29595
4,62000	2,30572
4,62880	2,31549
4,63760	2,31549
4,64640	2,29595
4,65520	2,27641
4,66400	2,22756
4,67280	2,18848
4,68160	2,13963
4,69040	2,07124
4,69920	2,01262
4,70800	1,96377
4,71680	1,91492
4,72560	1,87584
4,73440	1,83676
4,74320	1,80745
4,75200	1,76837
4,76080	1,73906
4,76960	1,69998
4,77840	1,65113
4,78720	1,61205
4,79600	1,57297
4,80480	1,53389
4,81360	1,49481
4,82240	1,48504
4,83120	1,46550
4,84000	1,48504
4,84880	1,50458
4,85760	1,55343
4,86640	1,62182
4,87520	1,69021
4,88400	1,76837
4,89280	1,84653
4,90160	1,91492
4,91040	1,96377
4,91920	2,01262
4,92800	2,02239
4,93680	2,03216
4,94560	2,01262
4,95440	2,01262
4,96320	1,99308
4,97200	2,00285
4,98080	2,01262
4,98960	2,08101
4,99840	2,15917
5,00720	2,26664
5,01600	2,40342
5,02480	2,53043
5,03360	2,70629
5,04240	2,85284
5,05120	3,01893
5,06000	3,14594
5,06880	3,26318
5,07760	3,34134
5,08640	3,39996
5,09520	3,41950
5,10400	3,39996
5,11280	3,40973
5,12160	3,36088
5,13040	3,33157
5,13920	3,28272
5,14800	3,25341
5,15680	3,20456
5,16560	3,16548
5,17440	3,13617
5,18320	3,09709
5,19200	3,06778
5,20080	3,02870
5,20960	3,00916
5,21840	2,96031
5,22720	2,90169
5,23600	2,86261
5,24480	2,79422
5,25360	2,73560
5,26240	2,68675
5,27120	2,60859
5,28000	2,56951
5,28880	2,52066
5,29760	2,47181
5,30640	2,42296
5,31520	2,36434
5,32400	2,32526
5,33280	2,26664
5,34160	2,20802
5,35040	2,12986
5,35920	2,07124
5,36800	1,99308
5,37680	1,92469
5,38560	1,86607
5,39440	1,78791
5,40320	1,73906
5,41200	1,69998
5,42080	1,67067
5,42960	1,66090
5,43840	1,66090
5,44720	1,67067
5,45600	1,69998
5,46480	1,72929
5,47360	1,75860
5,48240	1,78791
5,49120	1,82699
5,50000	1,86607
5,50880	1,87584
5,51760	1,90515
5,52640	1,92469
5,53520	1,94423
5,54400	1,95400
5,55280	1,97354
5,56160	1,98331
5,57040	1,99308
5,57920	1,98331
5,58800	1,97354
5,59680	1,94423
5,60560	1,95400
5,61440	1,93446
5,62320	1,92469
5,63200	1,93446
5,64080	1,92469
5,64960	1,94423
5,65840	1,97354
5,66720	2,00285
5,67600	2,05170
5,68480	2,12009
5,69360	2,17871
5,70240	2,24710
5,71120	2,32526
5,72000	2,38388
5,72880	2,45227
5,73760	2,52066
5,74640	2,55974
5,75520	2,55974
5,76400	2,56951
5,77280	2,57928
5,78160	2,54997
5,79040	2,52066
5,79920	2,48158
5,80800	2,44250
5,81680	2,42296
5,82560	2,40342
5,83440	2,41319
5,84320	2,42296
5,85200	2,46204
5,86080	2,51089
5,86960	2,54997
5,87840	2,61836
5,88720	2,64767
5,89600	2,69652
5,90480	2,72583
5,91360	2,74537
5,92240	2,69652
5,93120	2,29595
5,94000	2,41319
5,94880	2,56951
5,95760	2,66721
5,96640	2,65744
5,97520	2,62813
5,98400	2,59882
5,99280	2,58905
6,00160	2,55974
6,01040	2,54020
6,01920	2,53043
6,02800	2,50112
6,03680	2,50112
6,04560	2,46204
6,05440	2,44250
6,06320	2,43273
6,07200	2,39365
6,08080	2,37411
6,08960	2,34480
6,09840	2,32526
6,10720	2,32526
6,11600	2,32526
6,12480	2,34480
6,13360	2,36434
6,14240	2,37411
6,15120	2,40342
6,16000	2,42296
6,16880	2,43273
6,17760	2,45227
6,18640	2,45227
6,19520	2,43273
6,20400	2,43273
6,21280	2,39365
6,22160	2,36434
6,23040	2,31549
6,23920	2,29595
6,24800	2,25687
6,25680	2,23733
6,26560	2,22756
6,27440	2,21779
6,28320	2,22756
6,29200	2,21779
6,30080	2,23733
6,30960	2,23733
6,31840	2,24710
6,32720	2,26664
6,33600	2,25687
6,34480	2,26664
6,35360	2,25687
6,36240	2,23733
6,37120	2,21779
6,38000	2,21779
6,38880	2,20802
6,39760	2,19825
6,40640	2,20802
6,41520	2,20802
6,42400	2,21779
6,43280	2,23733
6,44160	2,22756
6,45040	2,22756
6,45920	2,22756
6,46800	2,20802
6,47680	2,19825
6,48560	2,15917
6,49440	2,13963
6,50320	2,11032
6,51200	2,07124
6,52080	2,05170
6,52960	2,04193
6,53840	2,03216
6,54720	2,04193
6,55600	2,06147
6,56480	2,09078
6,57360	2,14940
6,58240	2,19825
6,59120	2,24710
6,60000	2,30572
6,60880	2,35457
6,61760	2,37411
6,62640	2,39365
6,63520	2,39365
6,64400	2,37411
6,65280	2,34480
6,66160	2,33503
6,67040	2,29595
6,67920	2,24710
6,68800	2,22756
6,69680	2,20802
6,70560	2,18848
6,71440	2,19825
6,72320	2,22756
6,73200	2,25687
6,74080	2,29595
6,74960	2,34480
6,75840	2,38388
6,76720	2,40342
6,77600	2,43273
6,78480	2,45227
6,79360	2,45227
6,80240	2,43273
6,81120	2,42296
6,82000	2,38388
6,82880	2,35457
6,83760	2,33503
6,84640	2,30572
6,85520	2,26664
6,86400	2,25687
6,87280	2,25687
6,88160	2,25687
6,89040	2,28618
6,89920	2,30572
6,90800	2,33503
6,91680	2,36434
6,92560	2,37411
6,93440	2,40342
6,94320	2,40342
6,95200	2,42296
6,96080	2,42296
6,96960	2,41319
6,97840	2,41319
6,98720	2,39365
6,99600	2,38388
7,00480	2,38388
7,01360	2,38388
7,02240	2,37411
7,03120	2,37411
7,04000	2,39365
7,04880	2,39365
7,05760	2,40342
7,06640	2,41319
7,07520	2,43273
7,08400	2,44250
7,09280	2,44250
7,10160	2,45227
7,11040	2,45227
7,11920	2,46204
7,12800	2,45227
7,13680	2,44250
7,14560	2,45227
7,15440	2,44250
7,16320	2,43273
7,17200	2,43273
7,18080	2,44250
7,18960	2,43273
7,19840	2,41319
7,20720	2,40342
7,21600	2,39365
7,22480	2,37411
7,23360	2,36434
7,24240	2,35457
7,25120	2,32526
7,26000	2,32526
7,26880	2,31549
7,27760	2,29595
7,28640	2,30572
7,29520	2,29595
7,30400	2,29595
7,31280	2,29595
7,32160	2,30572
7,33040	2,29595
7,33920	2,29595
7,34800	2,29595
7,35680	2,28618
7,36560	2,27641
7,37440	2,26664
7,38320	2,25687
7,39200	2,22756
7,40080	2,22756
7,40960	2,21779
7,41840	2,20802
7,42720	2,20802
7,43600	2,21779
7,44480	2,24710
7,45360	2,25687
7,46240	2,28618
7,47120	2,30572
7,48000	2,32526
7,48880	2,34480
7,49760	2,33503
7,50640	2,33503
7,51520	2,32526
7,52400	2,30572
7,53280	2,26664
7,54160	2,21779
7,55040	2,17871
7,55920	2,13963
7,56800	2,10055
7,57680	2,08101
7,58560	2,07124
7,59440	2,06147
7,60320	2,08101
7,61200	2,11032
7,62080	2,14940
7,62960	2,19825
7,63840	2,24710
7,64720	2,28618
7,65600	2,32526
7,66480	2,36434
7,67360	2,38388
7,68240	2,37411
7,69120	2,37411
7,70000	2,34480
7,70880	2,30572
7,71760	2,26664
7,72640	2,21779
7,73520	2,17871
7,74400	2,14940
7,75280	2,12009
7,76160	2,12009
7,77040	2,12009
7,77920	2,13963
7,78800	2,16894
7,79680	2,20802
7,80560	2,25687
7,81440	2,29595
7,82320	2,34480
7,83200	2,40342
7,84080	2,43273
7,84960	2,46204
7,85840	2,47181
7,86720	2,48158
7,87600	2,49135
7,88480	2,49135
7,89360	2,47181
7,90240	2,47181
7,91120	2,47181
7,92000	2,46204
7,92880	2,46204
7,93760	2,46204
7,94640	2,45227
7,95520	2,47181
7,96400	2,46204
7,97280	2,46204
7,98160	2,44250
7,99040	2,44250
7,99920	2,42296
8,00800	2,39365
8,01680	2,37411
8,02560	2,35457
8,03440	2,32526
8,04320	2,29595
8,05200	2,27641
8,06080	2,25687
8,06960	2,24710
8,07840	2,25687
8,08720	2,26664
8,09600	2,26664
8,10480	2,28618
8,11360	2,29595
8,12240	2,30572
8,13120	2,33503
8,14000	2,35457
8,14880	2,37411
8,15760	2,35457
8,16640	2,37411
8,17520	2,36434
8,18400	2,35457
8,19280	2,30572
8,20160	2,27641
8,21040	2,24710
8,21920	2,21779
8,22800	2,20802
8,23680	2,17871
8,24560	2,17871
8,25440	2,18848
8,26320	2,18848
8,27200	2,20802
8,28080	2,22756
8,28960	2,23733
8,29840	2,26664
8,30720	2,28618
8,31600	2,29595
8,32480	2,32526
8,33360	2,35457
8,34240	2,37411
8,35120	2,40342
8,36000	2,41319
8,36880	2,44250
8,37760	2,46204
8,38640	2,49135
8,39520	2,50112
8,40400	2,52066
8,41280	2,52066
8,42160	2,53043
8,43040	2,53043
8,43920	2,54020
8,44800	2,51089
8,45680	2,50112
8,46560	2,46204
8,47440	2,42296
8,48320	2,38388
8,49200	2,32526
8,50080	2,29595
8,50960	2,23733
8,51840	2,19825
8,52720	2,18848
8,53600	2,15917
8,54480	2,16894
8,55360	2,16894
8,56240	2,18848
8,57120	2,22756
8,58000	2,24710
8,58880	2,29595
8,59760	2,33503
8,60640	2,37411
8,61520	2,41319
8,62400	2,42296
8,63280	2,45227
8,64160	2,44250
8,65040	2,44250
8,65920	2,41319
8,66800	2,39365
8,67680	2,35457
8,68560	2,30572
8,69440	2,26664
8,70320	2,22756
8,71200	2,16894
8,72080	2,14940
8,72960	2,12009
8,73840	2,11032
8,74720	2,11032
8,75600	2,12986
8,76480	2,12986
8,77360	2,15917
8,78240	2,17871
8,79120	2,20802
8,80000	2,22756
8,80880	2,24710
8,81760	2,28618
8,82640	2,31549
8,83520	2,32526
8,84400	2,35457
8,85280	2,36434
8,86160	2,37411
8,87040	2,38388
8,87920	2,39365
8,88800	2,40342
8,89680	2,40342
8,90560	2,40342
8,91440	2,39365
8,92320	2,39365
8,93200	2,37411
8,94080	2,35457
8,94960	2,34480
8,95840	2,30572
8,96720	2,28618
