MIN=0	-10	-1	0	0	-1	-2	0	
MAX=12,5	10	1	2,1	21	1	2	50	
SCALE=5	5	0,5	1	10	0,5	1	10	
DEC=2	2	3	3	2	2	2	2	
DEF="Zeit" t / s	"Spannung" U_1 / V	"Strom" I_1 / A	"Strom" I_A2 / A	"Spannung" U_B2 / V	"Leistungsfaktor" cos&j_2	"Magnetischer Fluss" &F / Vs	"Frequenz" f / Hz	
0	0	0,0005	0	0,075	0	0	NAN	
0,01	0,005	0,001	0	0,165	0	0,0012	NAN	
0,02	0,015	0,0005	0	0	0	0,002025	NAN	
0,03	0,02	0,0005	0	-0,12	0	0,001425	NAN	
0,04	0,03	0,0005	0	0	0	0,000825	NAN	
0,05	0,04	0,001	0	0,15	0	0,001575	NAN	
0,06	0,045	0,001	0	0,12	0	0,002925	NAN	
0,07	0,055	0,0015	0	-0,06	0	0,003225	NAN	
0,08	0,06	0,0015	-0,0015	-0,06	0	0,002625	NAN	
0,09	0,07	0,002	0	0,15	0	0,003075	NAN	
0,1	0,08	0,002	0	0,18	0	0,004725	NAN	
0,11	0,085	0,0025	0	-0,045	0	0,0054	NAN	
0,12	0,095	0,003	0	-0,075	0	0,0048	NAN	
0,13	0,1	0,003	-0,0015	0,18	0	0,005325	NAN	
0,14	0,11	0,0035	0	0,225	0	0,00735	NAN	
0,15	0,12	0,0035	0	0,015	0	0,00855	NAN	
0,16	0,125	0,0045	0	-0,06	0	0,008325	NAN	
0,17	0,135	0,0045	0	0,15	0	0,008775	NAN	
0,18	0,14	0,005	-0,0015	0,225	0	0,01065	NAN	
0,19	0,15	0,0055	0	0,045	0	0,012	NAN	
0,2	0,16	0,006	0,0015	-0,06	0	0,011925	NAN	
0,21	0,165	0,0065	0	0,135	0	0,0123	NAN	
0,22	0,175	0,0065	0	0,255	0	0,01425	NAN	
0,23	0,18	0,007	0	0,12	0	0,016125	NAN	
0,24	0,19	0,0075	-0,0015	-0,03	0	0,016575	NAN	
0,25	0,2	0,008	0	0,12	0	0,017025	NAN	
0,26	0,205	0,0085	0	0,255	0	0,0189	NAN	
0,27	0,215	0,009	0	0,15	0	0,020925	NAN	
0,28	0,22	0,0095	-0,0015	-0,045	0	0,02145	NAN	
0,29	0,23	0,01	0	0,075	0	0,0216	NAN	
0,3	0,24	0,0105	0,0015	0,255	0	0,02325	NAN	
0,31	0,245	0,011	0	0,225	0	0,02565	NAN	
0,32	0,255	0,012	0	0,015	0	0,02685	NAN	
0,33	0,26	0,0125	0	0,06	0	0,027225	NAN	
0,34	0,27	0,013	-0,0015	0,285	0	0,02895	NAN	
0,35	0,28	0,0135	0	0,27	0	0,031725	NAN	
0,36	0,285	0,014	0	0,015	0	0,03315	NAN	
0,37	0,295	0,013	0	0,015	0	0,0333	NAN	
0,38	0,3	0,015	-0,0015	0,27	0	0,034725	NAN	
0,39	0,31	0,0155	-0,0015	0,285	0	0,0375	NAN	
0,4	0,32	0,016	0	0,03	0	0,039075	NAN	
0,41	0,325	0,0165	0	0,015	0	0,0393	NAN	
0,42	0,335	0,0175	0	0,27	0	0,040725	NAN	
0,43	0,34	0,018	0	0,3	0	0,043575	NAN	
0,44	0,35	0,0185	0	0,09	0	0,045525	NAN	
0,45	0,36	0,019	-0,0015	0,03	0	0,046125	NAN	
0,46	0,365	0,0195	-0,0015	0,255	0	0,04755	NAN	
0,47	0,375	0,0205	0,0015	0,315	0	0,0504	NAN	
0,48	0,38	0,021	0	0,135	0	0,05265	NAN	
0,49	0,39	0,0215	0	0,045	0	0,05355	NAN	
0,5	0,4	0,022	0	0,18	0	0,054675	NAN	
0,51	0,405	0,023	0	0,3	0	0,057075	NAN	
0,52	0,415	0,0235	0,0015	0,225	0	0,0597	NAN	
0,53	0,42	0,024	0	0,075	0	0,0612	NAN	
0,54	0,43	0,0245	0	0,105	0	0,0621	NAN	
0,55	0,44	0,0255	0	0,3	0	0,064125	NAN	
0,56	0,445	0,026	-0,0015	0,33	0	0,067275	NAN	
0,57	0,455	0,0265	0	0,12	0	0,069525	NAN	
0,58	0,46	0,027	0	0,06	0	0,070425	NAN	
0,59	0,47	0,0275	0	0,255	0	0,072	NAN	
0,6	0,48	0,0285	0	0,33	0	0,074925	NAN	
0,61	0,485	0,029	0	0,18	0	0,077475	NAN	
0,62	0,495	0,03	-0,0015	0,045	0	0,0786	NAN	
0,63	0,5	0,0305	0	0,165	0	0,07965	NAN	
0,64	0,51	0,031	0	0,345	0	0,0822	NAN	
0,65	0,52	0,0315	0	0,315	0	0,0855	NAN	
0,66	0,525	0,0325	0	0,075	0	0,08745	NAN	
0,67	0,535	0,033	0	0,12	0	0,088425	NAN	
0,68	0,54	0,0335	-0,0015	0,345	0	0,09075	NAN	
0,69	0,55	0,034	0	0,36	0	0,094275	NAN	
0,7	0,56	0,035	0	0,12	0	0,096675	NAN	
0,71	0,565	0,0355	0	0,075	0	0,09765	NAN	
0,72	0,575	0,0365	0	0,3	0	0,099525	NAN	
0,73	0,58	0,037	0	0,36	0	0,102825	NAN	
0,74	0,59	0,037	0	0,195	0	0,1056	NAN	
0,75	0,6	0,0385	0	0,09	0	0,107025	NAN	
0,76	0,605	0,039	0	0,225	0	0,1086	NAN	
0,77	0,615	0,0395	-0,0015	0,375	0	0,1116	NAN	
0,78	0,62	0,04	0	0,345	0	0,1152	NAN	
0,79	0,63	0,0405	0,0015	0,15	0	0,117675	NAN	
0,8	0,64	0,0415	0	0,105	0	0,11895	NAN	
0,81	0,645	0,042	0	0,3	0	0,120975	NAN	
0,82	0,655	0,0425	0	0,375	0	0,12435	NAN	
0,83	0,66	0,0435	-0,0015	0,225	0	0,12735	NAN	
0,84	0,67	0,044	0	0,09	0	0,128925	NAN	
0,85	0,68	0,0445	0	0,195	0	0,13035	NAN	
0,86	0,685	0,0455	0	0,39	0	0,133275	NAN	
0,87	0,695	0,046	-0,0015	0,39	0	0,137175	NAN	
0,88	0,7	0,0465	0,0015	0,12	0	0,139725	NAN	
0,89	0,71	0,047	0,0015	0,12	0	0,140925	NAN	
0,9	0,72	0,048	0	0,375	0	0,1434	NAN	
0,91	0,725	0,0485	0	0,39	0	0,147225	NAN	
0,92	0,735	0,051	0	0,165	0	0,15	NAN	
0,93	0,74	0,05	0	0,105	0	0,15135	NAN	
0,94	0,75	0,0505	0	0,345	0	0,1536	NAN	
0,95	0,76	0,051	0	0,405	0	0,15735	NAN	
0,96	0,765	0,052	0	0,255	0	0,16065	NAN	
0,97	0,775	0,0525	0	0,15	0	0,162675	NAN	
0,98	0,78	0,053	0	0,255	0	0,1647	NAN	
0,99	0,79	0,053	0	0,39	0	0,167925	NAN	
1	0,8	0,0545	0	0,375	0	0,17175	NAN	
1,01	0,805	0,055	0	0,195	0	0,1746	NAN	
1,02	0,815	0,056	-0,0015	0,135	0	0,17625	NAN	
1,03	0,82	0,0565	0	0,345	0	0,17865	NAN	
1,04	0,83	0,057	0	0,42	0	0,182475	NAN	
1,05	0,84	0,0575	0	0,27	0	0,185925	NAN	
1,06	0,845	0,0585	0	0,15	0	0,188025	NAN	
1,07	0,855	0,059	-0,0015	0,285	0	0,1902	NAN	
1,08	0,86	0,0595	0,0015	0,435	0	0,1938	NAN	
1,09	0,87	0,06	0	0,39	0	0,197925	NAN	
1,1	0,88	0,061	0	0,135	0	0,20055	NAN	
1,11	0,885	0,0615	0	0,165	0	0,20205	NAN	
1,12	0,895	0,061	-0,0015	0,42	0	0,204975	NAN	
1,13	0,9	0,063	0	0,435	0	0,20925	NAN	
1,14	0,91	0,0635	0	0,195	0	0,2124	NAN	
1,15	0,92	0,064	0	0,165	0	0,2142	NAN	
1,16	0,925	0,0645	0	0,42	0	0,217125	NAN	
1,17	0,935	0,0655	0	0,465	0	0,22155	NAN	
1,18	0,94	0,066	0	0,225	0	0,225	NAN	
1,19	0,95	0,0665	0	0,165	0	0,22695	NAN	
1,2	0,96	0,067	-0,0015	0,375	0	0,22965	NAN	
1,21	0,965	0,066	0	0,435	0	0,2337	NAN	
1,22	0,975	0,0685	0	0,285	0	0,2373	NAN	
1,23	0,98	0,069	0	0,18	0	0,239625	NAN	
1,24	0,99	0,0695	0	0,345	0	0,24225	NAN	
1,25	1	0,0705	0,0015	0,465	0	0,2463	NAN	
1,26	1,005	0,071	0	0,39	0	0,250575	NAN	
1,27	1,015	0,0715	0	0,225	0	0,25365	NAN	
1,28	1,02	0,072	0	0,255	0	0,25605	NAN	
1,29	1,03	0,073	0	0,435	0	0,2595	NAN	
1,3	1,04	0,0735	0	0,45	0	0,263925	NAN	
1,31	1,045	0,074	0	0,255	0	0,26745	NAN	
1,32	1,055	0,0745	0	0,225	0	0,26985	NAN	
1,33	1,06	0,075	0	0,435	0	0,27315	NAN	
1,34	1,07	0,0755	-0,0015	0,495	0	0,2778	NAN	
1,35	1,08	0,076	0	0,33	0	0,281925	NAN	
1,36	1,085	0,0765	-0,0015	0,225	0	0,2847	NAN	
1,37	1,095	0,077	0	0,42	0	0,287925	NAN	
1,38	1,1	0,0775	0,0015	0,495	0	0,2925	NAN	
1,39	1,11	0,0775	-0,0015	0,375	0	0,29685	NAN	
1,4	1,12	0,078	0	0,225	0	0,29985	NAN	
1,41	1,125	0,0785	0	0,345	0	0,3027	NAN	
1,42	1,135	0,0775	0	0,525	0	0,30705	NAN	
1,43	1,14	0,0795	0	0,405	0	0,3117	NAN	
1,44	1,15	0,0795	0	0,27	0	0,315075	NAN	
1,45	1,16	0,08	0,0015	0,36	0	0,318225	NAN	
1,46	1,165	0,08	0	0,555	0	0,3228	NAN	
1,47	1,175	0,0805	0	0,48	0	0,327975	NAN	
1,48	1,18	0,081	0	0,27	0	0,331725	NAN	
1,49	1,19	0,0815	0	0,375	0	0,33495	NAN	
1,5	1,2	0,0815	-0,0015	0,555	0	0,3396	NAN	
1,51	1,205	0,082	0,0015	0,495	0	0,34485	NAN	
1,52	1,215	0,082	0	0,3	0	0,348825	NAN	
1,53	1,22	0,0825	-0,0015	0,405	0	0,35235	NAN	
1,54	1,23	0,083	0	0,615	0	0,35745	NAN	
1,55	1,24	0,0835	0	0,525	0	0,36315	NAN	
1,56	1,245	0,0835	0	0,315	0	0,36735	NAN	
1,57	1,255	0,0835	0	0,435	0	0,3711	NAN	
1,58	1,26	0,084	0	0,615	0	0,37635	NAN	
1,59	1,27	0,0845	0	0,495	0	0,3819	NAN	
1,6	1,28	0,0845	0	0,33	0	0,386025	NAN	
1,61	1,285	0,0855	0	0,495	0	0,39015	NAN	
1,62	1,295	0,0855	0	0,63	0	0,395775	NAN	
1,63	1,3	0,086	0	0,51	0	0,401475	NAN	
1,64	1,31	0,0865	-0,0015	0,36	0	0,405825	NAN	
1,65	1,32	0,0865	0,0015	0,525	0	0,41025	NAN	
1,66	1,325	0,087	0	0,645	0	0,4161	NAN	
1,67	1,335	0,0875	0	0,495	0	0,4218	NAN	
1,68	1,34	0,0875	0	0,375	0	0,42615	NAN	
1,69	1,35	0,088	0	0,57	0	0,430875	NAN	
1,7	1,36	0,0885	0	0,66	0	0,437025	NAN	
1,71	1,365	0,089	0	0,495	0	0,4428	NAN	
1,72	1,375	0,0895	0	0,42	0	0,447375	NAN	
1,73	1,38	0,0895	0	0,615	0	0,45255	NAN	
1,74	1,39	0,09	0	0,645	0	0,45885	NAN	
1,75	1,4	0,0905	0	0,465	0	0,4644	NAN	
1,76	1,405	0,0915	0	0,48	0	0,469125	NAN	
1,77	1,415	0,0915	0	0,63	0	0,474675	NAN	
1,78	1,42	0,092	0	0,57	0	0,480675	NAN	
1,79	1,43	0,0925	0	0,48	0	0,485925	NAN	
1,8	1,44	0,0925	-0,0015	0,615	0	0,4914	NAN	
1,81	1,445	0,0935	0	0,675	0	0,49785	NAN	
1,82	1,455	0,0935	0	0,525	0	0,50385	NAN	
1,83	1,46	0,094	0	0,465	0	0,5088	NAN	
1,84	1,47	0,0945	0	0,66	0	0,514425	NAN	
1,85	1,48	0,0955	-0,0015	0,66	0	0,521025	NAN	
1,86	1,485	0,0955	0	0,465	0	0,52665	NAN	
1,87	1,495	0,096	0	0,51	0	0,531525	NAN	
1,88	1,5	0,0965	0	0,72	0	0,537675	NAN	
1,89	1,51	0,097	0	0,705	0	0,5448	NAN	
1,9	1,52	0,0975	0	0,465	0	0,55065	NAN	
1,91	1,525	0,0985	0	0,525	0	0,5556	NAN	
1,92	1,535	0,099	0	0,735	0	0,5619	NAN	
1,93	1,54	0,0995	0	0,63	0	0,568725	NAN	
1,94	1,55	0,1	0	0,45	0	0,574125	NAN	
1,95	1,56	0,1005	0	0,63	0	0,579525	NAN	
1,96	1,565	0,101	0	0,78	0	0,586575	NAN	
1,97	1,575	0,1015	0	0,585	0	0,5934	NAN	
1,98	1,58	0,102	0	0,525	0	0,59895	NAN	
1,99	1,59	0,103	0	0,705	0	0,6051	NAN	
2	1,6	0,1035	0	0,66	0	0,611925	NAN	
2,01	1,605	0,104	0	0,525	0	0,61785	NAN	
2,02	1,615	0,105	0	0,645	0	0,6237	NAN	
2,03	1,62	0,1055	-0,0015	0,705	0	0,63045	NAN	
2,04	1,63	0,106	0	0,525	0	0,6366	NAN	
2,05	1,64	0,1065	-0,0015	0,54	0	0,641925	NAN	
2,06	1,645	0,1075	0	0,735	0	0,6483	NAN	
2,07	1,655	0,108	-0,0015	0,735	0	0,65565	NAN	
2,08	1,66	0,1085	0,0015	0,54	0	0,662025	NAN	
2,09	1,67	0,1095	0	0,57	0	0,667575	NAN	
2,1	1,68	0,11	0	0,705	0	0,67395	NAN	
2,11	1,685	0,111	-0,0015	0,615	0	0,68055	NAN	
2,12	1,695	0,1115	0	0,54	0	0,686325	NAN	
2,13	1,7	0,112	0	0,69	0	0,692475	NAN	
2,14	1,71	0,113	0	0,705	0	0,69945	NAN	
2,15	1,72	0,114	0	0,555	0	0,70575	NAN	
2,16	1,725	0,1145	-0,0015	0,645	0	0,71175	NAN	
2,17	1,735	0,1155	0,0015	0,735	0	0,71865	NAN	
2,18	1,74	0,116	0	0,585	0	0,72525	NAN	
2,19	1,75	0,117	0	0,54	0	0,730875	NAN	
2,2	1,76	0,1175	0	0,705	0	0,7371	NAN	
2,21	1,765	0,1185	0	0,72	0	0,744225	NAN	
2,22	1,775	0,1195	0	0,555	0	0,7506	NAN	
2,23	1,78	0,12	0	0,615	0	0,75645	NAN	
2,24	1,79	0,121	0	0,735	0	0,7632	NAN	
2,25	1,8	0,122	0	0,63	0	0,770025	NAN	
2,26	1,805	0,123	0	0,555	0	0,77595	NAN	
2,27	1,815	0,1235	0	0,72	0	0,782325	NAN	
2,28	1,82	0,1245	0	0,63	0	0,789075	NAN	
2,29	1,83	0,1255	0	0,54	0	0,794925	NAN	
2,3	1,84	0,1265	0	0,69	0	0,801075	NAN	
2,31	1,845	0,1275	0	0,735	0	0,8082	NAN	
2,32	1,855	0,1275	-0,0015	0,57	0	0,814725	NAN	
2,33	1,86	0,129	0	0,57	0	0,820425	NAN	
2,34	1,87	0,1305	0	0,735	0	0,82695	NAN	
2,35	1,88	0,131	0	0,63	0	0,833775	NAN	
2,36	1,885	0,132	0	0,54	0	0,839625	NAN	
2,37	1,895	0,133	0	0,705	0	0,84585	NAN	
2,38	1,9	0,134	0	0,645	0	0,8526	NAN	
2,39	1,91	0,135	0	0,54	0	0,858525	NAN	
2,4	1,92	0,136	-0,0015	0,675	0	0,8646	NAN	
2,41	1,925	0,137	0	0,72	0	0,871575	NAN	
2,42	1,935	0,138	-0,0015	0,555	0	0,87795	NAN	
2,43	1,94	0,139	0,0015	0,585	0	0,88365	NAN	
2,44	1,95	0,14	0	0,705	0	0,8901	NAN	
2,45	1,96	0,1415	-0,0015	0,57	0	0,896475	NAN	
2,46	1,965	0,1425	0	0,555	0	0,9021	NAN	
2,47	1,975	0,1435	0	0,69	0	0,908325	NAN	
2,48	1,98	0,1445	0	0,57	0	0,914625	NAN	
2,49	1,99	0,1455	0	0,525	0	0,9201	NAN	
2,5	2	0,1465	0	0,69	0	0,926175	NAN	
2,51	1,995	0,1475	-0,0015	0,675	0	0,933	NAN	
2,52	1,985	0,149	0	0,48	0	0,938775	NAN	
2,53	1,98	0,15	0,0015	0,615	0	0,94425	NAN	
2,54	1,97	0,151	0	0,6	0	0,950325	NAN	
2,55	1,96	0,152	0	0,435	0	0,9555	NAN	
2,56	1,955	0,153	0,0015	0,54	0	0,960375	NAN	
2,57	1,945	0,1535	0	0,585	0	0,966	NAN	
2,58	1,94	0,1545	0	0,39	0	0,970875	NAN	
2,59	1,93	0,1555	0	0,435	0	0,975	NAN	
2,6	1,92	0,1565	0	0,54	0	0,979875	NAN	
2,61	1,915	0,1575	0	0,375	0	0,98445	NAN	
2,62	1,905	0,1585	0	0,405	0	0,98835	NAN	
2,63	1,9	0,159	0	0,495	0	0,99285	NAN	
2,64	1,89	0,16	0	0,285	0	0,99675	NAN	
2,65	1,88	0,161	0	0,285	0	0,9996	NAN	
2,66	1,875	0,1615	0	0,435	0	1,0032	NAN	
2,67	1,865	0,1625	0	0,3	0	1,006875	NAN	
2,68	1,86	0,1625	0	0,27	0	1,009725	NAN	
2,69	1,85	0,1635	0	0,42	0	1,013175	NAN	
2,7	1,84	0,164	0,0015	0,255	0	1,01655	NAN	
2,71	1,835	0,1645	0	0,195	0	1,0188	NAN	
2,72	1,825	0,1655	0	0,36	0	1,021575	NAN	
2,73	1,82	0,166	0	0,24	0	1,024575	NAN	
2,74	1,81	0,1665	0	0,15	0	1,026525	NAN	
2,75	1,8	0,167	0	0,315	0	1,02885	NAN	
2,76	1,795	0,1675	0	0,195	0	1,0314	NAN	
2,77	1,785	0,1675	0	0,12	0	1,032975	NAN	
2,78	1,78	0,1685	-0,0015	0,3	0	1,035075	NAN	
2,79	1,77	0,1685	-0,0015	0,225	0	1,0377	NAN	
2,8	1,76	0,169	0	0,105	0	1,03935	NAN	
2,81	1,755	0,1695	0	0,255	0	1,04115	NAN	
2,82	1,745	0,1695	0	0,105	0	1,04295	NAN	
2,83	1,74	0,17	-0,0015	0,06	0	1,043775	NAN	
2,84	1,73	0,1705	0	0,21	0	1,045125	NAN	
2,85	1,72	0,1705	-0,0015	0,12	0	1,046775	NAN	
2,86	1,715	0,17	0	0,03	0	1,047525	NAN	
2,87	1,705	0,171	0	0,18	0	1,048575	NAN	
2,88	1,7	0,1715	0	0,06	0	1,049775	NAN	
2,89	1,69	0,1715	0	0,015	0	1,05015	NAN	
2,9	1,68	0,1715	0	0,18	0	1,051125	NAN	
2,91	1,675	0,172	0	0,06	0	1,052325	NAN	
2,92	1,665	0,172	0	0	0	1,052625	NAN	
2,93	1,66	0,172	0	0,135	0	1,0533	NAN	
2,94	1,65	0,172	0,0015	-0,045	0	1,05375	NAN	
2,95	1,64	0,172	0	-0,045	0	1,0533	NAN	
2,96	1,635	0,172	-0,0015	0,135	0	1,05375	NAN	
2,97	1,625	0,172	0	-0,03	0	1,054275	NAN	
2,98	1,62	0,1725	0	0,015	0	1,0542	NAN	
2,99	1,61	0,172	-0,0015	0,09	0	1,054725	NAN	
3	1,6	0,172	0	-0,105	0	1,05465	NAN	
3,01	1,595	0,172	0	-0,015	0	1,05405	NAN	
3,02	1,585	0,172	0	0,075	0	1,05435	NAN	
3,03	1,58	0,1715	-0,0015	-0,09	0	1,054275	NAN	
3,04	1,57	0,1715	0	0,03	0	1,053975	NAN	
3,05	1,56	0,171	0	0,06	0	1,054425	NAN	
3,06	1,555	0,1705	-0,0015	-0,135	0	1,05405	NAN	
3,07	1,545	0,1705	0	0,03	0	1,053525	NAN	
3,08	1,54	0,17	0	0	0	1,053675	NAN	
3,09	1,53	0,1695	0	-0,12	0	1,053075	NAN	
3,1	1,52	0,169	0	0,045	0	1,0527	NAN	
3,11	1,515	0,169	0	-0,045	0	1,0527	NAN	
3,12	1,505	0,168	0	-0,135	0	1,0518	NAN	
3,13	1,5	0,1675	0	0,06	0	1,051425	NAN	
3,14	1,49	0,1665	0,0015	-0,105	0	1,0512	NAN	
3,15	1,48	0,166	0,0015	-0,105	0	1,05015	NAN	
3,16	1,475	0,1655	-0,0015	0,045	0	1,04985	NAN	
3,17	1,465	0,165	0	-0,15	0	1,049325	NAN	
3,18	1,46	0,1645	0	0	0	1,048575	NAN	
3,19	1,45	0,1635	0	0,03	0	1,048725	NAN	
3,2	1,44	0,163	-0,0015	-0,15	0	1,048125	NAN	
3,21	1,435	0,1625	0	0,015	0	1,04745	NAN	
3,22	1,425	0,162	0	-0,075	0	1,04715	NAN	
3,23	1,42	0,161	0	-0,165	0	1,04595	NAN	
3,24	1,41	0,1605	0	0,045	0	1,04535	NAN	
3,25	1,4	0,16	0	-0,09	0	1,045125	NAN	
3,26	1,395	0,159	0	-0,075	0	1,0443	NAN	
3,27	1,385	0,1585	0	0,015	0	1,044	NAN	
3,28	1,38	0,158	0	-0,18	0	1,043175	NAN	
3,29	1,37	0,157	0	-0,03	0	1,042125	NAN	
3,3	1,36	0,1565	0	-0,045	0	1,04175	NAN	
3,31	1,355	0,1555	0,0015	-0,165	0	1,0407	NAN	
3,32	1,345	0,155	0	0	0	1,039875	NAN	
3,33	1,34	0,154	0	-0,105	0	1,03935	NAN	
3,34	1,33	0,1535	0,0015	-0,105	0	1,0383	NAN	
3,35	1,32	0,153	0	0,015	0	1,03785	NAN	
3,36	1,315	0,152	0	-0,165	0	1,0371	NAN	
3,37	1,305	0,1515	0,0015	-0,06	0	1,035975	NAN	
3,38	1,3	0,1505	-0,0015	-0,09	0	1,035225	NAN	
3,39	1,29	0,15	-0,0015	-0,18	0	1,033875	NAN	
3,4	1,28	0,149	0	0,015	0	1,03305	NAN	
3,41	1,275	0,1485	0	-0,12	0	1,032525	NAN	
3,42	1,265	0,1475	0	-0,075	0	1,03155	NAN	
3,43	1,26	0,147	0	-0,03	0	1,031025	NAN	
3,44	1,25	0,146	0	-0,195	0	1,0299	NAN	
3,45	1,24	0,1455	0	0	0	1,028925	NAN	
3,46	1,235	0,1445	-0,0015	-0,105	0	1,0284	NAN	
3,47	1,225	0,144	0	-0,195	0	1,0269	NAN	
3,48	1,22	0,143	0	-0,015	0	1,02585	NAN	
3,49	1,21	0,143	0	-0,18	0	1,024875	NAN	
3,5	1,2	0,142	-0,0015	-0,03	0	1,023825	NAN	
3,51	1,195	0,141	0	-0,03	0	1,023525	NAN	
3,52	1,185	0,14	0	-0,18	0	1,022475	NAN	
3,53	1,18	0,1395	-0,0015	-0,015	0	1,0215	NAN	
3,54	1,17	0,139	0,0015	-0,18	0	1,020525	NAN	
3,55	1,16	0,138	0	-0,09	0	1,019175	NAN	
3,56	1,155	0,137	-0,0015	-0,03	0	1,018575	NAN	
3,57	1,145	0,1365	0	-0,21	0	1,017375	NAN	
3,58	1,14	0,1355	0	-0,03	0	1,016175	NAN	
3,59	1,13	0,135	0	-0,165	0	1,0152	NAN	
3,6	1,12	0,134	0	-0,075	0	1,014	NAN	
3,61	1,115	0,1335	0	-0,015	0	1,01355	NAN	
3,62	1,105	0,1325	0	-0,21	0	1,012425	NAN	
3,63	1,1	0,132	0	-0,045	0	1,01115	NAN	
3,64	1,09	0,131	0	-0,165	0	1,0101	NAN	
3,65	1,08	0,13	-0,0015	-0,12	0	1,008675	NAN	
3,66	1,075	0,1295	0	-0,045	0	1,00785	NAN	
3,67	1,065	0,1285	0	-0,225	0	1,0065	NAN	
3,68	1,06	0,1265	0	-0,03	0	1,005225	NAN	
3,69	1,05	0,127	0	-0,15	0	1,004325	NAN	
3,7	1,04	0,1265	0	-0,09	0	1,003125	NAN	
3,71	1,035	0,1255	-0,0015	-0,045	0	1,00245	NAN	
3,72	1,025	0,125	0,0015	-0,225	0	1,0011	NAN	
3,73	1,02	0,124	0	-0,045	0	0,99975	NAN	
3,74	1,01	0,1235	0	-0,195	0	0,99855	NAN	
3,75	1	0,1225	0	-0,105	0	0,99705	NAN	
3,76	0,995	0,1215	-0,0015	-0,105	0	0,996	NAN	
3,77	0,985	0,121	0	-0,21	0	0,994425	NAN	
3,78	0,98	0,12	0	-0,03	0	0,993225	NAN	
3,79	0,97	0,1195	0	-0,195	0	0,9921	NAN	
3,8	0,96	0,1185	0	-0,075	0	0,99075	NAN	
3,81	0,955	0,118	0	-0,09	0	0,989925	NAN	
3,82	0,945	0,117	-0,0015	-0,18	0	0,988575	NAN	
3,83	0,94	0,116	0	-0,045	0	0,98745	NAN	
3,84	0,93	0,1155	0	-0,24	0	0,986025	NAN	
3,85	0,92	0,1145	0	-0,06	0	0,984525	NAN	
3,86	0,915	0,114	0	-0,165	0	0,9834	NAN	
3,87	0,905	0,1135	0	-0,18	0	0,981675	NAN	
3,88	0,9	0,1125	0	-0,06	0	0,980475	NAN	
3,89	0,89	0,1115	0,0015	-0,24	0	0,978975	NAN	
3,9	0,88	0,111	0	-0,045	0	0,97755	NAN	
3,91	0,875	0,1105	0	-0,195	0	0,97635	NAN	
3,92	0,865	0,1095	-0,0015	-0,105	0	0,97485	NAN	
3,93	0,86	0,109	0	-0,09	0	0,973875	NAN	
3,94	0,85	0,108	0	-0,225	0	0,9723	NAN	
3,95	0,84	0,1075	0	-0,06	0	0,970875	NAN	
3,96	0,835	0,1065	0	-0,255	0	0,9693	NAN	
3,97	0,825	0,106	0	-0,09	0	0,967575	NAN	
3,98	0,82	0,105	0	-0,195	0	0,96615	NAN	
3,99	0,81	0,1045	0	-0,18	0	0,964275	NAN	
4	0,8	0,1035	0	-0,075	0	0,963	NAN	
4,01	0,795	0,103	0	-0,24	0	0,961425	NAN	
4,02	0,785	0,102	0	-0,06	0	0,959925	NAN	
4,03	0,78	0,1015	0,0015	-0,225	0	0,9585	NAN	
4,04	0,77	0,1005	0	-0,105	0	0,95685	NAN	
4,05	0,76	0,1	-0,0015	-0,15	0	0,955575	NAN	
4,06	0,755	0,099	0	-0,18	0	0,953925	NAN	
4,07	0,745	0,0985	0	-0,075	0	0,95265	NAN	
4,08	0,74	0,0975	0	-0,255	0	0,951	NAN	
4,09	0,73	0,097	0	-0,075	0	0,94935	NAN	
4,1	0,72	0,096	0	-0,225	0	0,94785	NAN	
4,11	0,715	0,0955	0	-0,105	0	0,9462	NAN	
4,12	0,705	0,0945	0	-0,195	0	0,9447	NAN	
4,13	0,7	0,094	0	-0,24	0	0,942525	NAN	
4,14	0,69	0,093	0	-0,075	0	0,94095	NAN	
4,15	0,68	0,0925	0	-0,255	0	0,9393	NAN	
4,16	0,675	0,0915	0	-0,09	0	0,937575	NAN	
4,17	0,665	0,091	0	-0,24	0	0,935925	NAN	
4,18	0,66	0,0905	0	-0,075	0	0,93435	NAN	
4,19	0,65	0,09	0	-0,195	0	0,933	NAN	
4,2	0,64	0,089	0	-0,165	0	0,9312	NAN	
4,21	0,635	0,088	-0,0015	-0,09	0	0,929925	NAN	
4,22	0,625	0,0875	-0,0015	-0,24	0	0,928275	NAN	
4,23	0,62	0,0865	-0,0015	-0,09	0	0,926625	NAN	
4,24	0,61	0,086	0	-0,285	0	0,92475	NAN	
4,25	0,6	0,0855	0	-0,09	0	0,922875	NAN	
4,26	0,595	0,0845	0	-0,255	0	0,92115	NAN	
4,27	0,585	0,084	0	-0,135	0	0,9192	NAN	
4,28	0,58	0,0835	0	-0,21	0	0,917475	NAN	
4,29	0,57	0,0825	0	-0,225	0	0,9153	NAN	
4,3	0,56	0,082	0,0015	-0,12	0	0,913575	NAN	
4,31	0,555	0,081	0	-0,285	0	0,91155	NAN	
4,32	0,545	0,0805	0	-0,09	0	0,909675	NAN	
4,33	0,54	0,08	0	-0,285	0	0,9078	NAN	
4,34	0,53	0,079	0	-0,105	0	0,90585	NAN	
4,35	0,52	0,0785	0	-0,27	0	0,903975	NAN	
4,36	0,515	0,0775	0	-0,12	0	0,902025	NAN	
4,37	0,505	0,077	0	-0,195	0	0,90045	NAN	
4,38	0,5	0,076	0	-0,165	0	0,89865	NAN	
4,39	0,49	0,0755	-0,0015	-0,165	0	0,897	NAN	
4,4	0,48	0,075	0	-0,24	0	0,894975	NAN	
4,41	0,475	0,074	0	-0,105	0	0,89325	NAN	
4,42	0,465	0,0735	0	-0,3	0	0,891225	NAN	
4,43	0,46	0,073	0	-0,12	0	0,889125	NAN	
4,44	0,45	0,072	-0,0015	-0,285	0	0,8871	NAN	
4,45	0,44	0,0715	0	-0,12	0	0,885075	NAN	
4,46	0,435	0,0705	0	-0,3	0	0,882975	NAN	
4,47	0,425	0,07	0,0015	-0,15	0	0,880725	NAN	
4,48	0,42	0,0695	0	-0,285	0	0,87855	NAN	
4,49	0,41	0,069	0	-0,165	0	0,8763	NAN	
4,5	0,4	0,068	0	-0,27	0	0,874125	NAN	
4,51	0,395	0,0675	0,0015	-0,225	0	0,87165	NAN	
4,52	0,385	0,067	0	-0,21	0	0,869475	NAN	
4,53	0,38	0,066	0	-0,27	0	0,867075	NAN	
4,54	0,37	0,0655	0	-0,165	0	0,8649	NAN	
4,55	0,36	0,0645	0	-0,315	0	0,8625	NAN	
4,56	0,355	0,064	0	-0,135	0	0,86025	NAN	
4,57	0,345	0,0635	0	-0,33	0	0,857925	NAN	
4,58	0,34	0,063	0	-0,15	0	0,855525	NAN	
4,59	0,33	0,062	0	-0,315	0	0,8532	NAN	
4,6	0,32	0,0615	0	-0,135	0	0,85095	NAN	
4,61	0,315	0,061	0	-0,33	0	0,848625	NAN	
4,62	0,305	0,06	0	-0,165	0	0,84615	NAN	
4,63	0,3	0,0595	0	-0,315	0	0,84375	NAN	
4,64	0,29	0,059	0	-0,15	0	0,841425	NAN	
4,65	0,28	0,058	0	-0,3	0	0,839175	NAN	
4,66	0,275	0,0575	-0,0015	-0,195	0	0,8367	NAN	
4,67	0,265	0,057	0	-0,285	0	0,8343	NAN	
4,68	0,26	0,056	0	-0,18	0	0,831975	NAN	
4,69	0,25	0,0555	0	-0,27	0	0,829725	NAN	
4,7	0,24	0,055	-0,0015	-0,21	0	0,827325	NAN	
4,71	0,235	0,0545	0	-0,255	0	0,825	NAN	
4,72	0,225	0,0535	0	-0,21	0	0,822675	NAN	
4,73	0,22	0,053	0	-0,255	0	0,82035	NAN	
4,74	0,21	0,0525	0	-0,255	0	0,8178	NAN	
4,75	0,2	0,0515	0	-0,225	0	0,8154	NAN	
4,76	0,195	0,051	0	-0,255	0	0,813	NAN	
4,77	0,185	0,0505	0	-0,225	0	0,8106	NAN	
4,78	0,18	0,05	0	-0,285	0	0,80805	NAN	
4,79	0,17	0,0495	0	-0,195	0	0,80565	NAN	
4,8	0,16	0,0485	0	-0,285	0	0,80325	NAN	
4,81	0,155	0,048	-0,0015	-0,225	0	0,8007	NAN	
4,82	0,145	0,0475	0	-0,315	0	0,798	NAN	
4,83	0,14	0,047	0	-0,21	0	0,795375	NAN	
4,84	0,13	0,046	0,0015	-0,3	0	0,792825	NAN	
4,85	0,12	0,0455	-0,0015	-0,24	0	0,790125	NAN	
4,86	0,115	0,045	0	-0,3	0	0,787425	NAN	
4,87	0,105	0,044	0	-0,225	0	0,7848	NAN	
4,88	0,1	0,044	0	-0,3	0	0,782175	NAN	
4,89	0,09	0,043	0	-0,255	0	0,7794	NAN	
4,9	0,08	0,0425	0,0015	-0,3	0	0,776625	NAN	
4,91	0,075	0,042	-0,0015	-0,255	0	0,77385	NAN	
4,92	0,065	0,041	0,0015	-0,285	0	0,77115	NAN	
4,93	0,06	0,0405	0	-0,315	0	0,76815	NAN	
4,94	0,05	0,04	0,0015	-0,285	0	0,76515	NAN	
4,95	0,04	0,0395	0	-0,33	0	0,762075	NAN	
4,96	0,035	0,039	0	-0,24	0	0,759225	NAN	
4,97	0,025	0,0385	0	-0,36	0	0,756225	NAN	
4,98	0,02	0,0375	0	-0,255	0	0,75315	NAN	
4,99	0,01	0,037	0	-0,36	0	0,750075	NAN	
5	0	0,0365	0	-0,24	0	0,747075	NAN	
5,01	-0,005	0,0355	-0,0015	-0,405	0	0,74385	NAN	
5,02	-0,015	0,0355	0	-0,255	0	0,74055	NAN	
5,03	-0,02	0,0345	0	-0,39	0	0,737325	NAN	
5,04	-0,03	0,034	0,0015	-0,24	0	0,734175	NAN	
5,05	-0,04	0,0335	0	-0,435	0	0,7308	NAN	
5,06	-0,045	0,0325	0	-0,24	0	0,727425	NAN	
5,07	-0,055	0,0325	0	-0,42	0	0,724125	NAN	
5,08	-0,06	0,032	0	-0,255	0	0,72075	NAN	
5,09	-0,07	0,0315	0	-0,435	0	0,7173	NAN	
5,1	-0,08	0,0305	0,0015	-0,27	0	0,713775	NAN	
5,11	-0,085	0,03	-0,0015	-0,42	0	0,710325	NAN	
5,12	-0,095	0,0295	0	-0,285	0	0,7068	NAN	
5,13	-0,1	0,029	0	-0,42	0	0,703275	NAN	
5,14	-0,11	0,0285	0,0015	-0,345	0	0,69945	NAN	
5,15	-0,12	0,0275	0	-0,36	0	0,695925	NAN	
5,16	-0,125	0,0275	0	-0,39	0	0,692175	NAN	
5,17	-0,135	0,027	0	-0,33	0	0,688575	NAN	
5,18	-0,14	0,026	0	-0,435	0	0,68475	NAN	
5,19	-0,15	0,0255	0	-0,285	0	0,68115	NAN	
5,2	-0,16	0,025	0,0015	-0,45	0	0,677475	NAN	
5,21	-0,165	0,0245	-0,0015	-0,3	0	0,673725	NAN	
5,22	-0,175	0,024	0	-0,48	0	0,669825	NAN	
5,23	-0,18	0,0235	0	-0,3	0	0,665925	NAN	
5,24	-0,19	0,0215	0	-0,465	0	0,6621	NAN	
5,25	-0,2	0,022	-0,0015	-0,33	0	0,658125	NAN	
5,26	-0,205	0,0215	0,0015	-0,465	0	0,65415	NAN	
5,27	-0,215	0,0215	0	-0,345	0	0,6501	NAN	
5,28	-0,22	0,0205	0	-0,375	0	0,6465	NAN	
5,29	-0,23	0,02	-0,0015	-0,45	0	0,642375	NAN	
5,3	-0,24	0,0195	0,0015	-0,345	0	0,6384	NAN	
5,31	-0,245	0,019	0	-0,48	0	0,634275	NAN	
5,32	-0,255	0,0185	0	-0,33	0	0,630225	NAN	
5,33	-0,26	0,018	0	-0,525	0	0,62595	NAN	
5,34	-0,27	0,0175	0	-0,345	0	0,6216	NAN	
5,35	-0,28	0,017	-0,0015	-0,48	0	0,617475	NAN	
5,36	-0,285	0,0165	0	-0,405	0	0,61305	NAN	
5,37	-0,295	0,016	0	-0,39	0	0,609075	NAN	
5,38	-0,3	0,0155	0	-0,51	0	0,604575	NAN	
5,39	-0,31	0,0145	0	-0,345	0	0,6003	NAN	
5,4	-0,32	0,014	0,0015	-0,525	0	0,59595	NAN	
5,41	-0,325	0,0135	0	-0,36	0	0,591525	NAN	
5,42	-0,335	0,0125	0	-0,525	0	0,5871	NAN	
5,43	-0,34	0,0125	0	-0,42	0	0,582375	NAN	
5,44	-0,35	0,012	-0,0015	-0,39	0	0,578325	NAN	
5,45	-0,36	0,012	0	-0,54	0	0,573675	NAN	
5,46	-0,365	0,011	0	-0,39	0	0,569025	NAN	
5,47	-0,375	0,0105	-0,0015	-0,54	0	0,564375	NAN	
5,48	-0,38	0,01	-0,0015	-0,39	0	0,559725	NAN	
5,49	-0,39	0,0095	-0,0015	-0,465	0	0,55545	NAN	
5,5	-0,4	0,0095	0	-0,54	0	0,550425	NAN	
5,51	-0,405	0,0085	0	-0,39	0	0,545775	NAN	
5,52	-0,415	0,008	-0,0015	-0,555	0	0,54105	NAN	
5,53	-0,42	0,0075	0	-0,405	0	0,53625	NAN	
5,54	-0,43	0,0075	-0,0015	-0,495	0	0,53175	NAN	
5,55	-0,44	0,0065	0	-0,525	0	0,52665	NAN	
5,56	-0,445	0,006	0	-0,405	0	0,522	NAN	
5,57	-0,455	0,0055	0	-0,585	0	0,51705	NAN	
5,58	-0,46	0,005	-0,0015	-0,435	0	0,51195	NAN	
5,59	-0,47	0,005	0	-0,465	0	0,50745	NAN	
5,6	-0,48	0,0045	0	-0,57	0	0,502275	NAN	
5,61	-0,485	0,004	0	-0,42	0	0,497325	NAN	
5,62	-0,495	0,0035	-0,0015	-0,615	0	0,49215	NAN	
5,63	-0,5	0,003	0	-0,495	0	0,4866	NAN	
5,64	-0,51	0,0025	0	-0,45	0	0,481875	NAN	
5,65	-0,52	0,002	0	-0,6	0	0,476625	NAN	
5,66	-0,525	0,0015	-0,0015	-0,465	0	0,4713	NAN	
5,67	-0,535	0,001	0	-0,54	0	0,466275	NAN	
5,68	-0,54	0,0005	0	-0,585	0	0,46065	NAN	
5,69	-0,55	0	0,0015	-0,45	0	0,455475	NAN	
5,7	-0,56	-0,0005	-0,0015	-0,63	0	0,450075	NAN	
5,71	-0,565	-0,001	0	-0,555	0	0,44415	NAN	
5,72	-0,575	-0,0015	0	-0,465	0	0,43905	NAN	
5,73	-0,58	-0,0015	0,0015	-0,645	0	0,4335	NAN	
5,74	-0,59	-0,002	-0,0015	-0,51	0	0,427725	NAN	
5,75	-0,6	-0,0025	-0,0015	-0,51	0	0,422625	NAN	
5,76	-0,605	-0,003	0	-0,645	0	0,41685	NAN	
5,77	-0,615	-0,0035	-0,0015	-0,48	0	0,411225	NAN	
5,78	-0,62	-0,004	0	-0,54	0	0,406125	NAN	
5,79	-0,63	-0,0045	-0,0015	-0,675	0	0,40005	NAN	
5,8	-0,64	-0,0045	0	-0,495	0	0,3942	NAN	
5,81	-0,645	-0,005	0,0015	-0,57	0	0,388875	NAN	
5,82	-0,655	-0,0055	0	-0,675	0	0,38265	NAN	
5,83	-0,66	-0,006	0	-0,51	0	0,376725	NAN	
5,84	-0,67	-0,006	0	-0,615	0	0,3711	NAN	
5,85	-0,68	-0,007	-0,0015	-0,66	0	0,364725	NAN	
5,86	-0,685	-0,007	0,0015	-0,525	0	0,3588	NAN	
5,87	-0,695	-0,0075	0	-0,645	0	0,35295	NAN	
5,88	-0,7	-0,008	0	-0,69	0	0,346275	NAN	
5,89	-0,71	-0,0085	0	-0,525	0	0,3402	NAN	
5,9	-0,72	-0,009	0	-0,615	0	0,3345	NAN	
5,91	-0,725	-0,0095	0	-0,705	0	0,3279	NAN	
5,92	-0,735	-0,0095	0	-0,57	0	0,321525	NAN	
5,93	-0,74	-0,01	-0,0015	-0,6	0	0,315675	NAN	
5,94	-0,75	-0,0105	0	-0,72	0	0,309075	NAN	
5,95	-0,76	-0,0105	-0,0015	-0,555	0	0,3027	NAN	
5,96	-0,765	-0,011	0	-0,63	0	0,296775	NAN	
5,97	-0,775	-0,0115	-0,0015	-0,75	0	0,289875	NAN	
5,98	-0,78	-0,012	-0,0015	-0,57	0	0,283275	NAN	
5,99	-0,79	-0,0125	0	-0,615	0	0,27735	NAN	
6	-0,8	-0,0125	0	-0,78	0	0,270375	NAN	
6,01	-0,805	-0,013	0	-0,6	0	0,263475	NAN	
6,02	-0,815	-0,0135	-0,0015	-0,6	0	0,257475	NAN	
6,03	-0,82	-0,0135	0	-0,78	0	0,250575	NAN	
6,04	-0,83	-0,014	0	-0,69	0	0,243225	NAN	
6,05	-0,84	-0,0145	0	-0,6	0	0,236775	NAN	
6,06	-0,845	-0,015	0	-0,78	0	0,229875	NAN	
6,07	-0,855	-0,0155	0	-0,72	0	0,222375	NAN	
6,08	-0,86	-0,0155	0	-0,645	0	0,21555	NAN	
6,09	-0,87	-0,016	0,0015	-0,795	0	0,20835	NAN	
6,1	-0,88	-0,0165	-0,0015	-0,75	0	0,200625	NAN	
6,11	-0,885	-0,0165	0	-0,63	0	0,193725	NAN	
6,12	-0,895	-0,017	0	-0,81	0	0,186525	NAN	
6,13	-0,9	-0,017	0	-0,795	0	0,1785	NAN	
6,14	-0,91	-0,0175	0	-0,645	0	0,1713	NAN	
6,15	-0,92	-0,018	0	-0,765	0	0,16425	NAN	
6,16	-0,925	-0,0185	0	-0,825	0	0,1563	NAN	
6,17	-0,935	-0,0185	0	-0,675	0	0,1488	NAN	
6,18	-0,94	-0,019	0	-0,765	0	0,1416	NAN	
6,19	-0,95	-0,0195	0	-0,825	0	0,13365	NAN	
6,2	-0,96	-0,0195	0	-0,675	0	0,12615	NAN	
6,21	-0,965	-0,02	0	-0,75	0	0,119025	NAN	
6,22	-0,975	-0,0205	0,0015	-0,885	0	0,11085	NAN	
6,23	-0,98	-0,021	0	-0,69	0	0,102975	NAN	
6,24	-0,99	-0,021	0	-0,735	0	0,09585	NAN	
6,25	-1	-0,0215	0	-0,885	0	0,08775	NAN	
6,26	-1,005	-0,0215	0	-0,735	0	0,07965	NAN	
6,27	-1,015	-0,022	0,0015	-0,75	0	0,072225	NAN	
6,28	-1,02	-0,0225	0	-0,9	0	0,063975	NAN	
6,29	-1,03	-0,0225	0	-0,735	0	0,0558	NAN	
6,3	-1,04	-0,023	0	-0,765	0	0,0483	NAN	
6,31	-1,045	-0,0225	-0,0015	-0,93	0	0,039825	NAN	
6,32	-1,055	-0,024	0	-0,78	0	0,031275	NAN	
6,33	-1,06	-0,024	0	-0,75	0	0,023625	NAN	
6,34	-1,07	-0,024	0	-0,93	0	0,015225	NAN	
6,35	-1,08	-0,0245	0	-0,825	0	0,00645	NAN	
6,36	-1,085	-0,025	0	-0,78	0	-0,001575	NAN	
6,37	-1,095	-0,0255	0	-0,93	0	-0,010125	NAN	
6,38	-1,1	-0,0255	-0,0015	-0,855	0	-0,01905	NAN	
6,39	-1,11	-0,026	0,0015	-0,78	0	-0,027225	NAN	
6,4	-1,12	-0,0265	0	-0,975	0	-0,036	NAN	
6,41	-1,125	-0,0265	0	-0,885	0	-0,0453	NAN	
6,42	-1,135	-0,027	-0,0015	-0,78	0	-0,053625	NAN	
6,43	-1,14	-0,027	-0,0015	-0,96	0	-0,062325	NAN	
6,44	-1,15	-0,0275	0	-0,93	0	-0,071775	NAN	
6,45	-1,16	-0,028	0,0015	-0,825	0	-0,08055	NAN	
6,46	-1,165	-0,0285	0	-0,99	0	-0,089625	NAN	
6,47	-1,175	-0,0285	-0,0015	-0,93	0	-0,099225	NAN	
6,48	-1,18	-0,029	0	-0,84	0	-0,108075	NAN	
6,49	-1,19	-0,0295	0	-1,005	0	-0,1173	NAN	
6,5	-1,2	-0,0295	0	-0,945	0	-0,12705	NAN	
6,51	-1,205	-0,03	0	-0,825	0	-0,1359	NAN	
6,52	-1,215	-0,0305	0	-1,02	0	-0,145125	NAN	
6,53	-1,22	-0,0305	0	-0,975	0	-0,1551	NAN	
6,54	-1,23	-0,031	0	-0,855	0	-0,16425	NAN	
6,55	-1,24	-0,0315	0	-1,005	0	-0,17355	NAN	
6,56	-1,245	-0,0315	0	-0,99	0	-0,183525	NAN	
6,57	-1,255	-0,032	-0,0015	-0,87	0	-0,192825	NAN	
6,58	-1,26	-0,032	0,0015	-1,05	0	-0,202425	NAN	
6,59	-1,27	-0,0325	0	-1,005	0	-0,2127	NAN	
6,6	-1,28	-0,033	0	-0,87	0	-0,222075	NAN	
6,61	-1,285	-0,033	0	-1,05	0	-0,231675	NAN	
6,62	-1,295	-0,0335	0	-1,05	0	-0,242175	NAN	
6,63	-1,3	-0,034	0	-0,9	0	-0,251925	NAN	
6,64	-1,31	-0,0335	0	-1,065	0	-0,26175	NAN	
6,65	-1,32	-0,0345	0,0015	-1,035	0	-0,27225	NAN	
6,66	-1,325	-0,035	0	-0,93	0	-0,282075	NAN	
6,67	-1,335	-0,0355	0	-1,08	0	-0,292125	NAN	
6,68	-1,34	-0,036	0	-1,065	0	-0,30285	NAN	
6,69	-1,35	-0,036	0	-0,915	0	-0,31275	NAN	
6,7	-1,36	-0,0365	0	-1,08	0	-0,322725	NAN	
6,71	-1,365	-0,037	0	-1,095	0	-0,3336	NAN	
6,72	-1,375	-0,037	0	-0,945	0	-0,3438	NAN	
6,73	-1,38	-0,0375	0	-1,095	0	-0,354	NAN	
6,74	-1,39	-0,038	0	-1,095	0	-0,36495	NAN	
6,75	-1,4	-0,038	0	-0,945	0	-0,37515	NAN	
6,76	-1,405	-0,0385	-0,0015	-1,125	0	-0,3855	NAN	
6,77	-1,415	-0,039	0	-1,095	0	-0,3966	NAN	
6,78	-1,42	-0,0395	0	-0,96	0	-0,406875	NAN	
6,79	-1,43	-0,04	0	-1,125	0	-0,4173	NAN	
6,8	-1,44	-0,0405	0	-1,125	0	-0,42855	NAN	
6,81	-1,445	-0,0405	0	-0,99	0	-0,439125	NAN	
6,82	-1,455	-0,041	0	-1,14	0	-0,449775	NAN	
6,83	-1,46	-0,0415	0,0015	-1,11	0	-0,461025	NAN	
6,84	-1,47	-0,042	0	-1,005	0	-0,4716	NAN	
6,85	-1,48	-0,042	0	-1,17	0	-0,482475	NAN	
6,86	-1,485	-0,0425	0	-1,125	0	-0,49395	NAN	
6,87	-1,495	-0,043	-0,0015	-0,975	0	-0,50445	NAN	
6,88	-1,5	-0,0435	0	-1,2	0	-0,515325	NAN	
6,89	-1,51	-0,0435	0	-1,155	0	-0,5271	NAN	
6,9	-1,52	-0,044	0	-1,02	0	-0,537975	NAN	
6,91	-1,525	-0,0445	0	-1,185	0	-0,549	NAN	
6,92	-1,535	-0,0455	0	-1,14	0	-0,560625	NAN	
6,93	-1,54	-0,0455	0	-1,035	0	-0,5715	NAN	
6,94	-1,55	-0,0455	0	-1,23	0	-0,582825	NAN	
6,95	-1,56	-0,046	0	-1,11	0	-0,594525	NAN	
6,96	-1,565	-0,0465	0	-1,035	0	-0,60525	NAN	
6,97	-1,575	-0,047	0	-1,245	0	-0,61665	NAN	
6,98	-1,58	-0,0475	0,0015	-1,125	0	-0,6285	NAN	
6,99	-1,59	-0,048	0	-1,05	0	-0,639375	NAN	
7	-1,6	-0,0485	-0,0015	-1,245	0	-0,65085	NAN	
7,01	-1,605	-0,0485	0	-1,095	0	-0,66255	NAN	
7,02	-1,615	-0,0495	-0,0015	-1,11	0	-0,673575	NAN	
7,03	-1,62	-0,0495	0	-1,26	0	-0,685425	NAN	
7,04	-1,63	-0,05	0	-1,065	0	-0,69705	NAN	
7,05	-1,64	-0,051	0	-1,11	0	-0,707925	NAN	
7,06	-1,645	-0,051	0	-1,275	0	-0,71985	NAN	
7,07	-1,655	-0,0515	0	-1,065	0	-0,73155	NAN	
7,08	-1,66	-0,052	0	-1,14	0	-0,742575	NAN	
7,09	-1,67	-0,0525	0	-1,245	0	-0,7545	NAN	
7,1	-1,68	-0,053	-0,0015	-1,095	0	-0,7662	NAN	
7,11	-1,685	-0,0535	0	-1,215	0	-0,77775	NAN	
7,12	-1,695	-0,055	-0,0015	-1,245	0	-0,79005	NAN	
7,13	-1,7	-0,0545	0	-1,08	0	-0,801675	NAN	
7,14	-1,71	-0,055	0	-1,305	0	-0,8136	NAN	
7,15	-1,72	-0,0555	-0,0015	-1,23	0	-0,826275	NAN	
7,16	-1,725	-0,0565	0,0015	-1,11	0	-0,837975	NAN	
7,17	-1,735	-0,0565	0	-1,29	0	-0,849975	NAN	
7,18	-1,74	-0,057	0	-1,185	0	-0,86235	NAN	
7,19	-1,75	-0,058	-0,0015	-1,14	0	-0,873975	NAN	
7,2	-1,76	-0,0585	0	-1,305	0	-0,8862	NAN	
7,21	-1,765	-0,059	0	-1,125	0	-0,89835	NAN	
7,22	-1,775	-0,059	0	-1,17	0	-0,909825	NAN	
7,23	-1,78	-0,0595	-0,0015	-1,305	0	-0,9222	NAN	
7,24	-1,79	-0,0605	-0,0015	-1,14	0	-0,934425	NAN	
7,25	-1,8	-0,061	0	-1,23	0	-0,946275	NAN	
7,26	-1,805	-0,0615	0	-1,29	0	-0,958875	NAN	
7,27	-1,815	-0,062	0	-1,14	0	-0,971025	NAN	
7,28	-1,82	-0,063	-0,0015	-1,32	0	-0,983325	NAN	
7,29	-1,83	-0,0635	0	-1,26	0	-0,996225	NAN	
7,3	-1,84	-0,064	0	-1,155	0	-1,0083	NAN	
7,31	-1,845	-0,0645	0,0015	-1,335	0	-1,02075	NAN	
7,32	-1,855	-0,065	0	-1,185	0	-1,03335	NAN	
7,33	-1,86	-0,0655	0	-1,185	0	-1,0452	NAN	
7,34	-1,87	-0,067	0	-1,335	0	-1,0578	NAN	
7,35	-1,88	-0,067	-0,0015	-1,14	0	-1,070175	NAN	
7,36	-1,885	-0,0675	0	-1,29	0	-1,082325	NAN	
7,37	-1,895	-0,068	0	-1,32	0	-1,095375	NAN	
7,38	-1,9	-0,0685	0	-1,17	0	-1,107825	NAN	
7,39	-1,91	-0,0695	0	-1,335	0	-1,12035	NAN	
7,4	-1,92	-0,07	0	-1,23	0	-1,133175	NAN	
7,41	-1,925	-0,071	0	-1,185	0	-1,14525	NAN	
7,42	-1,935	-0,0725	0	-1,38	0	-1,158075	NAN	
7,43	-1,94	-0,072	-0,0015	-1,155	0	-1,17075	NAN	
7,44	-1,95	-0,073	-0,0015	-1,26	0	-1,182825	NAN	
7,45	-1,96	-0,0735	0	-1,335	0	-1,1958	NAN	
7,46	-1,965	-0,074	0	-1,185	0	-1,2084	NAN	
7,47	-1,975	-0,075	0	-1,365	0	-1,22115	NAN	
7,48	-1,98	-0,0755	0	-1,215	0	-1,23405	NAN	
7,49	-1,99	-0,0765	0	-1,2	0	-1,246125	NAN	
7,5	-2	-0,077	-0,0015	-1,38	0	-1,259025	NAN	
7,51	-1,995	-0,078	-0,0015	-1,17	0	-1,271775	NAN	
7,52	-1,985	-0,0785	0	-1,32	0	-1,284225	NAN	
7,53	-1,98	-0,079	0	-1,23	0	-1,296975	NAN	
7,54	-1,97	-0,08	0	-1,14	0	-1,308825	NAN	
7,55	-1,96	-0,081	0	-1,305	0	-1,32105	NAN	
7,56	-1,955	-0,0815	0	-1,11	0	-1,333125	NAN	
7,57	-1,945	-0,0825	0	-1,155	0	-1,34445	NAN	
7,58	-1,94	-0,083	0	-1,215	0	-1,3563	NAN	
7,59	-1,93	-0,0835	-0,0015	-1,05	0	-1,367625	NAN	
7,6	-1,92	-0,085	0	-1,245	0	-1,3791	NAN	
7,61	-1,915	-0,0855	-0,0015	-1,02	0	-1,390425	NAN	
7,62	-1,905	-0,086	-0,0015	-1,065	0	-1,40085	NAN	
7,63	-1,9	-0,087	0	-1,155	0	-1,41195	NAN	
7,64	-1,89	-0,0875	-0,0015	-0,99	0	-1,422675	NAN	
7,65	-1,88	-0,0885	0	-1,155	0	-1,4334	NAN	
7,66	-1,875	-0,089	0	-0,96	0	-1,443975	NAN	
7,67	-1,865	-0,09	0	-0,975	0	-1,45365	NAN	
7,68	-1,86	-0,0905	0	-1,095	0	-1,464	NAN	
7,69	-1,85	-0,0915	0	-0,9	0	-1,473975	NAN	
7,7	-1,84	-0,092	0	-1,065	0	-1,4838	NAN	
7,71	-1,835	-0,093	0	-0,885	0	-1,49355	NAN	
7,72	-1,825	-0,0935	0	-0,915	0	-1,50255	NAN	
7,73	-1,82	-0,0945	-0,0015	-1,02	0	-1,512225	NAN	
7,74	-1,81	-0,095	0	-0,825	0	-1,52145	NAN	
7,75	-1,8	-0,096	0	-0,99	0	-1,530525	NAN	
7,76	-1,795	-0,097	0	-0,81	0	-1,539525	NAN	
7,77	-1,785	-0,0975	-0,0015	-0,855	0	-1,54785	NAN	
7,78	-1,78	-0,098	0	-0,93	0	-1,556775	NAN	
7,79	-1,77	-0,099	0	-0,735	0	-1,5651	NAN	
7,8	-1,76	-0,0995	0	-0,93	0	-1,573425	NAN	
7,81	-1,755	-0,1005	0	-0,735	0	-1,58175	NAN	
7,82	-1,745	-0,101	0	-0,84	0	-1,589625	NAN	
7,83	-1,74	-0,1015	0,0015	-0,825	0	-1,59795	NAN	
7,84	-1,73	-0,1025	0	-0,69	0	-1,605525	NAN	
7,85	-1,72	-0,103	0	-0,855	0	-1,61325	NAN	
7,86	-1,715	-0,104	0	-0,66	0	-1,620825	NAN	
7,87	-1,705	-0,105	0	-0,81	0	-1,628175	NAN	
7,88	-1,7	-0,1055	0	-0,705	0	-1,63575	NAN	
7,89	-1,69	-0,106	0	-0,615	0	-1,64235	NAN	
7,9	-1,68	-0,1065	0	-0,78	0	-1,649325	NAN	
7,91	-1,675	-0,107	0	-0,57	0	-1,656075	NAN	
7,92	-1,665	-0,108	0	-0,75	0	-1,662675	NAN	
7,93	-1,66	-0,1085	0	-0,57	0	-1,669275	NAN	
7,94	-1,65	-0,1095	0	-0,6	0	-1,675125	NAN	
7,95	-1,64	-0,11	0	-0,705	0	-1,68165	NAN	
7,96	-1,635	-0,1105	0	-0,51	0	-1,687725	NAN	
7,97	-1,625	-0,111	0	-0,675	0	-1,69365	NAN	
7,98	-1,62	-0,1115	0	-0,495	0	-1,6995	NAN	
7,99	-1,61	-0,1125	-0,0015	-0,6	0	-1,704975	NAN	
8	-1,6	-0,113	0,0015	-0,585	0	-1,7109	NAN	
8,01	-1,595	-0,1135	0	-0,45	0	-1,716075	NAN	
8,02	-1,585	-0,114	0	-0,615	0	-1,7214	NAN	
8,03	-1,58	-0,115	0	-0,42	0	-1,726575	NAN	
8,04	-1,57	-0,115	0	-0,585	0	-1,7316	NAN	
8,05	-1,56	-0,116	0	-0,42	0	-1,736625	NAN	
8,06	-1,555	-0,1165	0	-0,435	0	-1,7409	NAN	
8,07	-1,545	-0,117	0	-0,525	0	-1,7457	NAN	
8,08	-1,54	-0,1175	0	-0,36	0	-1,750125	NAN	
8,09	-1,53	-0,118	-0,0015	-0,51	0	-1,754475	NAN	
8,1	-1,52	-0,1185	0,0015	-0,315	0	-1,7586	NAN	
8,11	-1,515	-0,119	-0,0015	-0,465	0	-1,7625	NAN	
8,12	-1,505	-0,119	0,0015	-0,42	0	-1,766925	NAN	
8,13	-1,5	-0,12	-0,0015	-0,3	0	-1,770525	NAN	
8,14	-1,49	-0,1205	-0,0015	-0,45	0	-1,774275	NAN	
8,15	-1,48	-0,121	0	-0,27	0	-1,777875	NAN	
8,16	-1,475	-0,1215	0	-0,45	0	-1,781475	NAN	
8,17	-1,465	-0,1215	0,0015	-0,24	0	-1,784925	NAN	
8,18	-1,46	-0,122	-0,0015	-0,3	0	-1,787625	NAN	
8,19	-1,45	-0,1225	0	-0,36	0	-1,790925	NAN	
8,2	-1,44	-0,123	0	-0,225	0	-1,79385	NAN	
8,21	-1,435	-0,123	-0,0015	-0,375	0	-1,79685	NAN	
8,22	-1,425	-0,1235	0	-0,18	0	-1,799625	NAN	
8,23	-1,42	-0,124	0	-0,345	0	-1,80225	NAN	
8,24	-1,41	-0,1245	0	-0,24	0	-1,805175	NAN	
8,25	-1,4	-0,1255	0	-0,18	0	-1,807275	NAN	
8,26	-1,395	-0,125	0	-0,3	0	-1,809675	NAN	
8,27	-1,385	-0,125	0	-0,12	0	-1,811775	NAN	
8,28	-1,38	-0,1255	0	-0,33	0	-1,814025	NAN	
8,29	-1,37	-0,126	0,0015	-0,105	0	-1,8162	NAN	
8,3	-1,36	-0,126	-0,0015	-0,195	0	-1,8177	NAN	
8,31	-1,355	-0,126	0	-0,21	0	-1,819725	NAN	
8,32	-1,345	-0,1265	0	-0,105	0	-1,8213	NAN	
8,33	-1,34	-0,1265	-0,0015	-0,24	0	-1,823025	NAN	
8,34	-1,33	-0,127	0	-0,045	0	-1,82445	NAN	
8,35	-1,32	-0,127	0	-0,24	0	-1,825875	NAN	
8,36	-1,315	-0,1275	0	-0,105	0	-1,8276	NAN	
8,37	-1,305	-0,1275	0	-0,075	0	-1,8285	NAN	
8,38	-1,3	-0,1275	0	-0,18	0	-1,829775	NAN	
8,39	-1,29	-0,128	0	0	0	-1,830675	NAN	
8,4	-1,28	-0,128	0	-0,225	0	-1,8318	NAN	
8,41	-1,275	-0,128	0,0015	0,015	0	-1,83285	NAN	
8,42	-1,265	-0,128	0	-0,135	0	-1,83345	NAN	
8,43	-1,26	-0,128	0	-0,06	0	-1,834425	NAN	
8,44	-1,25	-0,1285	0,0015	0,015	0	-1,83465	NAN	
8,45	-1,24	-0,1285	0	-0,15	0	-1,835325	NAN	
8,46	-1,235	-0,1285	-0,0015	0,045	0	-1,83585	NAN	
8,47	-1,225	-0,1285	0,0015	-0,135	0	-1,8363	NAN	
8,48	-1,22	-0,1285	-0,0015	0,06	0	-1,836675	NAN	
8,49	-1,21	-0,1285	-0,0015	0	0	-1,836375	NAN	
8,5	-1,2	-0,1285	0	-0,06	0	-1,836675	NAN	
8,51	-1,195	-0,1285	-0,0015	0,075	0	-1,8366	NAN	
8,52	-1,185	-0,1285	-0,0015	-0,105	0	-1,83675	NAN	
8,53	-1,18	-0,1285	0	0,12	0	-1,836675	NAN	
8,54	-1,17	-0,1285	-0,0015	-0,075	0	-1,83645	NAN	
8,55	-1,16	-0,128	0	0,105	0	-1,8363	NAN	
8,56	-1,155	-0,128	0,0015	0,075	0	-1,8354	NAN	
8,57	-1,145	-0,1275	0	-0,045	0	-1,83525	NAN	
8,58	-1,14	-0,127	-0,0015	0,135	0	-1,8348	NAN	
8,59	-1,13	-0,127	0,0015	-0,075	0	-1,8345	NAN	
8,6	-1,12	-0,1265	0	0,15	0	-1,834125	NAN	
8,61	-1,115	-0,126	0	0,015	0	-1,8333	NAN	
8,62	-1,105	-0,126	0	0,045	0	-1,833	NAN	
8,63	-1,1	-0,125	0	0,135	0	-1,8321	NAN	
8,64	-1,09	-0,125	0	-0,045	0	-1,83165	NAN	
8,65	-1,08	-0,1245	0	0,165	0	-1,83105	NAN	
8,66	-1,075	-0,124	-0,0015	-0,045	0	-1,83045	NAN	
8,67	-1,065	-0,1235	-0,0015	0,165	0	-1,82985	NAN	
8,68	-1,06	-0,123	0	0,12	0	-1,828425	NAN	
8,69	-1,05	-0,1225	0	0,03	0	-1,827675	NAN	
8,7	-1,04	-0,1215	0	0,165	0	-1,8267	NAN	
8,71	-1,035	-0,121	0	-0,03	0	-1,826025	NAN	
8,72	-1,025	-0,1205	0	0,18	0	-1,825275	NAN	
8,73	-1,02	-0,12	0	0,03	0	-1,824225	NAN	
8,74	-1,01	-0,1195	0	0,045	0	-1,82385	NAN	
8,75	-1	-0,1185	0	0,18	0	-1,822725	NAN	
8,76	-0,995	-0,118	-0,0015	0	0	-1,821825	NAN	
8,77	-0,985	-0,1175	0	0,21	0	-1,820775	NAN	
8,78	-0,98	-0,117	-0,0015	0,015	0	-1,81965	NAN	
8,79	-0,97	-0,1165	0,0015	0,15	0	-1,818825	NAN	
8,8	-0,96	-0,1155	0	0,165	0	-1,81725	NAN	
8,81	-0,955	-0,115	-0,0015	0,015	0	-1,81635	NAN	
8,82	-0,945	-0,1145	0	0,195	0	-1,8153	NAN	
8,83	-0,94	-0,114	-0,0015	0	0	-1,814325	NAN	
8,84	-0,93	-0,113	0	0,165	0	-1,8135	NAN	
8,85	-0,92	-0,1125	0	0,15	0	-1,811925	NAN	
8,86	-0,915	-0,1115	0,0015	0,045	0	-1,81095	NAN	
8,87	-0,905	-0,111	-0,0015	0,225	0	-1,8096	NAN	
8,88	-0,9	-0,11	0	0,015	0	-1,8084	NAN	
8,89	-0,89	-0,1095	0	0,225	0	-1,8072	NAN	
8,9	-0,88	-0,109	0	0,135	0	-1,8054	NAN	
8,91	-0,875	-0,1085	0	0,045	0	-1,8045	NAN	
8,92	-0,865	-0,1075	-0,0015	0,21	0	-1,803225	NAN	
8,93	-0,86	-0,107	0	0	0	-1,802175	NAN	
8,94	-0,85	-0,106	0	0,21	0	-1,801125	NAN	
8,95	-0,84	-0,1055	0	0,135	0	-1,7994	NAN	
8,96	-0,835	-0,105	-0,0015	0,06	0	-1,798425	NAN	
8,97	-0,825	-0,104	0,0015	0,24	0	-1,796925	NAN	
8,98	-0,82	-0,1035	-0,0015	0,015	0	-1,79565	NAN	
8,99	-0,81	-0,1025	0,0015	0,24	0	-1,794375	NAN	
9	-0,8	-0,102	0	0,18	0	-1,792275	NAN	
9,01	-0,795	-0,1015	0	0,06	0	-1,791075	NAN	
9,02	-0,785	-0,1005	0	0,225	0	-1,78965	NAN	
9,03	-0,78	-0,1	-0,0015	0,015	0	-1,78845	NAN	
9,04	-0,77	-0,099	0	0,18	0	-1,787475	NAN	
9,05	-0,76	-0,0985	0	0,195	0	-1,7856	NAN	
9,06	-0,755	-0,0975	0	0,03	0	-1,784475	NAN	
9,07	-0,745	-0,097	-0,0015	0,27	0	-1,782975	NAN	
9,08	-0,74	-0,0965	0	0,06	0	-1,781325	NAN	
9,09	-0,73	-0,0955	-0,0015	0,15	0	-1,780275	NAN	
9,1	-0,72	-0,095	0	0,255	0	-1,77825	NAN	
9,11	-0,715	-0,094	0	0,03	0	-1,776825	NAN	
9,12	-0,705	-0,0935	0,0015	0,255	0	-1,7754	NAN	
9,13	-0,7	-0,093	-0,0015	0,135	0	-1,77345	NAN	
9,14	-0,69	-0,092	-0,0015	0,06	0	-1,772475	NAN	
9,15	-0,68	-0,0915	0	0,27	0	-1,770825	NAN	
9,16	-0,675	-0,0905	0	0,03	0	-1,769325	NAN	
9,17	-0,665	-0,0895	0	0,18	0	-1,768275	NAN	
9,18	-0,66	-0,089	-0,0015	0,27	0	-1,766025	NAN	
9,19	-0,65	-0,0885	-0,0015	0,03	0	-1,764525	NAN	
9,2	-0,64	-0,0875	0	0,285	0	-1,76295	NAN	
9,21	-0,635	-0,087	0	0,195	0	-1,76055	NAN	
9,22	-0,625	-0,086	0	0,045	0	-1,75935	NAN	
9,23	-0,62	-0,0855	0	0,285	0	-1,7577	NAN	
9,24	-0,61	-0,085	-0,0015	0,06	0	-1,755975	NAN	
9,25	-0,6	-0,084	-0,0015	0,135	0	-1,755	NAN	
9,26	-0,595	-0,0835	0	0,285	0	-1,7529	NAN	
9,27	-0,585	-0,0825	0	0,03	0	-1,751325	NAN	
9,28	-0,58	-0,082	0	0,195	0	-1,7502	NAN	
9,29	-0,57	-0,081	0	0,285	0	-1,7478	NAN	
9,3	-0,56	-0,0805	0	0,03	0	-1,746225	NAN	
9,31	-0,555	-0,08	0	0,3	0	-1,744575	NAN	
9,32	-0,545	-0,079	0	0,255	0	-1,7418	NAN	
9,33	-0,54	-0,0785	0,0015	0,045	0	-1,7403	NAN	
9,34	-0,53	-0,0775	0	0,3	0	-1,738575	NAN	
9,35	-0,52	-0,077	0	0,18	0	-1,736175	NAN	
9,36	-0,515	-0,0765	-0,0015	0,06	0	-1,734975	NAN	
9,37	-0,505	-0,076	0	0,315	0	-1,7331	NAN	
9,38	-0,5	-0,075	0	0,15	0	-1,730775	NAN	
9,39	-0,49	-0,074	0	0,09	0	-1,729575	NAN	
9,4	-0,48	-0,0735	-0,0015	0,345	0	-1,7274	NAN	
9,41	-0,475	-0,073	0	0,12	0	-1,725075	NAN	
9,42	-0,465	-0,072	0	0,105	0	-1,72395	NAN	
9,43	-0,46	-0,0715	0	0,345	0	-1,7217	NAN	
9,44	-0,45	-0,0705	0	0,15	0	-1,719225	NAN	
9,45	-0,44	-0,07	0	0,09	0	-1,718025	NAN	
9,46	-0,435	-0,069	-0,0015	0,33	0	-1,715925	NAN	
9,47	-0,425	-0,0685	-0,0015	0,12	0	-1,713675	NAN	
9,48	-0,42	-0,068	-0,0015	0,075	0	-1,7127	NAN	
9,49	-0,41	-0,067	0	0,33	0	-1,710675	NAN	
9,5	-0,4	-0,0665	0	0,225	0	-1,7079	NAN	
9,51	-0,395	-0,0655	0	0,09	0	-1,706325	NAN	
9,52	-0,385	-0,065	0	0,345	0	-1,70415	NAN	
9,53	-0,38	-0,0645	-0,0015	0,255	0	-1,70115	NAN	
9,54	-0,37	-0,064	0	0,075	0	-1,6995	NAN	
9,55	-0,36	-0,063	0,0015	0,345	0	-1,6974	NAN	
9,56	-0,355	-0,062	0	0,3	0	-1,694175	NAN	
9,57	-0,345	-0,0615	0	0,06	0	-1,692375	NAN	
9,58	-0,34	-0,061	0	0,24	0	-1,690875	NAN	
9,59	-0,33	-0,0605	-0,0015	0,345	0	-1,68795	NAN	
9,6	-0,32	-0,0595	0	0,075	0	-1,68585	NAN	
9,61	-0,315	-0,059	0	0,18	0	-1,684575	NAN	
9,62	-0,305	-0,0585	0	0,375	0	-1,6818	NAN	
9,63	-0,3	-0,0575	0	0,195	0	-1,67895	NAN	
9,64	-0,29	-0,057	-0,0015	0,105	0	-1,67745	NAN	
9,65	-0,28	-0,0565	0,0015	0,375	0	-1,67505	NAN	
9,66	-0,275	-0,056	0	0,33	0	-1,671525	NAN	
9,67	-0,265	-0,055	0	0,075	0	-1,6695	NAN	
9,68	-0,26	-0,0545	0	0,21	0	-1,668075	NAN	
9,69	-0,25	-0,0535	0	0,375	0	-1,66515	NAN	
9,7	-0,24	-0,053	0	0,21	0	-1,662225	NAN	
9,71	-0,235	-0,052	-0,0015	0,105	0	-1,66065	NAN	
9,72	-0,225	-0,0515	0	0,375	0	-1,65825	NAN	
9,73	-0,22	-0,051	0	0,375	0	-1,6545	NAN	
9,74	-0,21	-0,0505	-0,0015	0,12	0	-1,652025	NAN	
9,75	-0,2	-0,0495	0	0,18	0	-1,650525	NAN	
9,76	-0,195	-0,049	0	0,39	0	-1,647675	NAN	
9,77	-0,185	-0,0485	0	0,315	0	-1,64415	NAN	
9,78	-0,18	-0,048	0	0,09	0	-1,642125	NAN	
9,79	-0,17	-0,047	0	0,225	0	-1,64055	NAN	
9,8	-0,16	-0,0465	0,0015	0,405	0	-1,6374	NAN	
9,81	-0,155	-0,046	0	0,3	0	-1,633875	NAN	
9,82	-0,145	-0,045	-0,0015	0,135	0	-1,6317	NAN	
9,83	-0,14	-0,0445	0	0,27	0	-1,629675	NAN	
9,84	-0,13	-0,044	0	0,42	0	-1,626225	NAN	
9,85	-0,12	-0,0435	0	0,315	0	-1,62255	NAN	
9,86	-0,115	-0,0425	-0,0015	0,12	0	-1,620375	NAN	
9,87	-0,105	-0,042	0	0,225	0	-1,61865	NAN	
9,88	-0,1	-0,0415	-0,0015	0,405	0	-1,6155	NAN	
9,89	-0,09	-0,0405	0,0015	0,375	0	-1,6116	NAN	
9,9	-0,08	-0,04	0	0,15	0	-1,608975	NAN	
9,91	-0,075	-0,0395	-0,0015	0,18	0	-1,607325	NAN	
9,92	-0,065	-0,039	0	0,42	0	-1,604325	NAN	
9,93	-0,06	-0,038	-0,0015	0,42	0	-1,600125	NAN	
9,94	-0,05	-0,0375	0,0015	0,24	0	-1,596825	NAN	
9,95	-0,04	-0,037	0	0,15	0	-1,594875	NAN	
9,96	-0,035	-0,036	0	0,27	0	-1,592775	NAN	
9,97	-0,025	-0,036	0	0,435	0	-1,58925	NAN	
9,98	-0,02	-0,035	0	0,39	0	-1,585125	NAN	
9,99	-0,01	-0,0345	0	0,18	0	-1,582275	NAN	
10	0	-0,0335	-0,0015	0,18	0	-1,580475	NAN	
10,01	0,005	-0,033	0	0,345	0	-1,57785	NAN	
10,02	0,015	-0,0325	-0,0015	0,465	0	-1,5738	NAN	
10,03	0,02	-0,032	0	0,42	0	-1,569375	NAN	
10,04	0,03	-0,0315	0	0,195	0	-1,5663	NAN	
10,05	0,04	-0,031	0	0,165	0	-1,5645	NAN	
10,06	0,045	-0,0305	0	0,285	0	-1,56225	NAN	
10,07	0,055	-0,0295	-0,0015	0,45	0	-1,558575	NAN	
10,08	0,06	-0,029	0,0015	0,45	0	-1,554075	NAN	
10,09	0,07	-0,0285	0	0,315	0	-1,55025	NAN	
10,1	0,08	-0,0295	-0,0015	0,195	0	-1,5477	NAN	
10,11	0,085	-0,027	-0,0015	0,24	0	-1,545525	NAN	
10,12	0,095	-0,0265	0	0,39	0	-1,542375	NAN	
10,13	0,1	-0,026	0	0,48	0	-1,538025	NAN	
10,14	0,11	-0,0255	0	0,45	0	-1,533375	NAN	
10,15	0,12	-0,025	-0,0015	0,315	0	-1,52955	NAN	
10,16	0,125	-0,0245	0	0,18	0	-1,527075	NAN	
10,17	0,135	-0,024	-0,0015	0,21	0	-1,525125	NAN	
10,18	0,14	-0,023	0	0,345	0	-1,52235	NAN	
10,19	0,15	-0,0225	-0,0015	0,495	0	-1,51815	NAN	
10,2	0,16	-0,022	0	0,495	0	-1,5132	NAN	
10,21	0,165	-0,0215	0	0,45	0	-1,508475	NAN	
10,22	0,175	-0,021	0	0,285	0	-1,5048	NAN	
10,23	0,18	-0,0205	0	0,21	0	-1,502325	NAN	
10,24	0,19	-0,02	0	0,24	0	-1,500075	NAN	
10,25	0,2	-0,0195	0	0,33	0	-1,497225	NAN	
10,26	0,205	-0,019	0	0,495	0	-1,4931	NAN	
10,27	0,215	-0,018	0	0,51	0	-1,488075	NAN	
10,28	0,22	-0,0175	0	0,495	0	-1,48305	NAN	
10,29	0,23	-0,017	-0,0015	0,42	0	-1,478475	NAN	
10,3	0,24	-0,0165	0	0,27	0	-1,475025	NAN	
10,31	0,245	-0,016	0	0,24	0	-1,472475	NAN	
10,32	0,255	-0,0155	0	0,255	0	-1,47	NAN	
10,33	0,26	-0,015	0	0,3	0	-1,467225	NAN	
10,34	0,27	-0,0145	0	0,435	0	-1,46355	NAN	
10,35	0,28	-0,014	-0,0015	0,525	0	-1,45875	NAN	
10,36	0,285	-0,0135	0	0,54	0	-1,453425	NAN	
10,37	0,295	-0,013	0	0,54	0	-1,448025	NAN	
10,38	0,3	-0,0125	-0,0015	0,51	0	-1,442775	NAN	
10,39	0,31	-0,012	0,0015	0,45	0	-1,437975	NAN	
10,4	0,32	-0,0115	-0,0015	0,315	0	-1,43415	NAN	
10,41	0,325	-0,011	0,0015	0,285	0	-1,43115	NAN	
10,42	0,335	-0,0105	0	0,27	0	-1,428375	NAN	
10,43	0,34	-0,0095	0	0,27	0	-1,425675	NAN	
10,44	0,35	-0,0095	-0,0015	0,315	0	-1,42275	NAN	
10,45	0,36	-0,009	0	0,375	0	-1,4193	NAN	
10,46	0,365	-0,0085	0,0015	0,465	0	-1,4151	NAN	
10,47	0,375	-0,008	0	0,54	0	-1,410075	NAN	
10,48	0,38	-0,007	0	0,57	0	-1,404525	NAN	
10,49	0,39	-0,0065	0	0,6	0	-1,398675	NAN	
10,5	0,4	-0,006	0,0015	0,585	0	-1,39275	NAN	
10,51	0,405	-0,0055	0	0,585	0	-1,3869	NAN	
10,52	0,415	-0,005	0	0,57	0	-1,381125	NAN	
10,53	0,42	-0,0045	0	0,57	0	-1,375425	NAN	
10,54	0,43	-0,004	0	0,54	0	-1,369875	NAN	
10,55	0,44	-0,0035	0	0,525	0	-1,36455	NAN	
10,56	0,445	-0,0035	0	0,495	0	-1,35945	NAN	
10,57	0,455	-0,003	0	0,48	0	-1,354575	NAN	
10,58	0,46	-0,0025	0	0,405	0	-1,35015	NAN	
10,59	0,47	-0,002	0	0,39	0	-1,346175	NAN	
10,6	0,48	-0,0015	0	0,36	0	-1,342425	NAN	
10,61	0,485	-0,001	0	0,33	0	-1,338975	NAN	
10,62	0,495	-0,0005	0	0,33	0	-1,335675	NAN	
10,63	0,5	0	-0,0015	0,33	0	-1,332375	NAN	
10,64	0,51	0,0005	0,0015	0,345	0	-1,329	NAN	
10,65	0,52	0,001	0	0,36	0	-1,325475	NAN	
10,66	0,525	0,0015	0	0,36	0	-1,321875	NAN	
10,67	0,535	0,002	0	0,375	0	-1,3182	NAN	
10,68	0,54	0,0025	0,0015	0,375	0	-1,31445	NAN	
10,69	0,55	0,0025	0	0,375	0	-1,3107	NAN	
10,7	0,56	0,003	0	0,36	0	-1,307025	NAN	
10,71	0,565	0,0035	0	0,375	0	-1,30335	NAN	
10,72	0,575	0,004	-0,0015	0,39	0	-1,299525	NAN	
10,73	0,58	0,0045	0	0,375	0	-1,2957	NAN	
10,74	0,59	0,005	-0,0015	0,405	0	-1,2918	NAN	
10,75	0,6	0,0055	0,0015	0,42	0	-1,287675	NAN	
10,76	0,605	0,006	-0,0015	0,435	0	-1,2834	NAN	
10,77	0,615	0,0065	0,0015	0,42	0	-1,279125	NAN	
10,78	0,62	0,0065	0	0,42	0	-1,274925	NAN	
10,79	0,63	0,007	-0,0015	0,405	0	-1,2708	NAN	
10,8	0,64	0,0075	-0,0015	0,435	0	-1,2666	NAN	
10,81	0,645	0,008	0	0,435	0	-1,26225	NAN	
10,82	0,655	0,008	0	0,45	0	-1,257825	NAN	
10,83	0,66	0,0085	0	0,45	0	-1,253325	NAN	
10,84	0,67	0,009	0	0,465	0	-1,24875	NAN	
10,85	0,68	0,0095	0	0,465	0	-1,2441	NAN	
10,86	0,685	0,01	0,0015	0,465	0	-1,23945	NAN	
10,87	0,695	0,01	0	0,465	0	-1,2348	NAN	
10,88	0,7	0,011	0	0,465	0	-1,23015	NAN	
10,89	0,71	0,0105	0	0,465	0	-1,2255	NAN	
10,9	0,72	0,012	0	0,495	0	-1,2207	NAN	
10,91	0,725	0,0115	0	0,48	0	-1,215825	NAN	
10,92	0,735	0,0125	-0,0015	0,51	0	-1,210875	NAN	
10,93	0,74	0,0125	0	0,495	0	-1,20585	NAN	
10,94	0,75	0,0135	-0,0015	0,51	0	-1,200825	NAN	
10,95	0,76	0,013	0	0,495	0	-1,1958	NAN	
10,96	0,765	0,014	0	0,51	0	-1,190775	NAN	
10,97	0,775	0,014	0	0,495	0	-1,18575	NAN	
10,98	0,78	0,015	0	0,495	0	-1,1808	NAN	
10,99	0,79	0,0145	0	0,51	0	-1,175775	NAN	
11	0,8	0,015	0	0,51	0	-1,170675	NAN	
11,01	0,805	0,0155	-0,0015	0,51	0	-1,165575	NAN	
11,02	0,815	0,016	0	0,54	0	-1,160325	NAN	
11,03	0,82	0,016	0	0,525	0	-1,155	NAN	
11,04	0,83	0,0165	0	0,525	0	-1,14975	NAN	
11,05	0,84	0,0165	-0,0015	0,525	0	-1,1445	NAN	
11,06	0,845	0,017	-0,0015	0,54	0	-1,139175	NAN	
11,07	0,855	0,0175	0	0,525	0	-1,13385	NAN	
11,08	0,86	0,0175	0	0,54	0	-1,128525	NAN	
11,09	0,87	0,018	0	0,555	0	-1,12305	NAN	
11,1	0,88	0,0185	0	0,555	0	-1,1175	NAN	
11,11	0,885	0,019	-0,0015	0,57	0	-1,111875	NAN	
11,12	0,895	0,019	0	0,555	0	-1,10625	NAN	
11,13	0,9	0,0195	0	0,57	0	-1,100625	NAN	
11,14	0,91	0,0195	0	0,555	0	-1,095	NAN	
11,15	0,92	0,02	-0,0015	0,585	0	-1,0893	NAN	
11,16	0,925	0,0205	0	0,57	0	-1,083525	NAN	
11,17	0,935	0,021	0	0,615	0	-1,0776	NAN	
11,18	0,94	0,021	0,0015	0,615	0	-1,07145	NAN	
11,19	0,95	0,0215	-0,0015	0,66	0	-1,065075	NAN	
11,2	0,96	0,0215	0,0015	0,63	0	-1,058625	NAN	
11,21	0,965	0,022	0	0,705	0	-1,05195	NAN	
11,22	0,975	0,0225	-0,0015	0,675	0	-1,04505	NAN	
11,23	0,98	0,0225	0	0,765	0	-1,03785	NAN	
11,24	0,99	0,023	0	0,75	0	-1,030275	NAN	
11,25	1	0,0235	-0,0015	0,825	0	-1,0224	NAN	
11,26	1,005	0,0235	-0,0015	0,825	0	-1,01415	NAN	
11,27	1,015	0,024	-0,0015	0,885	0	-1,0056	NAN	
11,28	1,02	0,0245	0,0015	0,855	0	-0,9969	NAN	
11,29	1,03	0,0245	0	0,9	0	-0,988125	NAN	
11,3	1,04	0,025	0	0,9	0	-0,979125	NAN	
11,31	1,045	0,025	0,0015	0,915	0	-0,97005	NAN	
11,32	1,055	0,0255	0	0,93	0	-0,960825	NAN	
11,33	1,06	0,026	0	0,945	0	-0,95145	NAN	
11,34	1,07	0,026	0	0,975	0	-0,94185	NAN	
11,35	1,08	0,0265	0	0,975	0	-0,9321	NAN	
11,36	1,085	0,0265	0	0,975	0	-0,92235	NAN	
11,37	1,095	0,027	0	0,96	0	-0,912675	NAN	
11,38	1,1	0,027	0	0,96	0	-0,903075	NAN	
11,39	1,11	0,028	0	0,975	0	-0,8934	NAN	
11,4	1,12	0,028	0	0,99	0	-0,883575	NAN	
11,41	1,125	0,028	0	0,945	0	-0,8739	NAN	
11,42	1,135	0,0285	-0,0015	0,975	0	-0,8643	NAN	
11,43	1,14	0,029	0	0,855	0	-0,85515	NAN	
11,44	1,15	0,0295	0	0,885	0	-0,84645	NAN	
11,45	1,16	0,0295	0	0,795	0	-0,83805	NAN	
11,46	1,165	0,03	0	0,81	0	-0,830025	NAN	
11,47	1,175	0,03	0	0,765	0	-0,82215	NAN	
11,48	1,18	0,0305	0	0,78	0	-0,814425	NAN	
11,49	1,19	0,0305	-0,0015	0,765	0	-0,8067	NAN	
11,5	1,2	0,0315	0	0,78	0	-0,798975	NAN	
11,51	1,205	0,0315	-0,0015	0,765	0	-0,79125	NAN	
11,52	1,215	0,0315	0,0015	0,765	0	-0,7836	NAN	
11,53	1,22	0,032	0	0,78	0	-0,775875	NAN	
11,54	1,23	0,0325	0	0,78	0	-0,768075	NAN	
11,55	1,24	0,0325	0	0,855	0	-0,7599	NAN	
11,56	1,245	0,033	-0,0015	0,84	0	-0,751425	NAN	
11,57	1,255	0,0335	0	0,99	0	-0,742275	NAN	
11,58	1,26	0,034	-0,0015	0,975	0	-0,73245	NAN	
11,59	1,27	0,034	0	1,05	0	-0,722325	NAN	
11,6	1,28	0,0345	0,0015	1,05	0	-0,711825	NAN	
11,61	1,285	0,0345	0	1,08	0	-0,701175	NAN	
11,62	1,295	0,035	0	1,095	0	-0,6903	NAN	
11,63	1,3	0,0355	-0,0015	1,095	0	-0,67935	NAN	
11,64	1,31	0,0355	0	1,11	0	-0,668325	NAN	
11,65	1,32	0,036	0	1,125	0	-0,65715	NAN	
11,66	1,325	0,0365	0	1,125	0	-0,6459	NAN	
11,67	1,335	0,0365	0	1,095	0	-0,6348	NAN	
11,68	1,34	0,037	0	1,11	0	-0,623775	NAN	
11,69	1,35	0,0375	0	0,975	0	-0,61335	NAN	
11,7	1,36	0,038	-0,0015	0,975	0	-0,6036	NAN	
11,71	1,365	0,038	-0,0015	0,9	0	-0,594225	NAN	
11,72	1,375	0,0385	0	0,915	0	-0,58515	NAN	
11,73	1,38	0,039	0,0015	0,87	0	-0,576225	NAN	
11,74	1,39	0,039	0	0,885	0	-0,56745	NAN	
11,75	1,4	0,0395	0	0,885	0	-0,5586	NAN	
11,76	1,405	0,04	0	0,885	0	-0,54975	NAN	
11,77	1,415	0,0405	0	0,9	0	-0,540825	NAN	
11,78	1,42	0,0405	-0,0015	0,9	0	-0,531825	NAN	
11,79	1,43	0,0415	-0,0015	1,05	0	-0,522075	NAN	
11,8	1,44	0,042	0,0015	1,05	0	-0,511575	NAN	
11,81	1,445	0,042	0	1,155	0	-0,50055	NAN	
11,82	1,455	0,0425	0	1,155	0	-0,489	NAN	
11,83	1,46	0,0425	-0,0015	1,215	0	-0,47715	NAN	
11,84	1,47	0,043	0	1,2	0	-0,465075	NAN	
11,85	1,48	0,0435	0	1,2	0	-0,453075	NAN	
11,86	1,485	0,044	-0,0015	1,2	0	-0,441075	NAN	
11,87	1,495	0,044	0	1,14	0	-0,429375	NAN	
11,88	1,5	0,0445	0	1,14	0	-0,417975	NAN	
11,89	1,51	0,045	0	1,02	0	-0,407175	NAN	
11,9	1,52	0,0455	0	1,05	0	-0,396825	NAN	
11,91	1,525	0,046	0	0,975	0	-0,3867	NAN	
11,92	1,535	0,046	0,0015	0,975	0	-0,37695	NAN	
11,93	1,54	0,0465	0,0015	0,945	0	-0,36735	NAN	
11,94	1,55	0,047	0	0,945	0	-0,3579	NAN	
11,95	1,56	0,0475	0	1,005	0	-0,34815	NAN	
11,96	1,565	0,048	0	0,99	0	-0,338175	NAN	
11,97	1,575	0,0485	0	1,17	0	-0,327375	NAN	
11,98	1,58	0,0485	0	1,185	0	-0,3156	NAN	
11,99	1,59	0,049	0	1,26	0	-0,303375	NAN	
12	1,6	0,0495	0	1,26	0	-0,290775	NAN	
12,01	1,605	0,05	0	1,275	0	-0,2781	NAN	
12,02	1,615	0,0505	0	1,275	0	-0,26535	NAN	
12,03	1,62	0,051	0	1,2	0	-0,252975	NAN	
12,04	1,63	0,051	0	1,185	0	-0,24105	NAN	
12,05	1,64	0,0515	0	1,05	0	-0,229875	NAN	
12,06	1,645	0,0525	0	1,065	0	-0,2193	NAN	
12,07	1,655	0,053	0	1,005	0	-0,20895	NAN	
12,08	1,66	0,053	0	1,005	0	-0,1989	NAN	
12,09	1,67	0,0535	0	1,02	0	-0,188775	NAN	
12,1	1,68	0,054	0	1,035	0	-0,1785	NAN	
12,11	1,685	0,055	0	1,185	0	-0,1674	NAN	
12,12	1,695	0,055	0	1,185	0	-0,15555	NAN	
12,13	1,7	0,0555	-0,0015	1,275	0	-0,14325	NAN	
12,14	1,71	0,056	0,0015	1,305	0	-0,13035	NAN	
12,15	1,72	0,057	0	1,32	0	-0,117225	NAN	
12,16	1,725	0,057	0	1,32	0	-0,104025	NAN	
12,17	1,735	0,058	-0,0015	1,245	0	-0,0912	NAN	
12,18	1,74	0,0585	0,0015	1,215	0	-0,0789	NAN	
12,19	1,75	0,0585	0	1,065	0	-0,0675	NAN	
12,2	1,76	0,0595	-0,0015	1,08	0	-0,056775	NAN	
12,21	1,765	0,06	0	1,035	0	-0,0462	NAN	
12,22	1,775	0,0605	0	1,05	0	-0,035775	NAN	
12,23	1,78	0,061	-0,0015	1,14	0	-0,024825	NAN	
12,24	1,79	0,0615	0	1,17	0	-0,013275	NAN	
12,25	1,8	0,062	0	1,32	0	-0,000825	NAN	
12,26	1,805	0,0625	0	1,32	0	0,012375	NAN	
12,27	1,815	0,063	-0,0015	1,335	0	0,02565	NAN	
12,28	1,82	0,064	0	1,335	0	0,039	NAN	
12,29	1,83	0,0645	0,0015	1,26	0	0,051975	NAN	
12,3	1,84	0,065	0	1,245	0	0,0645	NAN	
12,31	1,845	0,0655	0	1,11	0	0,076275	NAN	
12,32	1,855	0,066	-0,0015	1,11	0	0,087375	NAN	
12,33	1,86	0,067	0,0015	1,08	0	0,098325	NAN	
12,34	1,87	0,0675	0	1,08	0	0,109125	NAN	
12,35	1,88	0,068	0	1,23	0	0,120675	NAN	
12,36	1,885	0,0685	0	1,26	0	0,133125	NAN	
12,37	1,895	0,0695	0	1,365	0	0,14625	NAN	
12,38	1,9	0,07	-0,0015	1,365	0	0,1599	NAN	
12,39	1,91	0,0705	-0,0015	1,38	0	0,173625	NAN	
12,4	1,92	0,0715	0,0015	1,38	0	0,187425	NAN	
12,41	1,925	0,072	0	1,185	0	0,20025	NAN	
12,42	1,935	0,073	0	1,17	0	0,212025	NAN	
12,43	1,94	0,0735	0	1,095	0	0,22335	NAN	
12,44	1,95	0,074	0	1,095	0	0,2343	NAN	
12,45	1,96	0,075	0	1,155	0	0,24555	NAN	
12,46	1,965	0,0755	-0,0015	1,215	0	0,2574	NAN	
12,47	1,975	0,0765	0	1,365	0	0,2703	NAN	
12,48	1,98	0,077	0	1,38	0	0,284025	NAN	
12,49	1,99	0,078	0	1,38	0	0,297825	NAN	
12,5	2	0,079	0	1,38	0	0,311625	NAN	
