MIN=0	-10	-1	0	0	-1	-2	0	
MAX=12,5	10	1	2,1	21	1	2	50	
SCALE=5	5	0,5	1	10	0,5	1	10	
DEC=2	2	3	3	2	2	2	2	
DEF="Zeit" t / s	"Spannung" U_1 / V	"Strom" I_1 / A	"Strom" I_A2 / A	"Spannung" U_B2 / V	"Leistungsfaktor" cos&j_2	"Magnetischer Fluss" &F / Vs	"Frequenz" f / Hz	
0	0	0,0015	0,0015	0,075	0	0	NAN	
0,01	0,005	0,0015	0,0015	0,09	0	0,000825	NAN	
0,02	0,015	0,0015	0,0015	0,09	0	0,001725	NAN	
0,03	0,02	0,002	0,0015	0,12	0	0,002775	NAN	
0,04	0,03	0,0015	0,0015	0,12	0	0,003975	NAN	
0,05	0,04	0,002	0	0,12	0	0,005175	NAN	
0,06	0,045	0,002	0,0015	0,135	0	0,00645	NAN	
0,07	0,055	0,0025	0,003	0,135	0	0,0078	NAN	
0,08	0,06	0,0025	0,0015	0,135	0	0,00915	NAN	
0,09	0,07	0,003	0	0,15	0	0,010575	NAN	
0,1	0,08	0,003	0,0015	0,135	0	0,012	NAN	
0,11	0,085	0,0035	0,0015	0,15	0	0,013425	NAN	
0,12	0,095	0,0035	0,0015	0,15	0	0,014925	NAN	
0,13	0,1	0,004	0	0,15	0	0,016425	NAN	
0,14	0,11	0,0045	0,0015	0,15	0	0,017925	NAN	
0,15	0,12	0,0045	0,003	0,165	0	0,0195	NAN	
0,16	0,125	0,005	0,0015	0,165	0	0,02115	NAN	
0,17	0,135	0,0055	0,0015	0,18	0	0,022875	NAN	
0,18	0,14	0,0055	0,0015	0,18	0	0,024675	NAN	
0,19	0,15	0,006	0	0,195	0	0,02655	NAN	
0,2	0,16	0,007	0,003	0,18	0	0,028425	NAN	
0,21	0,165	0,008	0,0015	0,195	0	0,0303	NAN	
0,22	0,175	0,0075	0,0015	0,195	0	0,03225	NAN	
0,23	0,18	0,008	0,0015	0,195	0	0,0342	NAN	
0,24	0,19	0,0085	0,003	0,195	0	0,03615	NAN	
0,25	0,2	0,009	0,0015	0,195	0	0,0381	NAN	
0,26	0,205	0,0095	0,0015	0,195	0	0,04005	NAN	
0,27	0,215	0,01	0,0015	0,21	0	0,042075	NAN	
0,28	0,22	0,0105	0,0015	0,21	0	0,044175	NAN	
0,29	0,23	0,011	0,0015	0,225	0	0,04635	NAN	
0,3	0,24	0,0115	0	0,21	0	0,048525	NAN	
0,31	0,245	0,012	0,0015	0,21	0	0,050625	NAN	
0,32	0,255	0,0125	0,0015	0,195	0	0,05265	NAN	
0,33	0,26	0,013	0,0015	0,21	0	0,054675	NAN	
0,34	0,27	0,0135	0,0015	0,195	0	0,0567	NAN	
0,35	0,28	0,014	0,0015	0,195	0	0,05865	NAN	
0,36	0,285	0,0145	0	0,18	0	0,060525	NAN	
0,37	0,295	0,0155	0,0015	0,21	0	0,062475	NAN	
0,38	0,3	0,016	0,0015	0,195	0	0,0645	NAN	
0,39	0,31	0,0165	0,0015	0,225	0	0,0666	NAN	
0,4	0,32	0,017	0,0015	0,21	0	0,068775	NAN	
0,41	0,325	0,0175	0,0015	0,21	0	0,070875	NAN	
0,42	0,335	0,018	0,003	0,195	0	0,0729	NAN	
0,43	0,34	0,0185	0	0,195	0	0,07485	NAN	
0,44	0,35	0,0195	0,0015	0,18	0	0,076725	NAN	
0,45	0,36	0,02	0,0015	0,165	0	0,07845	NAN	
0,46	0,365	0,0205	0	0,15	0	0,080025	NAN	
0,47	0,375	0,021	0,0015	0,15	0	0,081525	NAN	
0,48	0,38	0,0215	0,0015	0,12	0	0,082875	NAN	
0,49	0,39	0,022	0	0,12	0	0,084075	NAN	
0,5	0,4	0,023	0,0015	0,09	0	0,085125	NAN	
0,51	0,405	0,0235	0,003	0,105	0	0,0861	NAN	
0,52	0,415	0,024	0,0015	0,09	0	0,087075	NAN	
0,53	0,42	0,025	0,0015	0,09	0	0,087975	NAN	
0,54	0,43	0,025	0,0015	0,09	0	0,088875	NAN	
0,55	0,44	0,026	0	0,105	0	0,08985	NAN	
0,56	0,445	0,0265	0,0015	0,09	0	0,090825	NAN	
0,57	0,455	0,0275	0,0015	0,105	0	0,0918	NAN	
0,58	0,46	0,028	0,0015	0,09	0	0,092775	NAN	
0,59	0,47	0,0285	0,0015	0,105	0	0,09375	NAN	
0,6	0,48	0,029	0,0015	0,09	0	0,094725	NAN	
0,61	0,485	0,03	0,0015	0,09	0	0,095625	NAN	
0,62	0,495	0,0305	0,0015	0,105	0	0,0966	NAN	
0,63	0,5	0,031	0,0015	0,12	0	0,097725	NAN	
0,64	0,51	0,0315	0,0015	0,135	0	0,099	NAN	
0,65	0,52	0,0325	0,0015	0,15	0	0,100425	NAN	
0,66	0,525	0,033	0,0015	0,165	0	0,102	NAN	
0,67	0,535	0,0335	0,0015	0,195	0	0,1038	NAN	
0,68	0,54	0,0345	0,0015	0,21	0	0,105825	NAN	
0,69	0,55	0,035	0,0015	0,24	0	0,108075	NAN	
0,7	0,56	0,0355	0,0015	0,27	0	0,110625	NAN	
0,71	0,565	0,0365	0,0015	0,285	0	0,1134	NAN	
0,72	0,575	0,037	0,0015	0,3	0	0,116325	NAN	
0,73	0,58	0,0375	0,0015	0,3	0	0,119325	NAN	
0,74	0,59	0,038	0	0,3	0	0,122325	NAN	
0,75	0,6	0,039	0,0015	0,315	0	0,1254	NAN	
0,76	0,605	0,0395	0,0015	0,315	0	0,12855	NAN	
0,77	0,615	0,04	0,0015	0,33	0	0,131775	NAN	
0,78	0,62	0,041	0,0015	0,33	0	0,135075	NAN	
0,79	0,63	0,0415	0	0,33	0	0,138375	NAN	
0,8	0,64	0,042	0	0,315	0	0,1416	NAN	
0,81	0,645	0,043	0,0015	0,33	0	0,144825	NAN	
0,82	0,655	0,0435	0,0015	0,3	0	0,147975	NAN	
0,83	0,66	0,044	0,0015	0,285	0	0,1509	NAN	
0,84	0,67	0,045	0,0015	0,255	0	0,1536	NAN	
0,85	0,68	0,0455	0	0,24	0	0,156075	NAN	
0,86	0,685	0,046	0,0015	0,21	0	0,158325	NAN	
0,87	0,695	0,047	0,0015	0,195	0	0,16035	NAN	
0,88	0,7	0,0475	0,0015	0,165	0	0,16215	NAN	
0,89	0,71	0,048	0,0015	0,165	0	0,1638	NAN	
0,9	0,72	0,0485	0,0015	0,15	0	0,165375	NAN	
0,91	0,725	0,049	0	0,165	0	0,16695	NAN	
0,92	0,735	0,05	0,0015	0,165	0	0,1686	NAN	
0,93	0,74	0,0505	0,0015	0,165	0	0,17025	NAN	
0,94	0,75	0,0515	0,0015	0,165	0	0,1719	NAN	
0,95	0,76	0,052	0,0015	0,165	0	0,17355	NAN	
0,96	0,765	0,053	0	0,18	0	0,175275	NAN	
0,97	0,775	0,0535	0,003	0,195	0	0,17715	NAN	
0,98	0,78	0,054	0,0015	0,225	0	0,17925	NAN	
0,99	0,79	0,054	0,0015	0,255	0	0,18165	NAN	
1	0,8	0,055	0,0015	0,285	0	0,18435	NAN	
1,01	0,805	0,056	0	0,33	0	0,187425	NAN	
1,02	0,815	0,0565	0	0,36	0	0,190875	NAN	
1,03	0,82	0,0575	0,003	0,36	0	0,194475	NAN	
1,04	0,83	0,058	0,0015	0,36	0	0,198075	NAN	
1,05	0,84	0,0585	0,0015	0,36	0	0,201675	NAN	
1,06	0,845	0,059	0,0015	0,375	0	0,20535	NAN	
1,07	0,855	0,06	0,0015	0,375	0	0,2091	NAN	
1,08	0,86	0,0605	0,0015	0,36	0	0,212775	NAN	
1,09	0,87	0,061	0,0015	0,375	0	0,21645	NAN	
1,1	0,88	0,062	0,0015	0,375	0	0,2202	NAN	
1,11	0,885	0,0625	0	0,39	0	0,224025	NAN	
1,12	0,895	0,062	0,0015	0,375	0	0,22785	NAN	
1,13	0,9	0,064	0,0015	0,36	0	0,231525	NAN	
1,14	0,91	0,0645	0,003	0,33	0	0,234975	NAN	
1,15	0,92	0,065	0,0015	0,315	0	0,2382	NAN	
1,16	0,925	0,0655	0,0015	0,255	0	0,24105	NAN	
1,17	0,935	0,066	0,0015	0,255	0	0,2436	NAN	
1,18	0,94	0,0665	0	0,21	0	0,245925	NAN	
1,19	0,95	0,0675	0,0015	0,225	0	0,2481	NAN	
1,2	0,96	0,068	0,0015	0,21	0	0,250275	NAN	
1,21	0,965	0,069	0	0,225	0	0,25245	NAN	
1,22	0,975	0,0695	0,0015	0,225	0	0,2547	NAN	
1,23	0,98	0,07	0,0015	0,24	0	0,257025	NAN	
1,24	0,99	0,0705	0,003	0,225	0	0,25935	NAN	
1,25	1	0,071	0,0015	0,225	0	0,2616	NAN	
1,26	1,005	0,0715	0,0015	0,225	0	0,26385	NAN	
1,27	1,015	0,0725	0,0015	0,24	0	0,266175	NAN	
1,28	1,02	0,073	0,0015	0,255	0	0,26865	NAN	
1,29	1,03	0,0735	0,0015	0,285	0	0,27135	NAN	
1,3	1,04	0,074	0,0015	0,3	0	0,274275	NAN	
1,31	1,045	0,0745	0,0015	0,33	0	0,277425	NAN	
1,32	1,055	0,075	0,003	0,375	0	0,28095	NAN	
1,33	1,06	0,076	0	0,39	0	0,284775	NAN	
1,34	1,07	0,076	0,0015	0,42	0	0,288825	NAN	
1,35	1,08	0,0765	0,0015	0,435	0	0,2931	NAN	
1,36	1,085	0,077	0	0,45	0	0,297525	NAN	
1,37	1,095	0,0775	0	0,45	0	0,302025	NAN	
1,38	1,1	0,078	0	0,465	0	0,3066	NAN	
1,39	1,11	0,0785	0,0015	0,465	0	0,31125	NAN	
1,4	1,12	0,079	0,0015	0,465	0	0,3159	NAN	
1,41	1,125	0,0795	0,0015	0,48	0	0,320625	NAN	
1,42	1,135	0,0785	0,0015	0,48	0	0,325425	NAN	
1,43	1,14	0,0795	0,0015	0,495	0	0,3303	NAN	
1,44	1,15	0,08	0,0015	0,495	0	0,33525	NAN	
1,45	1,16	0,0805	0,0015	0,495	0	0,3402	NAN	
1,46	1,165	0,0805	0,0015	0,495	0	0,34515	NAN	
1,47	1,175	0,081	0,0015	0,495	0	0,3501	NAN	
1,48	1,18	0,0815	0,0015	0,48	0	0,354975	NAN	
1,49	1,19	0,0815	0,0015	0,48	0	0,359775	NAN	
1,5	1,2	0,082	0,0015	0,465	0	0,3645	NAN	
1,51	1,205	0,0825	0,0015	0,495	0	0,3693	NAN	
1,52	1,215	0,0825	0	0,465	0	0,3741	NAN	
1,53	1,22	0,083	0,0015	0,495	0	0,3789	NAN	
1,54	1,23	0,0835	0,0015	0,465	0	0,3837	NAN	
1,55	1,24	0,0835	0,0015	0,465	0	0,38835	NAN	
1,56	1,245	0,084	0,0015	0,42	0	0,392775	NAN	
1,57	1,255	0,0845	0,0015	0,435	0	0,39705	NAN	
1,58	1,26	0,0845	0,0015	0,39	0	0,401175	NAN	
1,59	1,27	0,085	0	0,405	0	0,40515	NAN	
1,6	1,28	0,0855	0,003	0,39	0	0,409125	NAN	
1,61	1,285	0,0855	0,0015	0,405	0	0,4131	NAN	
1,62	1,295	0,086	0,0015	0,39	0	0,417075	NAN	
1,63	1,3	0,0865	0	0,42	0	0,421125	NAN	
1,64	1,31	0,0865	0	0,405	0	0,42525	NAN	
1,65	1,32	0,0875	0,0015	0,42	0	0,429375	NAN	
1,66	1,325	0,0875	0,0015	0,405	0	0,4335	NAN	
1,67	1,335	0,088	0,0015	0,405	0	0,43755	NAN	
1,68	1,34	0,0885	0,0015	0,39	0	0,441525	NAN	
1,69	1,35	0,089	0,0015	0,405	0	0,4455	NAN	
1,7	1,36	0,089	0,0015	0,405	0	0,44955	NAN	
1,71	1,365	0,0895	0,0015	0,435	0	0,45375	NAN	
1,72	1,375	0,09	0,0015	0,435	0	0,4581	NAN	
1,73	1,38	0,0905	0,0015	0,465	0	0,4626	NAN	
1,74	1,39	0,091	0,0015	0,45	0	0,467175	NAN	
1,75	1,4	0,0915	0,003	0,45	0	0,471675	NAN	
1,76	1,405	0,0915	0,0015	0,435	0	0,4761	NAN	
1,77	1,415	0,092	0	0,45	0	0,480525	NAN	
1,78	1,42	0,0925	0,0015	0,45	0	0,485025	NAN	
1,79	1,43	0,093	0,0015	0,45	0	0,489525	NAN	
1,8	1,44	0,0935	0,0015	0,45	0	0,494025	NAN	
1,81	1,445	0,094	0,0015	0,48	0	0,498675	NAN	
1,82	1,455	0,0945	0	0,48	0	0,503475	NAN	
1,83	1,46	0,095	0,0015	0,495	0	0,50835	NAN	
1,84	1,47	0,0955	0,0015	0,495	0	0,5133	NAN	
1,85	1,48	0,096	0,003	0,48	0	0,518175	NAN	
1,86	1,485	0,0965	0,0015	0,48	0	0,522975	NAN	
1,87	1,495	0,097	0,0015	0,48	0	0,527775	NAN	
1,88	1,5	0,0975	0,0015	0,48	0	0,532575	NAN	
1,89	1,51	0,098	0,0015	0,495	0	0,53745	NAN	
1,9	1,52	0,0985	0,0015	0,495	0	0,5424	NAN	
1,91	1,525	0,099	0,0015	0,51	0	0,547425	NAN	
1,92	1,535	0,1	0,0015	0,525	0	0,5526	NAN	
1,93	1,54	0,1005	0,0015	0,525	0	0,55785	NAN	
1,94	1,55	0,101	0,0015	0,525	0	0,5631	NAN	
1,95	1,56	0,1015	0,0015	0,525	0	0,56835	NAN	
1,96	1,565	0,1025	0,0015	0,51	0	0,573525	NAN	
1,97	1,575	0,1025	0	0,51	0	0,578625	NAN	
1,98	1,58	0,1035	0,0015	0,51	0	0,583725	NAN	
1,99	1,59	0,104	0,0015	0,51	0	0,588825	NAN	
2	1,6	0,1045	0,0015	0,525	0	0,594	NAN	
2,01	1,605	0,105	0,0015	0,525	0	0,59925	NAN	
2,02	1,615	0,106	0,0015	0,54	0	0,604575	NAN	
2,03	1,62	0,1065	0,0015	0,525	0	0,6099	NAN	
2,04	1,63	0,107	0,0015	0,54	0	0,615225	NAN	
2,05	1,64	0,108	0	0,525	0	0,62055	NAN	
2,06	1,645	0,1085	0,0015	0,525	0	0,6258	NAN	
2,07	1,655	0,1095	0,0015	0,525	0	0,63105	NAN	
2,08	1,66	0,11	0,0015	0,51	0	0,636225	NAN	
2,09	1,67	0,111	0,0015	0,525	0	0,6414	NAN	
2,1	1,68	0,1115	0,0015	0,525	0	0,64665	NAN	
2,11	1,685	0,112	0,0015	0,54	0	0,651975	NAN	
2,12	1,695	0,113	0,0015	0,54	0	0,657375	NAN	
2,13	1,7	0,1135	0,0015	0,555	0	0,66285	NAN	
2,14	1,71	0,1145	0,0015	0,54	0	0,668325	NAN	
2,15	1,72	0,115	0,0015	0,525	0	0,67365	NAN	
2,16	1,725	0,116	0,0015	0,525	0	0,6789	NAN	
2,17	1,735	0,1165	0	0,525	0	0,68415	NAN	
2,18	1,74	0,1175	0	0,54	0	0,689475	NAN	
2,19	1,75	0,1185	0,0015	0,525	0	0,6948	NAN	
2,2	1,76	0,119	0,003	0,525	0	0,70005	NAN	
2,21	1,765	0,12	0,0015	0,54	0	0,705375	NAN	
2,22	1,775	0,121	0,0015	0,525	0	0,7107	NAN	
2,23	1,78	0,1215	0,0015	0,54	0	0,716025	NAN	
2,24	1,79	0,1225	0,0015	0,54	0	0,721425	NAN	
2,25	1,8	0,1235	0,0015	0,54	0	0,726825	NAN	
2,26	1,805	0,1245	0,0015	0,525	0	0,73215	NAN	
2,27	1,815	0,1255	0	0,54	0	0,737475	NAN	
2,28	1,82	0,1265	0	0,51	0	0,742725	NAN	
2,29	1,83	0,127	0,0015	0,525	0	0,7479	NAN	
2,3	1,84	0,128	0,0015	0,525	0	0,75315	NAN	
2,31	1,845	0,129	0,0015	0,54	0	0,758475	NAN	
2,32	1,855	0,13	0,0015	0,54	0	0,763875	NAN	
2,33	1,86	0,131	0,0015	0,57	0	0,769425	NAN	
2,34	1,87	0,132	0,0015	0,555	0	0,77505	NAN	
2,35	1,88	0,133	0,0015	0,6	0	0,780825	NAN	
2,36	1,885	0,134	0,0015	0,585	0	0,78675	NAN	
2,37	1,895	0,135	0	0,63	0	0,792825	NAN	
2,38	1,9	0,136	0,0015	0,615	0	0,79905	NAN	
2,39	1,91	0,137	0,0015	0,63	0	0,805275	NAN	
2,4	1,92	0,138	0,003	0,63	0	0,811575	NAN	
2,41	1,925	0,139	0,0015	0,66	0	0,818025	NAN	
2,42	1,935	0,14	0,0015	0,66	0	0,824625	NAN	
2,43	1,94	0,141	0,0015	0,675	0	0,8313	NAN	
2,44	1,95	0,142	0,0015	0,675	0	0,83805	NAN	
2,45	1,96	0,143	0,0015	0,675	0	0,8448	NAN	
2,46	1,965	0,144	0,0015	0,675	0	0,85155	NAN	
2,47	1,975	0,1455	0	0,69	0	0,858375	NAN	
2,48	1,98	0,1465	0	0,675	0	0,8652	NAN	
2,49	1,99	0,148	0,0015	0,675	0	0,87195	NAN	
2,5	2	0,149	0,003	0,675	0	0,8787	NAN	
2,51	1,995	0,1495	0,0015	0,675	0	0,88545	NAN	
2,52	1,985	0,1505	0	0,66	0	0,892125	NAN	
2,53	1,98	0,152	0,0015	0,66	0	0,898725	NAN	
2,54	1,97	0,153	0	0,63	0	0,905175	NAN	
2,55	1,96	0,154	0,003	0,615	0	0,9114	NAN	
2,56	1,955	0,155	0,0015	0,585	0	0,9174	NAN	
2,57	1,945	0,156	0,0015	0,57	0	0,923175	NAN	
2,58	1,94	0,157	0,0015	0,555	0	0,9288	NAN	
2,59	1,93	0,158	0,0015	0,51	0	0,934125	NAN	
2,6	1,92	0,1585	0,0015	0,51	0	0,939225	NAN	
2,61	1,915	0,1595	0,0015	0,465	0	0,9441	NAN	
2,62	1,905	0,1605	0,0015	0,435	0	0,9486	NAN	
2,63	1,9	0,161	0,0015	0,39	0	0,952725	NAN	
2,64	1,89	0,162	0,0015	0,375	0	0,95655	NAN	
2,65	1,88	0,1625	0,0015	0,33	0	0,960075	NAN	
2,66	1,875	0,1635	0,0015	0,3	0	0,963225	NAN	
2,67	1,865	0,164	0,003	0,255	0	0,966	NAN	
2,68	1,86	0,1645	0,0015	0,225	0	0,9684	NAN	
2,69	1,85	0,165	0,0015	0,195	0	0,9705	NAN	
2,7	1,84	0,166	0,0015	0,18	0	0,972375	NAN	
2,71	1,835	0,1665	0,0015	0,18	0	0,974175	NAN	
2,72	1,825	0,167	0	0,165	0	0,9759	NAN	
2,73	1,82	0,1675	0,0015	0,165	0	0,97755	NAN	
2,74	1,81	0,168	0	0,135	0	0,97905	NAN	
2,75	1,8	0,169	0,0015	0,165	0	0,98055	NAN	
2,76	1,795	0,169	0,0015	0,105	0	0,9819	NAN	
2,77	1,785	0,1695	0,003	0,12	0	0,983025	NAN	
2,78	1,78	0,17	0,003	0,09	0	0,984075	NAN	
2,79	1,77	0,1705	0	0,12	0	0,985125	NAN	
2,8	1,76	0,1705	0,0015	0,12	0	0,986325	NAN	
2,81	1,755	0,171	0,0015	0,165	0	0,98775	NAN	
2,82	1,745	0,1715	0,0015	0,165	0	0,9894	NAN	
2,83	1,74	0,1715	0,0015	0,195	0	0,9912	NAN	
2,84	1,73	0,172	0,0015	0,18	0	0,993075	NAN	
2,85	1,72	0,172	0	0,225	0	0,9951	NAN	
2,86	1,715	0,1725	0,0015	0,21	0	0,997275	NAN	
2,87	1,705	0,1725	0,0015	0,195	0	0,9993	NAN	
2,88	1,7	0,1725	0,003	0,18	0	1,001175	NAN	
2,89	1,69	0,173	0,0015	0,18	0	1,002975	NAN	
2,9	1,68	0,173	0,0015	0,15	0	1,004625	NAN	
2,91	1,675	0,173	0,0015	0,165	0	1,0062	NAN	
2,92	1,665	0,1735	0,0015	0,135	0	1,0077	NAN	
2,93	1,66	0,1735	0,0015	0,135	0	1,00905	NAN	
2,94	1,65	0,1735	0,0015	0,105	0	1,01025	NAN	
2,95	1,64	0,1735	0	0,075	0	1,01115	NAN	
2,96	1,635	0,1735	0,0015	0,03	0	1,011675	NAN	
2,97	1,625	0,1735	0,003	-0,045	0	1,0116	NAN	
2,98	1,62	0,1735	0,0015	-0,075	0	1,011	NAN	
2,99	1,61	0,1735	0,0015	-0,09	0	1,010175	NAN	
3	1,6	0,173	0,0015	-0,09	0	1,009275	NAN	
3,01	1,595	0,173	0,0015	-0,105	0	1,0083	NAN	
3,02	1,585	0,173	0	-0,105	0	1,00725	NAN	
3,03	1,58	0,1725	0,0015	-0,12	0	1,006125	NAN	
3,04	1,57	0,172	0,0015	-0,135	0	1,00485	NAN	
3,05	1,56	0,172	0,0015	-0,135	0	1,0035	NAN	
3,06	1,555	0,1715	0,0015	-0,135	0	1,00215	NAN	
3,07	1,545	0,171	0	-0,06	0	1,001175	NAN	
3,08	1,54	0,1705	0,0015	-0,045	0	1,00065	NAN	
3,09	1,53	0,17	0,0015	0,015	0	1,0005	NAN	
3,1	1,52	0,1695	0,0015	0,015	0	1,00065	NAN	
3,11	1,515	0,169	0,0015	0,03	0	1,000875	NAN	
3,12	1,505	0,1685	0,0015	0,03	0	1,001175	NAN	
3,13	1,5	0,1675	0	0,045	0	1,00155	NAN	
3,14	1,49	0,167	0,0015	0,06	0	1,002075	NAN	
3,15	1,48	0,1665	0,0015	0,045	0	1,0026	NAN	
3,16	1,475	0,166	0	0,03	0	1,002975	NAN	
3,17	1,465	0,1655	0,0015	0,03	0	1,003275	NAN	
3,18	1,46	0,165	0,0015	0,015	0	1,0035	NAN	
3,19	1,45	0,164	0,0015	-0,03	0	1,003425	NAN	
3,2	1,44	0,164	0	-0,06	0	1,002975	NAN	
3,21	1,435	0,163	0,0015	-0,105	0	1,00215	NAN	
3,22	1,425	0,1625	0,0015	-0,135	0	1,00095	NAN	
3,23	1,42	0,1615	0,0015	-0,165	0	0,99945	NAN	
3,24	1,41	0,161	0	-0,165	0	0,9978	NAN	
3,25	1,4	0,1605	0,003	-0,165	0	0,99615	NAN	
3,26	1,395	0,1595	0,0015	-0,18	0	0,994425	NAN	
3,27	1,385	0,1585	0	-0,18	0	0,992625	NAN	
3,28	1,38	0,158	0,0015	-0,18	0	0,990825	NAN	
3,29	1,37	0,1575	0,0015	-0,09	0	0,989475	NAN	
3,3	1,36	0,1565	0,0015	-0,06	0	0,988725	NAN	
3,31	1,355	0,156	0,003	0	0	0,988425	NAN	
3,32	1,345	0,1555	0,0015	-0,015	0	0,98835	NAN	
3,33	1,34	0,1545	0,0015	0	0	0,988275	NAN	
3,34	1,33	0,154	0,0015	0,015	0	0,98835	NAN	
3,35	1,32	0,153	0,0015	0,03	0	0,988575	NAN	
3,36	1,315	0,1525	0,0015	0,03	0	0,988875	NAN	
3,37	1,305	0,1515	0,003	0,015	0	0,9891	NAN	
3,38	1,3	0,151	0,0015	-0,03	0	0,989025	NAN	
3,39	1,29	0,15	0	-0,105	0	0,98835	NAN	
3,4	1,28	0,1495	0,0015	-0,12	0	0,987225	NAN	
3,41	1,275	0,1485	0,0015	-0,15	0	0,985875	NAN	
3,42	1,265	0,148	0,0015	-0,165	0	0,9843	NAN	
3,43	1,26	0,1475	0,003	-0,195	0	0,9825	NAN	
3,44	1,25	0,1465	0,0015	-0,21	0	0,980475	NAN	
3,45	1,24	0,1455	0,0015	-0,195	0	0,97845	NAN	
3,46	1,235	0,145	0	-0,18	0	0,976575	NAN	
3,47	1,225	0,1445	0	-0,09	0	0,975225	NAN	
3,48	1,22	0,1435	0,0015	-0,075	0	0,9744	NAN	
3,49	1,21	0,143	0,0015	-0,045	0	0,9738	NAN	
3,5	1,2	0,142	0,0015	-0,03	0	0,973425	NAN	
3,51	1,195	0,1415	0,0015	0	0	0,973275	NAN	
3,52	1,185	0,1405	0,0015	0,015	0	0,97335	NAN	
3,53	1,18	0,14	0,0015	0,015	0	0,9735	NAN	
3,54	1,17	0,139	0,0015	-0,015	0	0,9735	NAN	
3,55	1,16	0,1385	0,0015	-0,06	0	0,973125	NAN	
3,56	1,155	0,1375	0,0015	-0,105	0	0,9723	NAN	
3,57	1,145	0,1365	0,0015	-0,15	0	0,971025	NAN	
3,58	1,14	0,136	0,0015	-0,195	0	0,9693	NAN	
3,59	1,13	0,135	0	-0,21	0	0,967275	NAN	
3,6	1,12	0,1345	0,003	-0,225	0	0,9651	NAN	
3,61	1,115	0,1335	0,0015	-0,195	0	0,963	NAN	
3,62	1,105	0,133	0,0015	-0,195	0	0,96105	NAN	
3,63	1,1	0,132	0,0015	-0,105	0	0,95955	NAN	
3,64	1,09	0,1315	0,0015	-0,09	0	0,958575	NAN	
3,65	1,08	0,1305	0,0015	-0,015	0	0,95805	NAN	
3,66	1,075	0,1295	0,0015	-0,015	0	0,9579	NAN	
3,67	1,065	0,129	0,0015	-0,015	0	0,95775	NAN	
3,68	1,06	0,128	0,0015	-0,045	0	0,95745	NAN	
3,69	1,05	0,127	0,0015	-0,045	0	0,957	NAN	
3,7	1,04	0,1265	0,0015	-0,075	0	0,9564	NAN	
3,71	1,035	0,126	0,0015	-0,15	0	0,955275	NAN	
3,72	1,025	0,125	0,0015	-0,21	0	0,953475	NAN	
3,73	1,02	0,1245	0	-0,24	0	0,951225	NAN	
3,74	1,01	0,1235	0,0015	-0,225	0	0,9489	NAN	
3,75	1	0,123	0,0015	-0,21	0	0,946725	NAN	
3,76	0,995	0,122	0,0015	-0,21	0	0,944625	NAN	
3,77	0,985	0,1215	0,0015	-0,105	0	0,94305	NAN	
3,78	0,98	0,1205	0,0015	-0,075	0	0,94215	NAN	
3,79	0,97	0,1195	0,0015	-0,03	0	0,941625	NAN	
3,8	0,96	0,119	0,003	-0,03	0	0,941325	NAN	
3,81	0,955	0,118	0,0015	-0,03	0	0,941025	NAN	
3,82	0,945	0,1175	0,0015	-0,045	0	0,94065	NAN	
3,83	0,94	0,1165	0,0015	-0,12	0	0,939825	NAN	
3,84	0,93	0,1155	0,0015	-0,165	0	0,9384	NAN	
3,85	0,92	0,115	0,0015	-0,225	0	0,93645	NAN	
3,86	0,915	0,1145	0	-0,24	0	0,934125	NAN	
3,87	0,905	0,1135	0,0015	-0,225	0	0,9318	NAN	
3,88	0,9	0,113	0,0015	-0,24	0	0,929475	NAN	
3,89	0,89	0,112	0,0015	-0,135	0	0,9276	NAN	
3,9	0,88	0,1115	0,0015	-0,105	0	0,9264	NAN	
3,91	0,875	0,1105	0,0015	-0,045	0	0,92565	NAN	
3,92	0,865	0,11	0,0015	-0,03	0	0,925275	NAN	
3,93	0,86	0,1095	0,003	-0,045	0	0,9249	NAN	
3,94	0,85	0,1085	0	-0,075	0	0,9243	NAN	
3,95	0,84	0,1075	0,0015	-0,165	0	0,9231	NAN	
3,96	0,835	0,1065	0,0015	-0,18	0	0,921375	NAN	
3,97	0,825	0,106	0,0015	-0,225	0	0,91935	NAN	
3,98	0,82	0,1055	0,0015	-0,255	0	0,91695	NAN	
3,99	0,81	0,1045	0,0015	-0,255	0	0,9144	NAN	
4	0,8	0,104	0,0015	-0,195	0	0,91215	NAN	
4,01	0,795	0,103	0	-0,075	0	0,9108	NAN	
4,02	0,785	0,1025	0,003	-0,075	0	0,91005	NAN	
4,03	0,78	0,1015	0,0015	-0,06	0	0,909375	NAN	
4,04	0,77	0,101	0,003	-0,06	0	0,908775	NAN	
4,05	0,76	0,1	0	-0,09	0	0,908025	NAN	
4,06	0,755	0,0995	0,0015	-0,165	0	0,90675	NAN	
4,07	0,745	0,0985	0,0015	-0,255	0	0,90465	NAN	
4,08	0,74	0,098	0,0015	-0,24	0	0,902175	NAN	
4,09	0,73	0,097	0,003	-0,255	0	0,8997	NAN	
4,1	0,72	0,0965	0,0015	-0,255	0	0,89715	NAN	
4,11	0,715	0,0955	0,0015	-0,15	0	0,895125	NAN	
4,12	0,705	0,095	0,0015	-0,09	0	0,893925	NAN	
4,13	0,7	0,094	0,0015	-0,045	0	0,89325	NAN	
4,14	0,69	0,0935	0,0015	-0,06	0	0,892725	NAN	
4,15	0,68	0,093	0,0015	-0,12	0	0,891825	NAN	
4,16	0,675	0,092	0,0015	-0,165	0	0,8904	NAN	
4,17	0,665	0,0915	0,0015	-0,225	0	0,88845	NAN	
4,18	0,66	0,0905	0,003	-0,285	0	0,8859	NAN	
4,19	0,65	0,09	0,0015	-0,285	0	0,88305	NAN	
4,2	0,64	0,0895	0,0015	-0,24	0	0,880425	NAN	
4,21	0,635	0,0885	0,0015	-0,105	0	0,8787	NAN	
4,22	0,625	0,088	0,0015	-0,09	0	0,877725	NAN	
4,23	0,62	0,087	0,003	-0,09	0	0,876825	NAN	
4,24	0,61	0,0865	0,0015	-0,075	0	0,876	NAN	
4,25	0,6	0,0855	0,0015	-0,165	0	0,8748	NAN	
4,26	0,595	0,085	0,0015	-0,24	0	0,872775	NAN	
4,27	0,585	0,0845	0,0015	-0,285	0	0,87015	NAN	
4,28	0,58	0,0835	0,0015	-0,3	0	0,867225	NAN	
4,29	0,57	0,083	0,0015	-0,225	0	0,8646	NAN	
4,3	0,56	0,082	0,0015	-0,15	0	0,862725	NAN	
4,31	0,555	0,0815	0	-0,105	0	0,86145	NAN	
4,32	0,545	0,0805	0,0015	-0,075	0	0,86055	NAN	
4,33	0,54	0,08	0,0015	-0,09	0	0,859725	NAN	
4,34	0,53	0,0785	0,0015	-0,18	0	0,858375	NAN	
4,35	0,52	0,0785	0,0015	-0,285	0	0,85605	NAN	
4,36	0,515	0,078	0,0015	-0,3	0	0,853125	NAN	
4,37	0,505	0,077	0,0015	-0,285	0	0,8502	NAN	
4,38	0,5	0,0765	0,003	-0,255	0	0,8475	NAN	
4,39	0,49	0,076	0	-0,12	0	0,845625	NAN	
4,4	0,48	0,0755	0,0015	-0,09	0	0,844575	NAN	
4,41	0,475	0,0745	0	-0,075	0	0,84375	NAN	
4,42	0,465	0,074	0,0015	-0,12	0	0,842775	NAN	
4,43	0,46	0,0735	0,0015	-0,27	0	0,840825	NAN	
4,44	0,45	0,0725	0,0015	-0,315	0	0,8379	NAN	
4,45	0,44	0,072	0,0015	-0,315	0	0,83475	NAN	
4,46	0,435	0,071	0,0015	-0,3	0	0,831675	NAN	
4,47	0,425	0,0705	0,0015	-0,165	0	0,82935	NAN	
4,48	0,42	0,0695	0,0015	-0,105	0	0,828	NAN	
4,49	0,41	0,069	0	-0,09	0	0,827025	NAN	
4,5	0,4	0,0685	0,0015	-0,105	0	0,82605	NAN	
4,51	0,395	0,0675	0,0015	-0,285	0	0,8241	NAN	
4,52	0,385	0,067	0,0015	-0,33	0	0,821025	NAN	
4,53	0,38	0,0665	0	-0,33	0	0,817725	NAN	
4,54	0,37	0,0655	0,0015	-0,345	0	0,81435	NAN	
4,55	0,36	0,066	0,0015	-0,165	0	0,8118	NAN	
4,56	0,355	0,0645	0,0015	-0,12	0	0,810375	NAN	
4,57	0,345	0,0635	0,0015	-0,105	0	0,80925	NAN	
4,58	0,34	0,063	0,0015	-0,15	0	0,807975	NAN	
4,59	0,33	0,0615	0	-0,315	0	0,80565	NAN	
4,6	0,32	0,0615	0,0015	-0,345	0	0,80235	NAN	
4,61	0,315	0,061	0	-0,345	0	0,7989	NAN	
4,62	0,305	0,0605	0,0015	-0,285	0	0,79575	NAN	
4,63	0,3	0,06	0	-0,15	0	0,793575	NAN	
4,64	0,29	0,059	0,0015	-0,12	0	0,792225	NAN	
4,65	0,28	0,0585	0,003	-0,12	0	0,791025	NAN	
4,66	0,275	0,058	0,0015	-0,225	0	0,7893	NAN	
4,67	0,265	0,0575	0,0015	-0,36	0	0,786375	NAN	
4,68	0,26	0,0565	0	-0,375	0	0,7827	NAN	
4,69	0,25	0,0555	0,0015	-0,3	0	0,779325	NAN	
4,7	0,24	0,055	0,0015	-0,195	0	0,77685	NAN	
4,71	0,235	0,0545	0,0015	-0,15	0	0,775125	NAN	
4,72	0,225	0,054	0,0015	-0,135	0	0,7737	NAN	
4,73	0,22	0,053	0,0015	-0,225	0	0,7719	NAN	
4,74	0,21	0,0525	0,003	-0,36	0	0,768975	NAN	
4,75	0,2	0,052	0,0015	-0,405	0	0,76515	NAN	
4,76	0,195	0,0515	0,0015	-0,39	0	0,761175	NAN	
4,77	0,185	0,051	0,0015	-0,18	0	0,758325	NAN	
4,78	0,18	0,05	0,0015	-0,135	0	0,75675	NAN	
4,79	0,17	0,0495	0,0015	-0,165	0	0,75525	NAN	
4,8	0,16	0,049	0,0015	-0,24	0	0,753225	NAN	
4,81	0,155	0,048	0,0015	-0,375	0	0,75015	NAN	
4,82	0,145	0,0475	0,0015	-0,405	0	0,74625	NAN	
4,83	0,14	0,047	0,0015	-0,33	0	0,742575	NAN	
4,84	0,13	0,0465	0,0015	-0,225	0	0,7398	NAN	
4,85	0,12	0,0455	0,0015	-0,15	0	0,737925	NAN	
4,86	0,115	0,045	0,0015	-0,15	0	0,736425	NAN	
4,87	0,105	0,0445	0,0015	-0,33	0	0,734025	NAN	
4,88	0,1	0,044	0,0015	-0,42	0	0,730275	NAN	
4,89	0,09	0,043	0,0015	-0,42	0	0,726075	NAN	
4,9	0,08	0,0425	0,0015	-0,315	0	0,7224	NAN	
4,91	0,075	0,042	0,0015	-0,18	0	0,719925	NAN	
4,92	0,065	0,0415	0	-0,165	0	0,7182	NAN	
4,93	0,06	0,041	0,0015	-0,255	0	0,7161	NAN	
4,94	0,05	0,04	0,0015	-0,375	0	0,71295	NAN	
4,95	0,04	0,04	0,003	-0,435	0	0,7089	NAN	
4,96	0,035	0,039	0,0015	-0,435	0	0,70455	NAN	
4,97	0,025	0,0385	0,0015	-0,225	0	0,70125	NAN	
4,98	0,02	0,038	0,0015	-0,165	0	0,6993	NAN	
4,99	0,01	0,0375	0,0015	-0,195	0	0,6975	NAN	
5	0	0,0365	0,0015	-0,375	0	0,69465	NAN	
5,01	-0,005	0,036	0,003	-0,465	0	0,69045	NAN	
5,02	-0,015	0,0355	0	-0,45	0	0,685875	NAN	
5,03	-0,02	0,0345	0,0015	-0,24	0	0,682425	NAN	
5,04	-0,03	0,034	0,0015	-0,21	0	0,680175	NAN	
5,05	-0,04	0,0335	0,0015	-0,225	0	0,678	NAN	
5,06	-0,045	0,033	0	-0,345	0	0,67515	NAN	
5,07	-0,055	0,0325	0	-0,45	0	0,671175	NAN	
5,08	-0,06	0,032	0,0015	-0,48	0	0,666525	NAN	
5,09	-0,07	0,0315	0	-0,285	0	0,6627	NAN	
5,1	-0,08	0,031	0,0015	-0,21	0	0,660225	NAN	
5,11	-0,085	0,0305	0,0015	-0,225	0	0,65805	NAN	
5,12	-0,095	0,0295	0,0015	-0,39	0	0,654975	NAN	
5,13	-0,1	0,029	0,0015	-0,495	0	0,65055	NAN	
5,14	-0,11	0,0285	0,0015	-0,48	0	0,645675	NAN	
5,15	-0,12	0,028	0,0015	-0,255	0	0,642	NAN	
5,16	-0,125	0,0275	0,0015	-0,225	0	0,6396	NAN	
5,17	-0,135	0,027	0	-0,3	0	0,636975	NAN	
5,18	-0,14	0,0265	0,0015	-0,465	0	0,63315	NAN	
5,19	-0,15	0,026	0,0015	-0,51	0	0,628275	NAN	
5,2	-0,16	0,025	0	-0,405	0	0,6237	NAN	
5,21	-0,165	0,0245	0,0015	-0,255	0	0,6204	NAN	
5,22	-0,175	0,024	0	-0,255	0	0,61785	NAN	
5,23	-0,18	0,0235	0,0015	-0,405	0	0,61455	NAN	
5,24	-0,19	0,023	0,003	-0,525	0	0,6099	NAN	
5,25	-0,2	0,0225	0,0015	-0,495	0	0,6048	NAN	
5,26	-0,205	0,0215	0,0015	-0,33	0	0,600675	NAN	
5,27	-0,215	0,0215	0,0015	-0,255	0	0,59775	NAN	
5,28	-0,22	0,0205	0,0015	-0,33	0	0,594825	NAN	
5,29	-0,23	0,0205	0,0015	-0,525	0	0,59055	NAN	
5,3	-0,24	0,0195	0	-0,555	0	0,58515	NAN	
5,31	-0,245	0,019	0,0015	-0,33	0	0,580725	NAN	
5,32	-0,255	0,0185	0	-0,27	0	0,577725	NAN	
5,33	-0,26	0,018	0,0015	-0,36	0	0,574575	NAN	
5,34	-0,27	0,0175	0	-0,54	0	0,570075	NAN	
5,35	-0,28	0,017	0,0015	-0,555	0	0,5646	NAN	
5,36	-0,285	0,0165	0,0015	-0,345	0	0,5601	NAN	
5,37	-0,295	0,016	0,0015	-0,27	0	0,557025	NAN	
5,38	-0,3	0,015	0,0015	-0,375	0	0,5538	NAN	
5,39	-0,31	0,0145	0	-0,57	0	0,549075	NAN	
5,4	-0,32	0,014	0,0015	-0,57	0	0,543375	NAN	
5,41	-0,325	0,014	0,0015	-0,315	0	0,53895	NAN	
5,42	-0,335	0,013	0,0015	-0,3	0	0,535875	NAN	
5,43	-0,34	0,013	0,003	-0,495	0	0,5319	NAN	
5,44	-0,35	0,012	0,0015	-0,585	0	0,5265	NAN	
5,45	-0,36	0,012	0,0015	-0,45	0	0,521325	NAN	
5,46	-0,365	0,0115	0,0015	-0,315	0	0,5175	NAN	
5,47	-0,375	0,011	0,0015	-0,36	0	0,514125	NAN	
5,48	-0,38	0,0105	0,003	-0,57	0	0,509475	NAN	
5,49	-0,39	0,0095	0	-0,6	0	0,503625	NAN	
5,5	-0,4	0,009	0,0015	-0,375	0	0,49875	NAN	
5,51	-0,405	0,0085	0,0015	-0,33	0	0,495225	NAN	
5,52	-0,415	0,008	0,0015	-0,51	0	0,491025	NAN	
5,53	-0,42	0,0075	0,0015	-0,63	0	0,485325	NAN	
5,54	-0,43	0,007	0,0015	-0,48	0	0,479775	NAN	
5,55	-0,44	0,0065	0,0015	-0,33	0	0,475725	NAN	
5,56	-0,445	0,006	0	-0,435	0	0,4719	NAN	
5,57	-0,455	0,0055	0,003	-0,63	0	0,466575	NAN	
5,58	-0,46	0,005	0,0015	-0,555	0	0,46065	NAN	
5,59	-0,47	0,0045	0,0015	-0,36	0	0,456075	NAN	
5,6	-0,48	0,004	0,0015	-0,405	0	0,45225	NAN	
5,61	-0,485	0,004	0	-0,63	0	0,447075	NAN	
5,62	-0,495	0,0035	0,0015	-0,615	0	0,44085	NAN	
5,63	-0,5	0,003	0	-0,375	0	0,4359	NAN	
5,64	-0,51	0,0025	0,0015	-0,42	0	0,431925	NAN	
5,65	-0,52	0,002	0	-0,66	0	0,426525	NAN	
5,66	-0,525	0,0015	0,0015	-0,615	0	0,42015	NAN	
5,67	-0,535	0,001	0,0015	-0,39	0	0,415125	NAN	
5,68	-0,54	0,0005	0,0015	-0,45	0	0,410925	NAN	
5,69	-0,55	0	0,0015	-0,675	0	0,4053	NAN	
5,7	-0,56	-0,0005	0	-0,57	0	0,399075	NAN	
5,71	-0,565	-0,001	0,003	-0,405	0	0,3942	NAN	
5,72	-0,575	-0,001	0	-0,54	0	0,389475	NAN	
5,73	-0,58	-0,002	0,0015	-0,69	0	0,383325	NAN	
5,74	-0,59	-0,0025	0	-0,51	0	0,377325	NAN	
5,75	-0,6	-0,0025	0,003	-0,435	0	0,3726	NAN	
5,76	-0,605	-0,003	0	-0,63	0	0,367275	NAN	
5,77	-0,615	-0,0035	0	-0,69	0	0,360675	NAN	
5,78	-0,62	-0,004	0,0015	-0,465	0	0,3549	NAN	
5,79	-0,63	-0,0045	0,0015	-0,48	0	0,350175	NAN	
5,8	-0,64	-0,005	0,003	-0,72	0	0,344175	NAN	
5,81	-0,645	-0,0055	0,0015	-0,585	0	0,33765	NAN	
5,82	-0,655	-0,0055	0,0015	-0,45	0	0,332475	NAN	
5,83	-0,66	-0,006	0,0015	-0,645	0	0,327	NAN	
5,84	-0,67	-0,0065	0,0015	-0,735	0	0,3201	NAN	
5,85	-0,68	-0,0075	0,0015	-0,48	0	0,314025	NAN	
5,86	-0,685	-0,0075	0	-0,48	0	0,309225	NAN	
5,87	-0,695	-0,0075	0,0015	-0,75	0	0,303075	NAN	
5,88	-0,7	-0,008	0,0015	-0,615	0	0,29625	NAN	
5,89	-0,71	-0,0085	0,0015	-0,48	0	0,290775	NAN	
5,9	-0,72	-0,009	0,0015	-0,69	0	0,284925	NAN	
5,91	-0,725	-0,0095	0,0015	-0,75	0	0,277725	NAN	
5,92	-0,735	-0,0095	0,0015	-0,525	0	0,27135	NAN	
5,93	-0,74	-0,01	0,0015	-0,63	0	0,265575	NAN	
5,94	-0,75	-0,0105	0	-0,78	0	0,258525	NAN	
5,95	-0,76	-0,011	0	-0,54	0	0,251925	NAN	
5,96	-0,765	-0,0115	0,0015	-0,525	0	0,2466	NAN	
5,97	-0,775	-0,0105	0,0015	-0,795	0	0,24	NAN	
5,98	-0,78	-0,0125	0,0015	-0,675	0	0,23265	NAN	
5,99	-0,79	-0,0125	0	-0,51	0	0,226725	NAN	
6	-0,8	-0,013	0,0015	-0,72	0	0,220575	NAN	
6,01	-0,805	-0,013	0,0015	-0,825	0	0,21285	NAN	
6,02	-0,815	-0,0135	0,0015	-0,57	0	0,205875	NAN	
6,03	-0,82	-0,014	0	-0,63	0	0,199875	NAN	
6,04	-0,83	-0,0145	0,0015	-0,825	0	0,1926	NAN	
6,05	-0,84	-0,0145	0,0015	-0,615	0	0,1854	NAN	
6,06	-0,845	-0,015	0,0015	-0,57	0	0,179475	NAN	
6,07	-0,855	-0,0155	0,0015	-0,825	0	0,1725	NAN	
6,08	-0,86	-0,016	0,0015	-0,78	0	0,164475	NAN	
6,09	-0,87	-0,0175	0,0015	-0,57	0	0,157725	NAN	
6,1	-0,88	-0,0165	0	-0,735	0	0,1512	NAN	
6,11	-0,885	-0,017	0,003	-0,87	0	0,143175	NAN	
6,12	-0,895	-0,017	0,0015	-0,615	0	0,13575	NAN	
6,13	-0,9	-0,0175	0,0015	-0,6	0	0,129675	NAN	
6,14	-0,91	-0,018	0,0015	-0,87	0	0,122325	NAN	
6,15	-0,92	-0,018	0,0015	-0,735	0	0,1143	NAN	
6,16	-0,925	-0,019	0,003	-0,6	0	0,107625	NAN	
6,17	-0,935	-0,019	0,0015	-0,81	0	0,100575	NAN	
6,18	-0,94	-0,0195	0,0015	-0,885	0	0,0921	NAN	
6,19	-0,95	-0,0195	0,0015	-0,645	0	0,08445	NAN	
6,2	-0,96	-0,02	0,0015	-0,66	0	0,077925	NAN	
6,21	-0,965	-0,0205	0,0015	-0,9	0	0,070125	NAN	
6,22	-0,975	-0,0205	0	-0,75	0	0,061875	NAN	
6,23	-0,98	-0,021	0,0015	-0,645	0	0,0549	NAN	
6,24	-0,99	-0,0215	0,0015	-0,885	0	0,04725	NAN	
6,25	-1	-0,0215	0,0015	-0,915	0	0,03825	NAN	
6,26	-1,005	-0,022	0,0015	-0,66	0	0,030375	NAN	
6,27	-1,015	-0,0225	0	-0,72	0	0,023475	NAN	
6,28	-1,02	-0,0225	0,0015	-0,96	0	0,015075	NAN	
6,29	-1,03	-0,023	0,0015	-0,795	0	0,0063	NAN	
6,3	-1,04	-0,023	0,0015	-0,66	0	-0,000975	NAN	
6,31	-1,045	-0,0235	0,0015	-0,885	0	-0,0087	NAN	
6,32	-1,055	-0,024	0,0015	-0,96	0	-0,017925	NAN	
6,33	-1,06	-0,0245	0	-0,72	0	-0,026325	NAN	
6,34	-1,07	-0,0245	0,0015	-0,735	0	-0,0336	NAN	
6,35	-1,08	-0,025	0,0015	-0,945	0	-0,042	NAN	
6,36	-1,085	-0,0255	0,0015	-0,84	0	-0,050925	NAN	
6,37	-1,095	-0,0255	0,0015	-0,72	0	-0,058725	NAN	
6,38	-1,1	-0,026	0,0015	-0,915	0	-0,0669	NAN	
6,39	-1,11	-0,0265	0,0015	-1,005	0	-0,0765	NAN	
6,4	-1,12	-0,0265	0,0015	-0,75	0	-0,085275	NAN	
6,41	-1,125	-0,028	0,0015	-0,735	0	-0,0927	NAN	
6,42	-1,135	-0,027	0,0015	-1,005	0	-0,1014	NAN	
6,43	-1,14	-0,028	0,0015	-0,99	0	-0,111375	NAN	
6,44	-1,15	-0,028	0,0015	-0,765	0	-0,12015	NAN	
6,45	-1,16	-0,028	0,0015	-0,84	0	-0,128175	NAN	
6,46	-1,165	-0,0285	0,0015	-1,035	0	-0,13755	NAN	
6,47	-1,175	-0,029	0,0015	-0,885	0	-0,14715	NAN	
6,48	-1,18	-0,029	0	-0,78	0	-0,155475	NAN	
6,49	-1,19	-0,0295	0,003	-0,975	0	-0,16425	NAN	
6,5	-1,2	-0,03	0,0015	-1,02	0	-0,174225	NAN	
6,51	-1,205	-0,03	0,003	-0,825	0	-0,18345	NAN	
6,52	-1,215	-0,0305	0	-0,81	0	-0,191625	NAN	
6,53	-1,22	-0,031	0,0015	-1,05	0	-0,200925	NAN	
6,54	-1,23	-0,0315	0,0015	-1,02	0	-0,211275	NAN	
6,55	-1,24	-0,0315	0,0015	-0,795	0	-0,22035	NAN	
6,56	-1,245	-0,032	0,0015	-0,885	0	-0,22875	NAN	
6,57	-1,255	-0,032	0	-1,11	0	-0,238725	NAN	
6,58	-1,26	-0,0325	0,0015	-0,96	0	-0,249075	NAN	
6,59	-1,27	-0,033	0,0015	-0,81	0	-0,257925	NAN	
6,6	-1,28	-0,033	0,003	-0,99	0	-0,266925	NAN	
6,61	-1,285	-0,0335	0	-1,14	0	-0,277575	NAN	
6,62	-1,295	-0,034	0,0015	-0,915	0	-0,28785	NAN	
6,63	-1,3	-0,034	0	-0,825	0	-0,29655	NAN	
6,64	-1,31	-0,0345	0,0015	-1,035	0	-0,30585	NAN	
6,65	-1,32	-0,0345	0,0015	-1,125	0	-0,31665	NAN	
6,66	-1,325	-0,035	0,0015	-0,9	0	-0,326775	NAN	
6,67	-1,335	-0,0355	0,0015	-0,87	0	-0,335625	NAN	
6,68	-1,34	-0,0355	0	-1,095	0	-0,34545	NAN	
6,69	-1,35	-0,036	0,0015	-1,125	0	-0,35655	NAN	
6,7	-1,36	-0,0365	0	-0,9	0	-0,366675	NAN	
6,71	-1,365	-0,037	0	-0,9	0	-0,375675	NAN	
6,72	-1,375	-0,037	0,0015	-1,14	0	-0,385875	NAN	
6,73	-1,38	-0,0375	0,0015	-1,11	0	-0,397125	NAN	
6,74	-1,39	-0,038	0,0015	-0,915	0	-0,40725	NAN	
6,75	-1,4	-0,038	0,0015	-0,96	0	-0,416625	NAN	
6,76	-1,405	-0,0385	0,0015	-1,17	0	-0,427275	NAN	
6,77	-1,415	-0,039	0	-1,11	0	-0,438675	NAN	
6,78	-1,42	-0,0395	0,0015	-0,9	0	-0,448725	NAN	
6,79	-1,43	-0,0395	0,0015	-0,99	0	-0,458175	NAN	
6,8	-1,44	-0,04	0,0015	-1,2	0	-0,469125	NAN	
6,81	-1,445	-0,0405	0,0015	-1,125	0	-0,48075	NAN	
6,82	-1,455	-0,0405	0,0015	-0,915	0	-0,49095	NAN	
6,83	-1,46	-0,041	0,003	-0,99	0	-0,500475	NAN	
6,84	-1,47	-0,0415	0,0015	-1,23	0	-0,511575	NAN	
6,85	-1,48	-0,042	0,0015	-1,155	0	-0,5235	NAN	
6,86	-1,485	-0,0425	0,0015	-0,96	0	-0,534075	NAN	
6,87	-1,495	-0,043	0,0015	-1,005	0	-0,5439	NAN	
6,88	-1,5	-0,043	0,003	-1,245	0	-0,55515	NAN	
6,89	-1,51	-0,0435	0,0015	-1,2	0	-0,567375	NAN	
6,9	-1,52	-0,044	0,0015	-0,975	0	-0,57825	NAN	
6,91	-1,525	-0,0445	0	-0,99	0	-0,588075	NAN	
6,92	-1,535	-0,0445	0,0015	-1,245	0	-0,59925	NAN	
6,93	-1,54	-0,0455	0,0015	-1,245	0	-0,6117	NAN	
6,94	-1,55	-0,0455	0,003	-1,005	0	-0,62295	NAN	
6,95	-1,56	-0,046	0,0015	-0,99	0	-0,632925	NAN	
6,96	-1,565	-0,0465	0	-1,23	0	-0,644025	NAN	
6,97	-1,575	-0,047	0,0015	-1,275	0	-0,65655	NAN	
6,98	-1,58	-0,048	0	-1,05	0	-0,668175	NAN	
6,99	-1,59	-0,0475	0,0015	-1,005	0	-0,67845	NAN	
7	-1,6	-0,048	0,0015	-1,215	0	-0,68955	NAN	
7,01	-1,605	-0,0485	0,0015	-1,305	0	-0,70215	NAN	
7,02	-1,615	-0,049	0,0015	-1,065	0	-0,714	NAN	
7,03	-1,62	-0,049	0,0015	-1,02	0	-0,724425	NAN	
7,04	-1,63	-0,05	0	-1,185	0	-0,73545	NAN	
7,05	-1,64	-0,0505	0,0015	-1,305	0	-0,7479	NAN	
7,06	-1,645	-0,0505	0,0015	-1,185	0	-0,76035	NAN	
7,07	-1,655	-0,051	0,0015	-1,05	0	-0,771525	NAN	
7,08	-1,66	-0,0515	0,0015	-1,095	0	-0,78225	NAN	
7,09	-1,67	-0,053	0,0015	-1,29	0	-0,794175	NAN	
7,1	-1,68	-0,0525	0,0015	-1,305	0	-0,80715	NAN	
7,11	-1,685	-0,053	0,0015	-1,095	0	-0,81915	NAN	
7,12	-1,695	-0,0535	0,0015	-1,05	0	-0,829875	NAN	
7,13	-1,7	-0,054	0,0015	-1,23	0	-0,841275	NAN	
7,14	-1,71	-0,0545	0,003	-1,335	0	-0,8541	NAN	
7,15	-1,72	-0,055	0,0015	-1,2	0	-0,866775	NAN	
7,16	-1,725	-0,0555	0,003	-1,08	0	-0,878175	NAN	
7,17	-1,735	-0,056	0,0015	-1,095	0	-0,88905	NAN	
7,18	-1,74	-0,0565	0,0015	-1,32	0	-0,901125	NAN	
7,19	-1,75	-0,057	0,0015	-1,35	0	-0,914475	NAN	
7,2	-1,76	-0,0575	0,0015	-1,125	0	-0,92685	NAN	
7,21	-1,765	-0,058	0,0015	-1,08	0	-0,937875	NAN	
7,22	-1,775	-0,0585	0,0015	-1,245	0	-0,9495	NAN	
7,23	-1,78	-0,0605	0,0015	-1,365	0	-0,96255	NAN	
7,24	-1,79	-0,0595	0	-1,29	0	-0,975825	NAN	
7,25	-1,8	-0,0605	0,003	-1,11	0	-0,987825	NAN	
7,26	-1,805	-0,061	0,0015	-1,11	0	-0,998925	NAN	
7,27	-1,815	-0,0615	0,0015	-1,305	0	-1,011	NAN	
7,28	-1,82	-0,0615	0,0015	-1,395	0	-1,0245	NAN	
7,29	-1,83	-0,0625	0,0015	-1,26	0	-1,037775	NAN	
7,3	-1,84	-0,063	0,0015	-1,095	0	-1,04955	NAN	
7,31	-1,845	-0,0635	0,0015	-1,11	0	-1,060575	NAN	
7,32	-1,855	-0,0645	0,0015	-1,35	0	-1,072875	NAN	
7,33	-1,86	-0,065	0,0015	-1,41	0	-1,086675	NAN	
7,34	-1,87	-0,0655	0,0015	-1,215	0	-1,0998	NAN	
7,35	-1,88	-0,066	0	-1,11	0	-1,111425	NAN	
7,36	-1,885	-0,0665	0,0015	-1,14	0	-1,122675	NAN	
7,37	-1,895	-0,0675	0,0015	-1,365	0	-1,1352	NAN	
7,38	-1,9	-0,068	0	-1,41	0	-1,149075	NAN	
7,39	-1,91	-0,0685	0,0015	-1,245	0	-1,16235	NAN	
7,4	-1,92	-0,0695	0,0015	-1,125	0	-1,1742	NAN	
7,41	-1,925	-0,0695	0,0015	-1,125	0	-1,18545	NAN	
7,42	-1,935	-0,0705	0,0015	-1,365	0	-1,1979	NAN	
7,43	-1,94	-0,071	0,0015	-1,425	0	-1,21185	NAN	
7,44	-1,95	-0,072	0	-1,26	0	-1,225275	NAN	
7,45	-1,96	-0,0725	0	-1,14	0	-1,237275	NAN	
7,46	-1,965	-0,0735	0,0015	-1,14	0	-1,248675	NAN	
7,47	-1,975	-0,074	0,0015	-1,305	0	-1,2609	NAN	
7,48	-1,98	-0,075	0,003	-1,425	0	-1,27455	NAN	
7,49	-1,99	-0,0755	0,0015	-1,38	0	-1,288575	NAN	
7,5	-2	-0,0765	0,0015	-1,17	0	-1,301325	NAN	
7,51	-1,995	-0,077	0,0015	-1,14	0	-1,312875	NAN	
7,52	-1,985	-0,0775	0	-1,2	0	-1,324575	NAN	
7,53	-1,98	-0,0785	0,0015	-1,35	0	-1,337325	NAN	
7,54	-1,97	-0,0795	0,0015	-1,35	0	-1,350825	NAN	
7,55	-1,96	-0,08	0,0015	-1,23	0	-1,363725	NAN	
7,56	-1,955	-0,081	0,0015	-1,08	0	-1,375275	NAN	
7,57	-1,945	-0,0815	0,0015	-1,035	0	-1,38585	NAN	
7,58	-1,94	-0,082	0,0015	-1,185	0	-1,39695	NAN	
7,59	-1,93	-0,083	0,0015	-1,26	0	-1,409175	NAN	
7,6	-1,92	-0,084	0,0015	-1,275	0	-1,42185	NAN	
7,61	-1,915	-0,0845	0,0015	-1,095	0	-1,4337	NAN	
7,62	-1,905	-0,0855	0,0015	-0,945	0	-1,4439	NAN	
7,63	-1,9	-0,086	0,0015	-0,945	0	-1,45335	NAN	
7,64	-1,89	-0,087	0	-1,125	0	-1,4637	NAN	
7,65	-1,88	-0,088	0,0015	-1,2	0	-1,475325	NAN	
7,66	-1,875	-0,0885	0,0015	-1,17	0	-1,487175	NAN	
7,67	-1,865	-0,089	0	-0,99	0	-1,497975	NAN	
7,68	-1,86	-0,09	0,0015	-0,87	0	-1,507275	NAN	
7,69	-1,85	-0,091	0,0015	-0,87	0	-1,515975	NAN	
7,7	-1,84	-0,0915	0	-1,005	0	-1,52535	NAN	
7,71	-1,835	-0,0925	0	-1,065	0	-1,5357	NAN	
7,72	-1,825	-0,093	0,0015	-1,08	0	-1,546425	NAN	
7,73	-1,82	-0,094	0,0015	-1,005	0	-1,55685	NAN	
7,74	-1,81	-0,0945	0,0015	-0,81	0	-1,565925	NAN	
7,75	-1,8	-0,0955	0,0015	-0,765	0	-1,5738	NAN	
7,76	-1,795	-0,096	0,0015	-0,81	0	-1,581675	NAN	
7,77	-1,785	-0,097	0,0015	-0,915	0	-1,5903	NAN	
7,78	-1,78	-0,098	0,0015	-1,005	0	-1,5999	NAN	
7,79	-1,77	-0,098	0	-0,99	0	-1,609875	NAN	
7,8	-1,76	-0,099	0,0015	-0,78	0	-1,618725	NAN	
7,81	-1,755	-0,1	0,0015	-0,69	0	-1,626075	NAN	
7,82	-1,745	-0,1005	0,0015	-0,66	0	-1,632825	NAN	
7,83	-1,74	-0,1015	0	-0,705	0	-1,63965	NAN	
7,84	-1,73	-0,102	0,0015	-0,885	0	-1,6476	NAN	
7,85	-1,72	-0,103	0,0015	-0,9	0	-1,656525	NAN	
7,86	-1,715	-0,1035	0,0015	-0,84	0	-1,665225	NAN	
7,87	-1,705	-0,104	0,0015	-0,69	0	-1,672875	NAN	
7,88	-1,7	-0,105	0	-0,585	0	-1,67925	NAN	
7,89	-1,69	-0,1055	0,003	-0,57	0	-1,685025	NAN	
7,9	-1,68	-0,1065	0,0015	-0,63	0	-1,691025	NAN	
7,91	-1,675	-0,107	0,0015	-0,735	0	-1,69785	NAN	
7,92	-1,665	-0,108	0	-0,78	0	-1,705425	NAN	
7,93	-1,66	-0,1085	0	-0,78	0	-1,713225	NAN	
7,94	-1,65	-0,1105	0,0015	-0,555	0	-1,7199	NAN	
7,95	-1,64	-0,1095	0	-0,495	0	-1,72515	NAN	
7,96	-1,635	-0,1105	0,0015	-0,465	0	-1,72995	NAN	
7,97	-1,625	-0,111	0	-0,465	0	-1,7346	NAN	
7,98	-1,62	-0,1115	0,0015	-0,63	0	-1,740075	NAN	
7,99	-1,61	-0,112	0,0015	-0,675	0	-1,7466	NAN	
8	-1,6	-0,1125	0,003	-0,675	0	-1,75335	NAN	
8,01	-1,595	-0,113	0,0015	-0,615	0	-1,7598	NAN	
8,02	-1,585	-0,114	0,0015	-0,42	0	-1,764975	NAN	
8,03	-1,58	-0,1145	0,0015	-0,36	0	-1,768875	NAN	
8,04	-1,57	-0,115	0,0015	-0,345	0	-1,7724	NAN	
8,05	-1,56	-0,1155	0,0015	-0,45	0	-1,776375	NAN	
8,06	-1,555	-0,1165	0	-0,6	0	-1,781625	NAN	
8,07	-1,545	-0,1165	0,0015	-0,585	0	-1,78755	NAN	
8,08	-1,54	-0,1175	0,0015	-0,54	0	-1,793175	NAN	
8,09	-1,53	-0,118	0,0015	-0,405	0	-1,7979	NAN	
8,1	-1,52	-0,118	0,0015	-0,285	0	-1,80135	NAN	
8,11	-1,515	-0,119	0,0015	-0,255	0	-1,80405	NAN	
8,12	-1,505	-0,119	0	-0,285	0	-1,80675	NAN	
8,13	-1,5	-0,12	0,003	-0,405	0	-1,8102	NAN	
8,14	-1,49	-0,1205	0	-0,495	0	-1,8147	NAN	
8,15	-1,48	-0,121	0,003	-0,51	0	-1,819725	NAN	
8,16	-1,475	-0,121	0,0015	-0,39	0	-1,824225	NAN	
8,17	-1,465	-0,1215	0,0015	-0,27	0	-1,827525	NAN	
8,18	-1,46	-0,122	0,0015	-0,18	0	-1,829775	NAN	
8,19	-1,45	-0,1225	0,0015	-0,18	0	-1,831575	NAN	
8,2	-1,44	-0,123	0,0015	-0,225	0	-1,8336	NAN	
8,21	-1,435	-0,123	0,0015	-0,315	0	-1,8363	NAN	
8,22	-1,425	-0,1235	0,0015	-0,405	0	-1,8399	NAN	
8,23	-1,42	-0,124	0	-0,405	0	-1,84395	NAN	
8,24	-1,41	-0,124	0,0015	-0,255	0	-1,84725	NAN	
8,25	-1,4	-0,1245	0,0015	-0,165	0	-1,84935	NAN	
8,26	-1,395	-0,1245	0,0015	-0,09	0	-1,850625	NAN	
8,27	-1,385	-0,125	0,0015	-0,09	0	-1,851525	NAN	
8,28	-1,38	-0,125	0,0015	-0,18	0	-1,852875	NAN	
8,29	-1,37	-0,1255	0,0015	-0,21	0	-1,854825	NAN	
8,3	-1,36	-0,126	0,003	-0,33	0	-1,857525	NAN	
8,31	-1,355	-0,126	0,0015	-0,33	0	-1,860825	NAN	
8,32	-1,345	-0,1265	0,0015	-0,18	0	-1,863375	NAN	
8,33	-1,34	-0,1265	0,0015	-0,075	0	-1,86465	NAN	
8,34	-1,33	-0,1265	0,0015	0	0	-1,865025	NAN	
8,35	-1,32	-0,127	0,0015	0	0	-1,865025	NAN	
8,36	-1,315	-0,127	0,0015	-0,09	0	-1,865475	NAN	
8,37	-1,305	-0,1275	0,0015	-0,165	0	-1,86675	NAN	
8,38	-1,3	-0,127	0,003	-0,24	0	-1,868775	NAN	
8,39	-1,29	-0,1275	0	-0,24	0	-1,871175	NAN	
8,4	-1,28	-0,128	0,0015	-0,135	0	-1,87305	NAN	
8,41	-1,275	-0,128	0,0015	-0,015	0	-1,8738	NAN	
8,42	-1,265	-0,128	0,0015	0,075	0	-1,8735	NAN	
8,43	-1,26	-0,128	0,0015	0,09	0	-1,872675	NAN	
8,44	-1,25	-0,1285	0,0015	0,015	0	-1,87215	NAN	
8,45	-1,24	-0,1285	0	-0,09	0	-1,872525	NAN	
8,46	-1,235	-0,1285	0	-0,18	0	-1,873875	NAN	
8,47	-1,225	-0,1285	0,0015	-0,18	0	-1,875675	NAN	
8,48	-1,22	-0,1285	0,0015	-0,09	0	-1,877025	NAN	
8,49	-1,21	-0,1285	0,0015	0,03	0	-1,877325	NAN	
8,5	-1,2	-0,1285	0,0015	0,12	0	-1,876575	NAN	
8,51	-1,195	-0,1285	0,0015	0,135	0	-1,8753	NAN	
8,52	-1,185	-0,1285	0	0,12	0	-1,874025	NAN	
8,53	-1,18	-0,128	0,0015	0,03	0	-1,873275	NAN	
8,54	-1,17	-0,128	0,0015	-0,09	0	-1,873575	NAN	
8,55	-1,16	-0,128	0,003	-0,105	0	-1,87455	NAN	
8,56	-1,155	-0,1275	0	-0,09	0	-1,875525	NAN	
8,57	-1,145	-0,127	0,0015	0	0	-1,875975	NAN	
8,58	-1,14	-0,127	0	0,15	0	-1,875225	NAN	
8,59	-1,13	-0,1265	0	0,165	0	-1,87365	NAN	
8,6	-1,12	-0,126	0,0015	0,18	0	-1,871925	NAN	
8,61	-1,115	-0,126	0	0,135	0	-1,87035	NAN	
8,62	-1,105	-0,1255	0	-0,03	0	-1,869825	NAN	
8,63	-1,1	-0,125	0,0015	-0,06	0	-1,870275	NAN	
8,64	-1,09	-0,1245	0,003	-0,075	0	-1,87095	NAN	
8,65	-1,08	-0,124	0,0015	-0,045	0	-1,87155	NAN	
8,66	-1,075	-0,1235	0	0,15	0	-1,871025	NAN	
8,67	-1,065	-0,123	0,0015	0,195	0	-1,8693	NAN	
8,68	-1,06	-0,1225	0,0015	0,195	0	-1,86735	NAN	
8,69	-1,05	-0,1215	0,0015	0,195	0	-1,8654	NAN	
8,7	-1,04	-0,1215	0,0015	0,015	0	-1,86435	NAN	
8,71	-1,035	-0,1205	0	-0,03	0	-1,864425	NAN	
8,72	-1,025	-0,1205	0,0015	-0,045	0	-1,8648	NAN	
8,73	-1,02	-0,1195	0,0015	-0,03	0	-1,865175	NAN	
8,74	-1,01	-0,119	0,003	0,18	0	-1,864425	NAN	
8,75	-1	-0,118	0,0015	0,195	0	-1,86255	NAN	
8,76	-0,995	-0,118	0,0015	0,225	0	-1,86045	NAN	
8,77	-0,985	-0,117	0,0015	0,21	0	-1,858275	NAN	
8,78	-0,98	-0,1165	0,0015	0,045	0	-1,857	NAN	
8,79	-0,97	-0,116	0,0015	-0,015	0	-1,85685	NAN	
8,8	-0,96	-0,115	0,0015	-0,045	0	-1,85715	NAN	
8,81	-0,955	-0,1145	0,0015	-0,03	0	-1,857525	NAN	
8,82	-0,945	-0,114	0	0,18	0	-1,856775	NAN	
8,83	-0,94	-0,1135	0,0015	0,24	0	-1,854675	NAN	
8,84	-0,93	-0,1125	0,0015	0,27	0	-1,852125	NAN	
8,85	-0,92	-0,112	0,003	0,24	0	-1,849575	NAN	
8,86	-0,915	-0,111	0,0015	0,075	0	-1,848	NAN	
8,87	-0,905	-0,1105	0,0015	0	0	-1,847625	NAN	
8,88	-0,9	-0,11	0,0015	-0,06	0	-1,847925	NAN	
8,89	-0,89	-0,1095	0,0015	-0,03	0	-1,848375	NAN	
8,9	-0,88	-0,1085	0	0,18	0	-1,847625	NAN	
8,91	-0,875	-0,108	0,0015	0,225	0	-1,8456	NAN	
8,92	-0,865	-0,107	0,0015	0,27	0	-1,843125	NAN	
8,93	-0,86	-0,1065	0,0015	0,255	0	-1,8405	NAN	
8,94	-0,85	-0,1055	0	0,075	0	-1,83885	NAN	
8,95	-0,84	-0,105	0,0015	0,015	0	-1,8384	NAN	
8,96	-0,835	-0,1045	0,0015	0	0	-1,838325	NAN	
8,97	-0,825	-0,1035	0,0015	0,03	0	-1,838175	NAN	
8,98	-0,82	-0,103	0,0015	0,225	0	-1,8369	NAN	
8,99	-0,81	-0,102	0,0015	0,255	0	-1,8345	NAN	
9	-0,8	-0,1015	0,0015	0,255	0	-1,83195	NAN	
9,01	-0,795	-0,1005	0,0015	0,225	0	-1,82955	NAN	
9,02	-0,785	-0,1	0,0015	0,015	0	-1,82835	NAN	
9,03	-0,78	-0,0995	0,0015	-0,015	0	-1,82835	NAN	
9,04	-0,77	-0,0985	0,0015	0	0	-1,828425	NAN	
9,05	-0,76	-0,098	0,0015	0,12	0	-1,827825	NAN	
9,06	-0,755	-0,0975	0,0015	0,27	0	-1,825875	NAN	
9,07	-0,745	-0,0965	0,0015	0,285	0	-1,8231	NAN	
9,08	-0,74	-0,096	0,0015	0,255	0	-1,8204	NAN	
9,09	-0,73	-0,096	0,0015	0,12	0	-1,818525	NAN	
9,1	-0,72	-0,0945	0,003	0,03	0	-1,817775	NAN	
9,11	-0,715	-0,0935	0	0,015	0	-1,81755	NAN	
9,12	-0,705	-0,093	0	0,18	0	-1,816575	NAN	
9,13	-0,7	-0,0925	0,0015	0,255	0	-1,8144	NAN	
9,14	-0,69	-0,0915	0,0015	0,3	0	-1,811625	NAN	
9,15	-0,68	-0,0905	0,0015	0,285	0	-1,8087	NAN	
9,16	-0,675	-0,09	0	0,09	0	-1,806825	NAN	
9,17	-0,665	-0,0895	0,0015	0,015	0	-1,8063	NAN	
9,18	-0,66	-0,0885	0	0,03	0	-1,806075	NAN	
9,19	-0,65	-0,088	0,0015	0,15	0	-1,805175	NAN	
9,2	-0,64	-0,087	0,0015	0,285	0	-1,803	NAN	
9,21	-0,635	-0,0865	0,0015	0,3	0	-1,800075	NAN	
9,22	-0,625	-0,0855	0,0015	0,21	0	-1,797525	NAN	
9,23	-0,62	-0,0865	0,0015	0,09	0	-1,796025	NAN	
9,24	-0,61	-0,0845	0,0015	0,03	0	-1,795425	NAN	
9,25	-0,6	-0,0835	0	0,045	0	-1,79505	NAN	
9,26	-0,595	-0,081	0,0015	0,27	0	-1,793475	NAN	
9,27	-0,585	-0,082	0,0015	0,3	0	-1,790625	NAN	
9,28	-0,58	-0,0815	0,0015	0,27	0	-1,787775	NAN	
9,29	-0,57	-0,081	0,0015	0,12	0	-1,785825	NAN	
9,3	-0,56	-0,08	0,0015	0,03	0	-1,785075	NAN	
9,31	-0,555	-0,0795	0	0,03	0	-1,784775	NAN	
9,32	-0,545	-0,0785	0,0015	0,255	0	-1,78335	NAN	
9,33	-0,54	-0,078	0,0015	0,315	0	-1,7805	NAN	
9,34	-0,53	-0,077	0,0015	0,315	0	-1,77735	NAN	
9,35	-0,52	-0,0765	0,0015	0,15	0	-1,775025	NAN	
9,36	-0,515	-0,076	0,0015	0,06	0	-1,773975	NAN	
9,37	-0,505	-0,075	0,0015	0,06	0	-1,773375	NAN	
9,38	-0,5	-0,0745	0,0015	0,285	0	-1,77165	NAN	
9,39	-0,49	-0,074	0,0015	0,33	0	-1,768575	NAN	
9,4	-0,48	-0,073	0,0015	0,3	0	-1,765425	NAN	
9,41	-0,475	-0,0725	0,0015	0,12	0	-1,763325	NAN	
9,42	-0,465	-0,072	0,0015	0,045	0	-1,7625	NAN	
9,43	-0,46	-0,071	0	0,09	0	-1,761825	NAN	
9,44	-0,45	-0,07	0,0015	0,3	0	-1,759875	NAN	
9,45	-0,44	-0,0695	0,003	0,33	0	-1,756725	NAN	
9,46	-0,435	-0,069	0,0015	0,195	0	-1,7541	NAN	
9,47	-0,425	-0,068	0,0015	0,075	0	-1,75275	NAN	
9,48	-0,42	-0,0675	0,0015	0,075	0	-1,752	NAN	
9,49	-0,41	-0,0665	0,0015	0,27	0	-1,750275	NAN	
9,5	-0,4	-0,066	0	0,36	0	-1,747125	NAN	
9,51	-0,395	-0,0655	0,003	0,315	0	-1,74375	NAN	
9,52	-0,385	-0,0645	0,0015	0,105	0	-1,74165	NAN	
9,53	-0,38	-0,064	0	0,06	0	-1,740825	NAN	
9,54	-0,37	-0,063	0,0015	0,27	0	-1,739175	NAN	
9,55	-0,36	-0,0625	0	0,345	0	-1,7361	NAN	
9,56	-0,355	-0,062	0,003	0,3	0	-1,732875	NAN	
9,57	-0,345	-0,0615	0,0015	0,105	0	-1,73085	NAN	
9,58	-0,34	-0,0605	0,0015	0,075	0	-1,72995	NAN	
9,59	-0,33	-0,06	0,0015	0,27	0	-1,728225	NAN	
9,6	-0,32	-0,0595	0,0015	0,375	0	-1,725	NAN	
9,61	-0,315	-0,0585	0,0015	0,3	0	-1,721625	NAN	
9,62	-0,305	-0,058	0,003	0,09	0	-1,719675	NAN	
9,63	-0,3	-0,057	0,0015	0,09	0	-1,718775	NAN	
9,64	-0,29	-0,0565	0,0015	0,345	0	-1,7166	NAN	
9,65	-0,28	-0,056	0,0015	0,36	0	-1,713075	NAN	
9,66	-0,275	-0,055	0,0015	0,165	0	-1,71045	NAN	
9,67	-0,265	-0,0545	0,0015	0,09	0	-1,709175	NAN	
9,68	-0,26	-0,054	0,0015	0,27	0	-1,707375	NAN	
9,69	-0,25	-0,053	0,0015	0,375	0	-1,70415	NAN	
9,7	-0,24	-0,0525	0	0,3	0	-1,700775	NAN	
9,71	-0,235	-0,0515	0	0,135	0	-1,6986	NAN	
9,72	-0,225	-0,051	0	0,18	0	-1,697025	NAN	
9,73	-0,22	-0,0505	0,0015	0,375	0	-1,69425	NAN	
9,74	-0,21	-0,05	0,0015	0,36	0	-1,690575	NAN	
9,75	-0,2	-0,049	0,0015	0,135	0	-1,6881	NAN	
9,76	-0,195	-0,0485	0	0,12	0	-1,686825	NAN	
9,77	-0,185	-0,048	0,0015	0,345	0	-1,6845	NAN	
9,78	-0,18	-0,0475	0,0015	0,375	0	-1,6809	NAN	
9,79	-0,17	-0,0465	0,0015	0,165	0	-1,6782	NAN	
9,8	-0,16	-0,046	0,0015	0,135	0	-1,6767	NAN	
9,81	-0,155	-0,0455	0	0,39	0	-1,674075	NAN	
9,82	-0,145	-0,0445	0,0015	0,405	0	-1,6701	NAN	
9,83	-0,14	-0,044	0,0015	0,165	0	-1,66725	NAN	
9,84	-0,13	-0,0435	0,003	0,15	0	-1,665675	NAN	
9,85	-0,12	-0,0425	0,0015	0,39	0	-1,662975	NAN	
9,86	-0,115	-0,042	0	0,36	0	-1,659225	NAN	
9,87	-0,105	-0,0415	0,0015	0,135	0	-1,65675	NAN	
9,88	-0,1	-0,041	0,0015	0,24	0	-1,654875	NAN	
9,89	-0,09	-0,0405	0,0015	0,42	0	-1,651575	NAN	
9,9	-0,08	-0,0395	0,0015	0,285	0	-1,64805	NAN	
9,91	-0,075	-0,039	0,0015	0,15	0	-1,645875	NAN	
9,92	-0,065	-0,0385	0,0015	0,375	0	-1,64325	NAN	
9,93	-0,06	-0,0375	0,0015	0,435	0	-1,6392	NAN	
9,94	-0,05	-0,037	0,003	0,18	0	-1,636125	NAN	
9,95	-0,04	-0,0365	0,0015	0,18	0	-1,634325	NAN	
9,96	-0,035	-0,0355	0	0,42	0	-1,631325	NAN	
9,97	-0,025	-0,035	0,0015	0,3	0	-1,627725	NAN	
9,98	-0,02	-0,0345	0	0,135	0	-1,62555	NAN	
9,99	-0,01	-0,034	0,0015	0,39	0	-1,622925	NAN	
10	0	-0,0335	0	0,435	0	-1,6188	NAN	
10,01	0,005	-0,0325	0	0,18	0	-1,615725	NAN	
10,02	0,015	-0,032	0,0015	0,33	0	-1,613175	NAN	
10,03	0,02	-0,0315	0,0015	0,465	0	-1,6092	NAN	
10,04	0,03	-0,031	0,0015	0,225	0	-1,60575	NAN	
10,05	0,04	-0,0305	0,0015	0,225	0	-1,6035	NAN	
10,06	0,045	-0,0295	0,0015	0,465	0	-1,60005	NAN	
10,07	0,055	-0,029	0,0015	0,27	0	-1,596375	NAN	
10,08	0,06	-0,0285	0	0,18	0	-1,594125	NAN	
10,09	0,07	-0,028	0,0015	0,45	0	-1,590975	NAN	
10,1	0,08	-0,0275	0,003	0,3	0	-1,587225	NAN	
10,11	0,085	-0,027	0	0,18	0	-1,584825	NAN	
10,12	0,095	-0,026	0,0015	0,465	0	-1,5816	NAN	
10,13	0,1	-0,0255	0,0015	0,33	0	-1,577625	NAN	
10,14	0,11	-0,025	0,0015	0,195	0	-1,575	NAN	
10,15	0,12	-0,0245	0,0015	0,465	0	-1,5717	NAN	
10,16	0,125	-0,024	0,0015	0,33	0	-1,567725	NAN	
10,17	0,135	-0,023	0,0015	0,195	0	-1,5651	NAN	
10,18	0,14	-0,0225	0,0015	0,465	0	-1,5618	NAN	
10,19	0,15	-0,022	0,0015	0,285	0	-1,55805	NAN	
10,2	0,16	-0,0215	0,003	0,24	0	-1,555425	NAN	
10,21	0,165	-0,021	0,0015	0,495	0	-1,55175	NAN	
10,22	0,175	-0,0205	0,0015	0,255	0	-1,548	NAN	
10,23	0,18	-0,02	0,0015	0,345	0	-1,545	NAN	
10,24	0,19	-0,0195	0,0015	0,51	0	-1,540725	NAN	
10,25	0,2	-0,0185	0,0015	0,24	0	-1,536975	NAN	
10,26	0,205	-0,018	0,0015	0,45	0	-1,533525	NAN	
10,27	0,215	-0,0175	0	0,435	0	-1,5291	NAN	
10,28	0,22	-0,017	0,0015	0,225	0	-1,5258	NAN	
10,29	0,23	-0,0165	0,0015	0,51	0	-1,522125	NAN	
10,3	0,24	-0,016	0,003	0,315	0	-1,518	NAN	
10,31	0,245	-0,0155	0,0015	0,36	0	-1,514625	NAN	
10,32	0,255	-0,015	0,0015	0,525	0	-1,5102	NAN	
10,33	0,26	-0,0145	0	0,255	0	-1,5063	NAN	
10,34	0,27	-0,0135	0	0,51	0	-1,502475	NAN	
10,35	0,28	-0,0135	0,0015	0,375	0	-1,49805	NAN	
10,36	0,285	-0,013	0,0015	0,3	0	-1,494675	NAN	
10,37	0,295	-0,0125	0,0015	0,54	0	-1,490475	NAN	
10,38	0,3	-0,012	0,0015	0,255	0	-1,4865	NAN	
10,39	0,31	-0,011	0,003	0,51	0	-1,482675	NAN	
10,4	0,32	-0,0105	0,0015	0,375	0	-1,47825	NAN	
10,41	0,325	-0,0105	0,0015	0,36	0	-1,474575	NAN	
10,42	0,335	-0,0095	0,0015	0,54	0	-1,470075	NAN	
10,43	0,34	-0,009	0,0015	0,285	0	-1,46595	NAN	
10,44	0,35	-0,009	0	0,555	0	-1,46175	NAN	
10,45	0,36	-0,0085	0,003	0,33	0	-1,457325	NAN	
10,46	0,365	-0,0075	0,0015	0,495	0	-1,4532	NAN	
10,47	0,375	-0,007	0	0,45	0	-1,448475	NAN	
10,48	0,38	-0,0065	0,0015	0,3	0	-1,444725	NAN	
10,49	0,39	-0,006	0,0015	0,57	0	-1,440375	NAN	
10,5	0,4	-0,0055	0,0015	0,285	0	-1,4361	NAN	
10,51	0,405	-0,005	0,0015	0,585	0	-1,43175	NAN	
10,52	0,415	-0,0045	0,0015	0,33	0	-1,427175	NAN	
10,53	0,42	-0,004	0	0,57	0	-1,422675	NAN	
10,54	0,43	-0,0035	0	0,405	0	-1,4178	NAN	
10,55	0,44	-0,003	0,0015	0,525	0	-1,41315	NAN	
10,56	0,445	-0,003	0,0015	0,51	0	-1,407975	NAN	
10,57	0,455	-0,002	0	0,405	0	-1,4034	NAN	
10,58	0,46	-0,0015	0,0015	0,6	0	-1,398375	NAN	
10,59	0,47	-0,001	0,0015	0,33	0	-1,393725	NAN	
10,6	0,48	-0,001	0,003	0,615	0	-1,389	NAN	
10,61	0,485	-0,0005	0,0015	0,33	0	-1,384275	NAN	
10,62	0,495	0,0005	0	0,63	0	-1,379475	NAN	
10,63	0,5	0,001	0,0015	0,36	0	-1,374525	NAN	
10,64	0,51	0,001	0	0,63	0	-1,369575	NAN	
10,65	0,52	0,0015	0,0015	0,39	0	-1,364475	NAN	
10,66	0,525	0,002	0,0015	0,57	0	-1,359675	NAN	
10,67	0,535	0,0025	0,0015	0,435	0	-1,35465	NAN	
10,68	0,54	0,003	0	0,525	0	-1,34985	NAN	
10,69	0,55	0,0035	0,0015	0,51	0	-1,344675	NAN	
10,7	0,56	0,0035	0,0015	0,45	0	-1,339875	NAN	
10,71	0,565	0,0045	0,0015	0,6	0	-1,334625	NAN	
10,72	0,575	0,0045	0,0015	0,405	0	-1,3296	NAN	
10,73	0,58	0,005	0,0015	0,66	0	-1,324275	NAN	
10,74	0,59	0,0055	0	0,39	0	-1,319025	NAN	
10,75	0,6	0,006	0,003	0,675	0	-1,3137	NAN	
10,76	0,605	0,0065	0	0,39	0	-1,308375	NAN	
10,77	0,615	0,007	0,0015	0,675	0	-1,30305	NAN	
10,78	0,62	0,0075	0	0,39	0	-1,297725	NAN	
10,79	0,63	0,0075	0,0015	0,69	0	-1,292325	NAN	
10,8	0,64	0,008	0	0,45	0	-1,286625	NAN	
10,81	0,645	0,0085	0,0015	0,705	0	-1,28085	NAN	
10,82	0,655	0,0085	0,0015	0,495	0	-1,27485	NAN	
10,83	0,66	0,0095	0,0015	0,675	0	-1,269	NAN	
10,84	0,67	0,0095	0,003	0,525	0	-1,263	NAN	
10,85	0,68	0,01	0,0015	0,645	0	-1,25715	NAN	
10,86	0,685	0,0105	0,0015	0,585	0	-1,251	NAN	
10,87	0,695	0,011	0,0015	0,585	0	-1,24515	NAN	
10,88	0,7	0,0115	0	0,675	0	-1,23885	NAN	
10,89	0,71	0,012	0,003	0,51	0	-1,232925	NAN	
10,9	0,72	0,012	0,0015	0,735	0	-1,2267	NAN	
10,91	0,725	0,0125	0	0,48	0	-1,220625	NAN	
10,92	0,735	0,0125	0,0015	0,765	0	-1,2144	NAN	
10,93	0,74	0,0135	0,0015	0,48	0	-1,208175	NAN	
10,94	0,75	0,0135	0,003	0,75	0	-1,202025	NAN	
10,95	0,76	0,014	0,0015	0,465	0	-1,19595	NAN	
10,96	0,765	0,0145	0,0015	0,75	0	-1,189875	NAN	
10,97	0,775	0,015	0,0015	0,48	0	-1,183725	NAN	
10,98	0,78	0,015	0,0015	0,75	0	-1,177575	NAN	
10,99	0,79	0,0155	0,0015	0,51	0	-1,171275	NAN	
11	0,8	0,016	0,0015	0,765	0	-1,1649	NAN	
11,01	0,805	0,016	0,0015	0,555	0	-1,1583	NAN	
11,02	0,815	0,0165	0	0,75	0	-1,151775	NAN	
11,03	0,82	0,0165	0,0015	0,585	0	-1,1451	NAN	
11,04	0,83	0,017	0,0015	0,69	0	-1,138725	NAN	
11,05	0,84	0,0175	0	0,645	0	-1,13205	NAN	
11,06	0,845	0,018	0	0,615	0	-1,12575	NAN	
11,07	0,855	0,018	0,0015	0,72	0	-1,119075	NAN	
11,08	0,86	0,0185	0,0015	0,57	0	-1,112625	NAN	
11,09	0,87	0,019	0,0015	0,81	0	-1,105725	NAN	
11,1	0,88	0,019	0,0015	0,555	0	-1,0989	NAN	
11,11	0,885	0,0195	0,0015	0,84	0	-1,091925	NAN	
11,12	0,895	0,0195	0,0015	0,57	0	-1,084875	NAN	
11,13	0,9	0,02	0,0015	0,84	0	-1,077825	NAN	
11,14	0,91	0,0205	0,0015	0,555	0	-1,07085	NAN	
11,15	0,92	0,0205	0,0015	0,84	0	-1,063875	NAN	
11,16	0,925	0,021	0,0015	0,585	0	-1,05675	NAN	
11,17	0,935	0,0215	0,0015	0,87	0	-1,049475	NAN	
11,18	0,94	0,0215	0,0015	0,63	0	-1,041975	NAN	
11,19	0,95	0,022	0,0015	0,87	0	-1,034475	NAN	
11,2	0,96	0,0225	0,003	0,66	0	-1,026825	NAN	
11,21	0,965	0,0225	0,0015	0,855	0	-1,01925	NAN	
11,22	0,975	0,0225	0,0015	0,705	0	-1,01145	NAN	
11,23	0,98	0,0235	0,0015	0,825	0	-1,0038	NAN	
11,24	0,99	0,0235	0,0015	0,765	0	-0,99585	NAN	
11,25	1	0,0235	0,0015	0,81	0	-0,987975	NAN	
11,26	1,005	0,024	0,0015	0,87	0	-0,979575	NAN	
11,27	1,015	0,025	0	0,765	0	-0,9714	NAN	
11,28	1,02	0,0245	0,0015	0,915	0	-0,963	NAN	
11,29	1,03	0,025	0,0015	0,705	0	-0,9549	NAN	
11,3	1,04	0,0255	0,0015	0,93	0	-0,946725	NAN	
11,31	1,045	0,026	0,0015	0,66	0	-0,938775	NAN	
11,32	1,055	0,026	0,0015	0,945	0	-0,93075	NAN	
11,33	1,06	0,0265	0,0015	0,675	0	-0,92265	NAN	
11,34	1,07	0,0265	0	0,96	0	-0,914475	NAN	
11,35	1,08	0,027	0,0015	0,69	0	-0,906225	NAN	
11,36	1,085	0,0275	0,0015	0,975	0	-0,8979	NAN	
11,37	1,095	0,0275	0,0015	0,69	0	-0,889575	NAN	
11,38	1,1	0,028	0	0,96	0	-0,881325	NAN	
11,39	1,11	0,028	0,0015	0,705	0	-0,873	NAN	
11,4	1,12	0,0285	0,003	0,96	0	-0,864675	NAN	
11,41	1,125	0,029	0,0015	0,72	0	-0,856275	NAN	
11,42	1,135	0,029	0,0015	0,975	0	-0,8478	NAN	
11,43	1,14	0,0295	0,0015	0,765	0	-0,8391	NAN	
11,44	1,15	0,0295	0,0015	0,96	0	-0,830475	NAN	
11,45	1,16	0,03	0,0015	0,795	0	-0,8217	NAN	
11,46	1,165	0,0305	0,0015	0,93	0	-0,813075	NAN	
11,47	1,175	0,0305	0,0015	0,81	0	-0,804375	NAN	
11,48	1,18	0,031	0,0015	0,87	0	-0,795975	NAN	
11,49	1,19	0,031	0,0015	0,87	0	-0,787275	NAN	
11,5	1,2	0,0315	0,0015	0,87	0	-0,778575	NAN	
11,51	1,205	0,0315	0	0,93	0	-0,769575	NAN	
11,52	1,215	0,032	0,0015	0,855	0	-0,76065	NAN	
11,53	1,22	0,0325	0,003	0,975	0	-0,7515	NAN	
11,54	1,23	0,033	0,003	0,795	0	-0,74265	NAN	
11,55	1,24	0,033	0,0015	1,02	0	-0,733575	NAN	
11,56	1,245	0,0335	0,0015	0,78	0	-0,724575	NAN	
11,57	1,255	0,0335	0	1,05	0	-0,715425	NAN	
11,58	1,26	0,034	0,0015	0,795	0	-0,7062	NAN	
11,59	1,27	0,0345	0,0015	1,095	0	-0,69675	NAN	
11,6	1,28	0,0345	0,0015	0,81	0	-0,687225	NAN	
11,61	1,285	0,035	0	1,095	0	-0,6777	NAN	
11,62	1,295	0,035	0,003	0,825	0	-0,6681	NAN	
11,63	1,3	0,0355	0,0015	1,095	0	-0,6585	NAN	
11,64	1,31	0,036	0	0,825	0	-0,6489	NAN	
11,65	1,32	0,0365	0,0015	1,095	0	-0,6393	NAN	
11,66	1,325	0,0365	0,003	0,825	0	-0,6297	NAN	
11,67	1,335	0,037	0,0015	1,125	0	-0,61995	NAN	
11,68	1,34	0,0375	0,0015	0,855	0	-0,61005	NAN	
11,69	1,35	0,0375	0,0015	1,14	0	-0,600075	NAN	
11,7	1,36	0,038	0	0,87	0	-0,590025	NAN	
11,71	1,365	0,0385	0,0015	1,14	0	-0,579975	NAN	
11,72	1,375	0,0385	0,0015	0,87	0	-0,569925	NAN	
11,73	1,38	0,039	0,0015	1,125	0	-0,55995	NAN	
11,74	1,39	0,038	0	0,885	0	-0,5499	NAN	
11,75	1,4	0,0395	0,003	1,155	0	-0,5397	NAN	
11,76	1,405	0,04	0,0015	0,915	0	-0,52935	NAN	
11,77	1,415	0,0405	0	1,185	0	-0,51885	NAN	
11,78	1,42	0,041	0,0015	0,945	0	-0,5082	NAN	
11,79	1,43	0,0425	0,0015	1,185	0	-0,49755	NAN	
11,8	1,44	0,0415	0,003	0,945	0	-0,4869	NAN	
11,81	1,445	0,042	0,0015	1,17	0	-0,476325	NAN	
11,82	1,455	0,0425	0	0,96	0	-0,465675	NAN	
11,83	1,46	0,0425	0,0015	1,185	0	-0,45495	NAN	
11,84	1,47	0,043	0,0015	0,96	0	-0,444225	NAN	
11,85	1,48	0,0435	0,0015	1,2	0	-0,433425	NAN	
11,86	1,485	0,044	0	1,005	0	-0,4224	NAN	
11,87	1,495	0,044	0,0015	1,215	0	-0,4113	NAN	
11,88	1,5	0,0445	0	1,005	0	-0,4002	NAN	
11,89	1,51	0,045	0,0015	1,215	0	-0,3891	NAN	
11,9	1,52	0,0455	0,0015	1,02	0	-0,377925	NAN	
11,91	1,525	0,046	0,0015	1,2	0	-0,366825	NAN	
11,92	1,535	0,046	0,0015	1,035	0	-0,35565	NAN	
11,93	1,54	0,0465	0	1,2	0	-0,344475	NAN	
11,94	1,55	0,047	0,0015	1,035	0	-0,3333	NAN	
11,95	1,56	0,0475	0,0015	1,23	0	-0,321975	NAN	
11,96	1,565	0,048	0,0015	1,05	0	-0,310575	NAN	
11,97	1,575	0,0485	0,0015	1,245	0	-0,2991	NAN	
11,98	1,58	0,0485	0,0015	1,065	0	-0,28755	NAN	
11,99	1,59	0,049	0,0015	1,245	0	-0,276	NAN	
12	1,6	0,0495	0	1,065	0	-0,26445	NAN	
12,01	1,605	0,05	0,0015	1,245	0	-0,2529	NAN	
12,02	1,615	0,0505	0,0015	1,065	0	-0,24135	NAN	
12,03	1,62	0,0505	0,003	1,245	0	-0,2298	NAN	
12,04	1,63	0,051	0,0015	1,065	0	-0,21825	NAN	
12,05	1,64	0,0515	0	1,275	0	-0,20655	NAN	
12,06	1,645	0,052	0,0015	1,095	0	-0,1947	NAN	
12,07	1,655	0,0525	0,0015	1,29	0	-0,182775	NAN	
12,08	1,66	0,053	0,0015	1,08	0	-0,170925	NAN	
12,09	1,67	0,0535	0	1,29	0	-0,159075	NAN	
12,1	1,68	0,054	0,0015	1,065	0	-0,1473	NAN	
12,11	1,685	0,0545	0	1,29	0	-0,135525	NAN	
12,12	1,695	0,055	0,0015	1,08	0	-0,123675	NAN	
12,13	1,7	0,0555	0,0015	1,32	0	-0,111675	NAN	
12,14	1,71	0,056	0,0015	1,08	0	-0,099675	NAN	
12,15	1,72	0,0565	0,003	1,335	0	-0,0876	NAN	
12,16	1,725	0,057	0,0015	1,08	0	-0,075525	NAN	
12,17	1,735	0,0575	0,0015	1,32	0	-0,063525	NAN	
12,18	1,74	0,058	0,0015	1,05	0	-0,051675	NAN	
12,19	1,75	0,0585	0	1,32	0	-0,039825	NAN	
12,2	1,76	0,059	0,0015	1,065	0	-0,0279	NAN	
12,21	1,765	0,0595	0,0015	1,335	0	-0,0159	NAN	
12,22	1,775	0,06	0	1,08	0	-0,003825	NAN	
12,23	1,78	0,0605	0,0015	1,365	0	0,0084	NAN	
12,24	1,79	0,0615	0,003	1,08	0	0,020625	NAN	
12,25	1,8	0,0615	0,003	1,335	0	0,0327	NAN	
12,26	1,805	0,0625	0,0015	1,065	0	0,0447	NAN	
12,27	1,815	0,063	0	1,35	0	0,056775	NAN	
12,28	1,82	0,0635	0,0015	1,065	0	0,06885	NAN	
12,29	1,83	0,064	0	1,365	0	0,081	NAN	
12,3	1,84	0,0645	0,0015	1,095	0	0,0933	NAN	
12,31	1,845	0,0655	0,0015	1,365	0	0,1056	NAN	
12,32	1,855	0,066	0,0015	1,095	0	0,1179	NAN	
12,33	1,86	0,0665	0,0015	1,35	0	0,130125	NAN	
12,34	1,87	0,067	0,0015	1,095	0	0,14235	NAN	
12,35	1,88	0,0675	0,0015	1,305	0	0,15435	NAN	
12,36	1,885	0,0685	0,0015	1,11	0	0,166425	NAN	
12,37	1,895	0,069	0,0015	1,275	0	0,17835	NAN	
12,38	1,9	0,0695	0,0015	1,155	0	0,1905	NAN	
12,39	1,91	0,0705	0	1,245	0	0,2025	NAN	
12,4	1,92	0,0715	0,0015	1,215	0	0,2148	NAN	
12,41	1,925	0,0715	0,0015	1,185	0	0,2268	NAN	
12,42	1,935	0,073	0,0015	1,26	0	0,239025	NAN	
12,43	1,94	0,0735	0	1,155	0	0,2511	NAN	
12,44	1,95	0,074	0,0015	1,305	0	0,2634	NAN	
12,45	1,96	0,075	0,0015	1,14	0	0,275625	NAN	
12,46	1,965	0,0755	0,0015	1,335	0	0,288	NAN	
12,47	1,975	0,0765	0	1,125	0	0,3003	NAN	
12,48	1,98	0,077	0,0015	1,365	0	0,31275	NAN	
12,49	1,99	0,078	0,0015	1,11	0	0,325125	NAN	
12,5	2	0,079	0,0015	1,365	0	0,3375	NAN	
