MIN=0	-10	-1	0	0	-1	-2	0	
MAX=12,5	10	1	2,1	21	1	2	50	
SCALE=5	5	0,5	1	10	0,5	1	10	
DEC=2	2	3	3	2	2	2	2	
DEF="Zeit" t / s	"Spannung" U_1 / V	"Strom" I_1 / A	"Strom" I_A2 / A	"Spannung" U_B2 / V	"Leistungsfaktor" cos&j_2	"Magnetischer Fluss" &F / Vs	"Frequenz" f / Hz	
0	0	0,001	0	0,045	0	0	NAN	
0,01	0,005	0,001	0	0,09	0	0,000675	NAN	
0,02	0,015	0,001	0	0,075	0	0,0015	NAN	
0,03	0,02	0,001	0	0,045	0	0,0021	NAN	
0,04	0,03	0,001	0	-0,075	0	0,00195	NAN	
0,05	0,04	0,0015	0	-0,045	0	0,00135	NAN	
0,06	0,045	0,0015	-0,0015	0	0	0,001125	NAN	
0,07	0,055	0,0015	0	0,105	0	0,00165	NAN	
0,08	0,06	0,0015	0	0,15	0	0,002925	NAN	
0,09	0,07	0,002	0	0,135	0	0,00435	NAN	
0,1	0,08	0,0025	0	0,075	0	0,0054	NAN	
0,11	0,085	0,0025	0	-0,015	0	0,0057	NAN	
0,12	0,095	0,0025	0	-0,03	0	0,005475	NAN	
0,13	0,1	0,003	0	0,015	0	0,0054	NAN	
0,14	0,11	0,003	0	0,135	0	0,00615	NAN	
0,15	0,12	0,0035	-0,0015	0,195	0	0,0078	NAN	
0,16	0,125	0,0035	0	0,18	0	0,009675	NAN	
0,17	0,135	0,004	0	0,15	0	0,011325	NAN	
0,18	0,14	0,0045	0	0,03	0	0,012225	NAN	
0,19	0,15	0,005	0	0,015	0	0,01245	NAN	
0,2	0,16	0,005	0	0,03	0	0,012675	NAN	
0,21	0,165	0,0055	0	0,12	0	0,013425	NAN	
0,22	0,175	0,006	0,0015	0,21	0	0,015075	NAN	
0,23	0,18	0,0065	0	0,225	0	0,01725	NAN	
0,24	0,19	0,007	0	0,18	0	0,019275	NAN	
0,25	0,2	0,007	0	0,09	0	0,020625	NAN	
0,26	0,205	0,0075	0	0,06	0	0,021375	NAN	
0,27	0,215	0,008	-0,0015	0,075	0	0,02205	NAN	
0,28	0,22	0,0085	0	0,135	0	0,0231	NAN	
0,29	0,23	0,009	0	0,24	0	0,024975	NAN	
0,3	0,24	0,0095	0	0,225	0	0,0273	NAN	
0,31	0,245	0,01	0	0,225	0	0,02955	NAN	
0,32	0,255	0,0105	-0,0015	0,12	0	0,031275	NAN	
0,33	0,26	0,011	0	0,06	0	0,032175	NAN	
0,34	0,27	0,0115	0	0,06	0	0,032775	NAN	
0,35	0,28	0,012	0,0015	0,135	0	0,03375	NAN	
0,36	0,285	0,0125	0,0015	0,255	0	0,0357	NAN	
0,37	0,295	0,013	0	0,27	0	0,038325	NAN	
0,38	0,3	0,0135	0	0,24	0	0,040875	NAN	
0,39	0,31	0,0125	0	0,15	0	0,042825	NAN	
0,4	0,32	0,0145	0	0,09	0	0,044025	NAN	
0,41	0,325	0,015	0	0,12	0	0,045075	NAN	
0,42	0,335	0,0155	0	0,195	0	0,04665	NAN	
0,43	0,34	0,016	0	0,27	0	0,048975	NAN	
0,44	0,35	0,0165	0	0,27	0	0,051675	NAN	
0,45	0,36	0,017	0	0,24	0	0,054225	NAN	
0,46	0,365	0,0175	0	0,105	0	0,05595	NAN	
0,47	0,375	0,0185	-0,0015	0,09	0	0,056925	NAN	
0,48	0,38	0,019	0	0,135	0	0,05805	NAN	
0,49	0,39	0,0195	0,0015	0,255	0	0,06	NAN	
0,5	0,4	0,02	0	0,3	0	0,062775	NAN	
0,51	0,405	0,0205	0	0,285	0	0,0657	NAN	
0,52	0,415	0,0215	0	0,195	0	0,0681	NAN	
0,53	0,42	0,0215	0,0015	0,12	0	0,069675	NAN	
0,54	0,43	0,022	0	0,15	0	0,071025	NAN	
0,55	0,44	0,023	-0,0015	0,24	0	0,072975	NAN	
0,56	0,445	0,0235	-0,0015	0,315	0	0,07575	NAN	
0,57	0,455	0,0245	0	0,315	0	0,0789	NAN	
0,58	0,46	0,025	0	0,21	0	0,081525	NAN	
0,59	0,47	0,0255	0	0,12	0	0,083175	NAN	
0,6	0,48	0,026	0	0,12	0	0,084375	NAN	
0,61	0,485	0,027	0	0,21	0	0,086025	NAN	
0,62	0,495	0,027	0	0,315	0	0,08865	NAN	
0,63	0,5	0,028	0	0,315	0	0,0918	NAN	
0,64	0,51	0,0285	0	0,24	0	0,094575	NAN	
0,65	0,52	0,029	-0,0015	0,15	0	0,096525	NAN	
0,66	0,525	0,03	-0,0015	0,18	0	0,098175	NAN	
0,67	0,535	0,0305	-0,0015	0,27	0	0,100425	NAN	
0,68	0,54	0,031	0,0015	0,33	0	0,103425	NAN	
0,69	0,55	0,032	0	0,33	0	0,106725	NAN	
0,7	0,56	0,0325	0	0,21	0	0,109425	NAN	
0,71	0,565	0,033	0	0,15	0	0,111225	NAN	
0,72	0,575	0,034	0	0,18	0	0,112875	NAN	
0,73	0,58	0,0345	0	0,3	0	0,115275	NAN	
0,74	0,59	0,035	0	0,345	0	0,1185	NAN	
0,75	0,6	0,0355	0	0,315	0	0,1218	NAN	
0,76	0,605	0,0365	0	0,165	0	0,1242	NAN	
0,77	0,615	0,037	0	0,18	0	0,125925	NAN	
0,78	0,62	0,0375	0	0,255	0	0,1281	NAN	
0,79	0,63	0,0385	-0,0015	0,36	0	0,131175	NAN	
0,8	0,64	0,039	0	0,345	0	0,1347	NAN	
0,81	0,645	0,0395	0	0,27	0	0,137775	NAN	
0,82	0,655	0,04	0	0,165	0	0,13995	NAN	
0,83	0,66	0,041	0	0,195	0	0,14175	NAN	
0,84	0,67	0,0415	0	0,33	0	0,144375	NAN	
0,85	0,68	0,042	0	0,36	0	0,147825	NAN	
0,86	0,685	0,043	0	0,33	0	0,151275	NAN	
0,87	0,695	0,0435	0	0,21	0	0,153975	NAN	
0,88	0,7	0,044	-0,0015	0,195	0	0,156	NAN	
0,89	0,71	0,045	0	0,285	0	0,1584	NAN	
0,9	0,72	0,0455	0	0,39	0	0,161775	NAN	
0,91	0,725	0,046	0,0015	0,375	0	0,1656	NAN	
0,92	0,735	0,047	0	0,255	0	0,16875	NAN	
0,93	0,74	0,0475	0	0,18	0	0,170925	NAN	
0,94	0,75	0,048	0	0,225	0	0,17295	NAN	
0,95	0,76	0,0485	0	0,36	0	0,175875	NAN	
0,96	0,765	0,0485	0	0,375	0	0,17955	NAN	
0,97	0,775	0,05	0	0,33	0	0,183075	NAN	
0,98	0,78	0,0505	0	0,195	0	0,1857	NAN	
0,99	0,79	0,0515	0	0,24	0	0,187875	NAN	
1	0,8	0,052	0	0,36	0	0,190875	NAN	
1,01	0,805	0,053	-0,0015	0,42	0	0,194775	NAN	
1,02	0,815	0,0535	0	0,375	0	0,19875	NAN	
1,03	0,82	0,054	0	0,24	0	0,201825	NAN	
1,04	0,83	0,0545	0	0,21	0	0,204075	NAN	
1,05	0,84	0,0555	0	0,285	0	0,20655	NAN	
1,06	0,845	0,056	0	0,39	0	0,209925	NAN	
1,07	0,855	0,057	0	0,39	0	0,213825	NAN	
1,08	0,86	0,0575	0	0,285	0	0,2172	NAN	
1,09	0,87	0,058	0	0,225	0	0,21975	NAN	
1,1	0,88	0,0585	0	0,255	0	0,22215	NAN	
1,11	0,885	0,0595	0	0,405	0	0,22545	NAN	
1,12	0,895	0,06	0	0,42	0	0,229575	NAN	
1,13	0,9	0,061	0	0,375	0	0,23355	NAN	
1,14	0,91	0,0615	0,0015	0,225	0	0,23655	NAN	
1,15	0,92	0,062	0	0,24	0	0,238875	NAN	
1,16	0,925	0,063	0	0,36	0	0,241875	NAN	
1,17	0,935	0,0625	-0,0015	0,42	0	0,245775	NAN	
1,18	0,94	0,064	0	0,39	0	0,249825	NAN	
1,19	0,95	0,0645	0	0,285	0	0,2532	NAN	
1,2	0,96	0,0655	0	0,255	0	0,2559	NAN	
1,21	0,965	0,066	0	0,315	0	0,25875	NAN	
1,22	0,975	0,067	0,0015	0,435	0	0,2625	NAN	
1,23	0,98	0,0675	-0,0015	0,435	0	0,26685	NAN	
1,24	0,99	0,068	0	0,345	0	0,27075	NAN	
1,25	1	0,069	0	0,24	0	0,273675	NAN	
1,26	1,005	0,0695	0	0,27	0	0,276225	NAN	
1,27	1,015	0,07	0	0,39	0	0,279525	NAN	
1,28	1,02	0,071	0	0,42	0	0,283575	NAN	
1,29	1,03	0,0715	0	0,42	0	0,287775	NAN	
1,3	1,04	0,072	0	0,27	0	0,291225	NAN	
1,31	1,045	0,073	0	0,285	0	0,294	NAN	
1,32	1,055	0,0735	0	0,375	0	0,2973	NAN	
1,33	1,06	0,074	0	0,465	0	0,3015	NAN	
1,34	1,07	0,075	0,0015	0,45	0	0,306075	NAN	
1,35	1,08	0,0755	-0,0015	0,345	0	0,31005	NAN	
1,36	1,085	0,0765	0	0,255	0	0,31305	NAN	
1,37	1,095	0,077	0	0,3	0	0,315825	NAN	
1,38	1,1	0,0775	0	0,435	0	0,3195	NAN	
1,39	1,11	0,078	0	0,465	0	0,324	NAN	
1,4	1,12	0,079	0	0,39	0	0,328275	NAN	
1,41	1,125	0,08	0	0,285	0	0,33165	NAN	
1,42	1,135	0,0805	-0,0015	0,3	0	0,334575	NAN	
1,43	1,14	0,081	-0,0015	0,39	0	0,338025	NAN	
1,44	1,15	0,0815	-0,0015	0,495	0	0,34245	NAN	
1,45	1,16	0,0825	0	0,465	0	0,34725	NAN	
1,46	1,165	0,0835	0	0,33	0	0,351225	NAN	
1,47	1,175	0,084	0	0,285	0	0,3543	NAN	
1,48	1,18	0,0845	0	0,33	0	0,357375	NAN	
1,49	1,19	0,085	0	0,465	0	0,36135	NAN	
1,5	1,2	0,086	0	0,465	0	0,366	NAN	
1,51	1,205	0,087	0	0,435	0	0,3705	NAN	
1,52	1,215	0,0875	0	0,3	0	0,374175	NAN	
1,53	1,22	0,0885	0	0,315	0	0,37725	NAN	
1,54	1,23	0,089	0	0,405	0	0,38085	NAN	
1,55	1,24	0,0895	0,0015	0,48	0	0,385275	NAN	
1,56	1,245	0,0905	0	0,48	0	0,390075	NAN	
1,57	1,255	0,091	0	0,375	0	0,39435	NAN	
1,58	1,26	0,0915	0	0,3	0	0,397725	NAN	
1,59	1,27	0,0925	0	0,345	0	0,40095	NAN	
1,6	1,28	0,093	-0,0015	0,48	0	0,405075	NAN	
1,61	1,285	0,094	0	0,495	0	0,40995	NAN	
1,62	1,295	0,0945	0	0,42	0	0,414525	NAN	
1,63	1,3	0,0955	0,0015	0,3	0	0,418125	NAN	
1,64	1,31	0,096	0	0,315	0	0,4212	NAN	
1,65	1,32	0,097	0	0,42	0	0,424875	NAN	
1,66	1,325	0,0975	0	0,51	0	0,429525	NAN	
1,67	1,335	0,0985	-0,0015	0,495	0	0,43455	NAN	
1,68	1,34	0,099	0	0,36	0	0,438825	NAN	
1,69	1,35	0,0995	0	0,315	0	0,4422	NAN	
1,7	1,36	0,101	0	0,36	0	0,445575	NAN	
1,71	1,365	0,1015	0	0,48	0	0,449775	NAN	
1,72	1,375	0,1025	0	0,48	0	0,454575	NAN	
1,73	1,38	0,103	-0,0015	0,45	0	0,459225	NAN	
1,74	1,39	0,1035	0	0,3	0	0,462975	NAN	
1,75	1,4	0,1045	0	0,33	0	0,466125	NAN	
1,76	1,405	0,105	-0,0015	0,435	0	0,46995	NAN	
1,77	1,415	0,106	0	0,525	0	0,47475	NAN	
1,78	1,42	0,107	0	0,51	0	0,479925	NAN	
1,79	1,43	0,1075	0	0,42	0	0,484575	NAN	
1,8	1,44	0,1085	0,0015	0,315	0	0,48825	NAN	
1,81	1,445	0,1095	0	0,345	0	0,49155	NAN	
1,82	1,455	0,11	0	0,465	0	0,4956	NAN	
1,83	1,46	0,1105	0	0,495	0	0,5004	NAN	
1,84	1,47	0,1115	0	0,465	0	0,5052	NAN	
1,85	1,48	0,112	0	0,345	0	0,50925	NAN	
1,86	1,485	0,113	0	0,315	0	0,51255	NAN	
1,87	1,495	0,1135	0	0,39	0	0,516075	NAN	
1,88	1,5	0,1145	0	0,525	0	0,52065	NAN	
1,89	1,51	0,1155	-0,0015	0,525	0	0,5259	NAN	
1,9	1,52	0,116	-0,0015	0,435	0	0,5307	NAN	
1,91	1,525	0,117	0	0,345	0	0,5346	NAN	
1,92	1,535	0,1175	0	0,345	0	0,53805	NAN	
1,93	1,54	0,1185	0	0,45	0	0,542025	NAN	
1,94	1,55	0,1195	0	0,51	0	0,546825	NAN	
1,95	1,56	0,12	0	0,48	0	0,551775	NAN	
1,96	1,565	0,121	0	0,36	0	0,555975	NAN	
1,97	1,575	0,1215	0	0,33	0	0,559425	NAN	
1,98	1,58	0,1225	0	0,375	0	0,56295	NAN	
1,99	1,59	0,123	-0,0015	0,495	0	0,5673	NAN	
2	1,6	0,124	0	0,51	0	0,572325	NAN	
2,01	1,605	0,125	0	0,48	0	0,577275	NAN	
2,02	1,615	0,1255	0	0,345	0	0,5814	NAN	
2,03	1,62	0,1265	0	0,345	0	0,58485	NAN	
2,04	1,63	0,127	0	0,435	0	0,58875	NAN	
2,05	1,64	0,128	-0,0015	0,51	0	0,593475	NAN	
2,06	1,645	0,1285	0	0,51	0	0,598575	NAN	
2,07	1,655	0,1295	0	0,42	0	0,603225	NAN	
2,08	1,66	0,1305	0	0,315	0	0,6069	NAN	
2,09	1,67	0,131	0	0,375	0	0,61035	NAN	
2,1	1,68	0,132	0	0,51	0	0,614775	NAN	
2,11	1,685	0,1325	0	0,54	0	0,620025	NAN	
2,12	1,695	0,1335	0	0,495	0	0,6252	NAN	
2,13	1,7	0,134	0	0,375	0	0,62955	NAN	
2,14	1,71	0,1355	0	0,345	0	0,63315	NAN	
2,15	1,72	0,136	0	0,39	0	0,636825	NAN	
2,16	1,725	0,1365	0	0,525	0	0,6414	NAN	
2,17	1,735	0,1375	0	0,525	0	0,64665	NAN	
2,18	1,74	0,138	0	0,435	0	0,65145	NAN	
2,19	1,75	0,139	0	0,345	0	0,65535	NAN	
2,2	1,76	0,1395	0	0,36	0	0,658875	NAN	
2,21	1,765	0,1405	-0,0015	0,465	0	0,663	NAN	
2,22	1,775	0,1415	0	0,54	0	0,668025	NAN	
2,23	1,78	0,142	0	0,525	0	0,67335	NAN	
2,24	1,79	0,143	0	0,39	0	0,677925	NAN	
2,25	1,8	0,1435	0	0,345	0	0,6816	NAN	
2,26	1,805	0,1445	0	0,39	0	0,685275	NAN	
2,27	1,815	0,1455	-0,0015	0,51	0	0,689775	NAN	
2,28	1,82	0,146	0	0,54	0	0,695025	NAN	
2,29	1,83	0,147	0	0,495	0	0,7002	NAN	
2,3	1,84	0,1475	0,0015	0,345	0	0,7044	NAN	
2,31	1,845	0,148	0,0015	0,36	0	0,707925	NAN	
2,32	1,855	0,149	0	0,435	0	0,7119	NAN	
2,33	1,86	0,1495	0	0,555	0	0,71685	NAN	
2,34	1,87	0,1505	0	0,555	0	0,7224	NAN	
2,35	1,88	0,151	-0,0015	0,495	0	0,72765	NAN	
2,36	1,885	0,1515	0	0,36	0	0,731925	NAN	
2,37	1,895	0,1525	0	0,375	0	0,7356	NAN	
2,38	1,9	0,153	-0,0015	0,48	0	0,739875	NAN	
2,39	1,91	0,1535	0	0,54	0	0,744975	NAN	
2,4	1,92	0,154	0	0,525	0	0,7503	NAN	
2,41	1,925	0,1545	0	0,465	0	0,75525	NAN	
2,42	1,935	0,155	0,0015	0,375	0	0,75945	NAN	
2,43	1,94	0,1555	0	0,42	0	0,763425	NAN	
2,44	1,95	0,156	-0,0015	0,57	0	0,768375	NAN	
2,45	1,96	0,1565	0	0,6	0	0,774225	NAN	
2,46	1,965	0,1575	0	0,54	0	0,779925	NAN	
2,47	1,975	0,158	0	0,435	0	0,7848	NAN	
2,48	1,98	0,159	0	0,39	0	0,788925	NAN	
2,49	1,99	0,159	0	0,435	0	0,79305	NAN	
2,5	2	0,1615	0	0,57	0	0,798075	NAN	
2,51	1,995	0,1605	0	0,57	0	0,803775	NAN	
2,52	1,985	0,161	0	0,495	0	0,8091	NAN	
2,53	1,98	0,1615	0	0,375	0	0,81345	NAN	
2,54	1,97	0,1625	0	0,36	0	0,817125	NAN	
2,55	1,96	0,163	0	0,42	0	0,821025	NAN	
2,56	1,955	0,163	-0,0015	0,54	0	0,825825	NAN	
2,57	1,945	0,1635	0	0,525	0	0,83115	NAN	
2,58	1,94	0,1635	0	0,42	0	0,835875	NAN	
2,59	1,93	0,1635	0	0,3	0	0,839475	NAN	
2,6	1,92	0,1635	-0,0015	0,315	0	0,84255	NAN	
2,61	1,915	0,163	0	0,39	0	0,846075	NAN	
2,62	1,905	0,1635	-0,0015	0,465	0	0,85035	NAN	
2,63	1,9	0,1635	0	0,45	0	0,854925	NAN	
2,64	1,89	0,1645	0	0,345	0	0,8589	NAN	
2,65	1,88	0,1645	0	0,255	0	0,8619	NAN	
2,66	1,875	0,165	-0,0015	0,27	0	0,864525	NAN	
2,67	1,865	0,1655	0	0,345	0	0,8676	NAN	
2,68	1,86	0,166	-0,0015	0,42	0	0,871425	NAN	
2,69	1,85	0,1665	0,0015	0,39	0	0,875475	NAN	
2,7	1,84	0,1665	0	0,255	0	0,8787	NAN	
2,71	1,835	0,167	0	0,165	0	0,8808	NAN	
2,72	1,825	0,1675	0	0,165	0	0,88245	NAN	
2,73	1,82	0,1675	0	0,255	0	0,88455	NAN	
2,74	1,81	0,168	0	0,33	0	0,887475	NAN	
2,75	1,8	0,168	0	0,315	0	0,8907	NAN	
2,76	1,795	0,1685	0	0,21	0	0,893325	NAN	
2,77	1,785	0,1685	0	0,12	0	0,894975	NAN	
2,78	1,78	0,169	-0,0015	0,12	0	0,896175	NAN	
2,79	1,77	0,1695	-0,0015	0,195	0	0,89775	NAN	
2,8	1,76	0,1695	-0,0015	0,285	0	0,90015	NAN	
2,81	1,755	0,1695	0	0,27	0	0,902925	NAN	
2,82	1,745	0,1695	0	0,18	0	0,905175	NAN	
2,83	1,74	0,17	0	0,06	0	0,906375	NAN	
2,84	1,73	0,17	0	0,045	0	0,9069	NAN	
2,85	1,72	0,1705	0	0,105	0	0,90765	NAN	
2,86	1,715	0,1705	0	0,21	0	0,909225	NAN	
2,87	1,705	0,1705	0	0,195	0	0,91125	NAN	
2,88	1,7	0,171	0,0015	0,165	0	0,91305	NAN	
2,89	1,69	0,171	0	0,045	0	0,9141	NAN	
2,9	1,68	0,171	-0,0015	-0,015	0	0,91425	NAN	
2,91	1,675	0,171	0	0,015	0	0,91425	NAN	
2,92	1,665	0,171	0	0,135	0	0,915	NAN	
2,93	1,66	0,171	0	0,165	0	0,9165	NAN	
2,94	1,65	0,171	0	0,135	0	0,918	NAN	
2,95	1,64	0,171	0	0,075	0	0,91905	NAN	
2,96	1,635	0,171	0	-0,075	0	0,91905	NAN	
2,97	1,625	0,171	0	-0,075	0	0,9183	NAN	
2,98	1,62	0,1715	0	0	0	0,917925	NAN	
2,99	1,61	0,171	0	0,105	0	0,91845	NAN	
3	1,6	0,171	0	0,12	0	0,919575	NAN	
3,01	1,595	0,1715	0,0015	0,09	0	0,920625	NAN	
3,02	1,585	0,171	0	-0,045	0	0,92085	NAN	
3,03	1,58	0,171	0	-0,105	0	0,9201	NAN	
3,04	1,57	0,171	0	-0,12	0	0,918975	NAN	
3,05	1,56	0,1705	0	-0,06	0	0,918075	NAN	
3,06	1,555	0,1705	0	0,075	0	0,91815	NAN	
3,07	1,545	0,17	-0,0015	0,075	0	0,9189	NAN	
3,08	1,54	0,17	0	0,045	0	0,9195	NAN	
3,09	1,53	0,1695	0	-0,045	0	0,9195	NAN	
3,1	1,52	0,169	0	-0,165	0	0,91845	NAN	
3,11	1,515	0,1685	0	-0,135	0	0,91695	NAN	
3,12	1,505	0,1685	-0,0015	-0,09	0	0,915825	NAN	
3,13	1,5	0,168	0	0,015	0	0,91545	NAN	
3,14	1,49	0,1675	0	0,03	0	0,915675	NAN	
3,15	1,48	0,1665	-0,0015	0,03	0	0,915975	NAN	
3,16	1,475	0,1665	0	-0,06	0	0,915825	NAN	
3,17	1,465	0,166	0,0015	-0,15	0	0,914775	NAN	
3,18	1,46	0,1655	0	-0,165	0	0,9132	NAN	
3,19	1,45	0,165	-0,0015	-0,135	0	0,9117	NAN	
3,2	1,44	0,1645	0,0015	-0,045	0	0,9108	NAN	
3,21	1,435	0,164	0	0,015	0	0,91065	NAN	
3,22	1,425	0,1625	0	0	0	0,910725	NAN	
3,23	1,42	0,163	0	0	0	0,910725	NAN	
3,24	1,41	0,1625	0	-0,15	0	0,909975	NAN	
3,25	1,4	0,162	0	-0,18	0	0,908325	NAN	
3,26	1,395	0,1615	0	-0,195	0	0,90645	NAN	
3,27	1,385	0,161	0	-0,15	0	0,904725	NAN	
3,28	1,38	0,1605	0	-0,015	0	0,9039	NAN	
3,29	1,37	0,1595	0	0	0	0,903825	NAN	
3,3	1,36	0,159	-0,0015	0	0	0,903825	NAN	
3,31	1,355	0,1585	0	-0,06	0	0,903525	NAN	
3,32	1,345	0,158	0	-0,21	0	0,902175	NAN	
3,33	1,34	0,157	0	-0,21	0	0,900075	NAN	
3,34	1,33	0,1565	0	-0,195	0	0,89805	NAN	
3,35	1,32	0,156	-0,0015	-0,12	0	0,896475	NAN	
3,36	1,315	0,1555	0	-0,03	0	0,895725	NAN	
3,37	1,305	0,155	-0,0015	-0,03	0	0,895425	NAN	
3,38	1,3	0,154	0	-0,045	0	0,89505	NAN	
3,39	1,29	0,1535	0	-0,09	0	0,894375	NAN	
3,4	1,28	0,153	0	-0,225	0	0,8928	NAN	
3,41	1,275	0,1535	0	-0,225	0	0,89055	NAN	
3,42	1,265	0,1515	0	-0,21	0	0,888375	NAN	
3,43	1,26	0,151	0	-0,135	0	0,88665	NAN	
3,44	1,25	0,1505	0	-0,015	0	0,8859	NAN	
3,45	1,24	0,1495	0	-0,03	0	0,885675	NAN	
3,46	1,235	0,149	0	-0,06	0	0,885225	NAN	
3,47	1,225	0,148	0	-0,09	0	0,884475	NAN	
3,48	1,22	0,1475	-0,0015	-0,21	0	0,882975	NAN	
3,49	1,21	0,147	0	-0,24	0	0,880725	NAN	
3,5	1,2	0,146	0	-0,225	0	0,8784	NAN	
3,51	1,195	0,1455	0	-0,165	0	0,87645	NAN	
3,52	1,185	0,1445	0	-0,045	0	0,8754	NAN	
3,53	1,18	0,144	-0,0015	-0,015	0	0,8751	NAN	
3,54	1,17	0,1435	0	-0,06	0	0,874725	NAN	
3,55	1,16	0,1425	0	-0,09	0	0,873975	NAN	
3,56	1,155	0,142	0	-0,24	0	0,872325	NAN	
3,57	1,145	0,141	0	-0,24	0	0,869925	NAN	
3,58	1,14	0,1405	0	-0,24	0	0,867525	NAN	
3,59	1,13	0,14	0	-0,195	0	0,86535	NAN	
3,6	1,12	0,139	0	-0,09	0	0,863925	NAN	
3,61	1,115	0,1385	0	-0,045	0	0,86325	NAN	
3,62	1,105	0,1375	0	-0,06	0	0,862725	NAN	
3,63	1,1	0,137	0	-0,09	0	0,861975	NAN	
3,64	1,09	0,136	0	-0,21	0	0,860475	NAN	
3,65	1,08	0,1355	0	-0,255	0	0,85815	NAN	
3,66	1,075	0,1345	0	-0,255	0	0,8556	NAN	
3,67	1,065	0,134	-0,0015	-0,24	0	0,853125	NAN	
3,68	1,06	0,133	0	-0,15	0	0,851175	NAN	
3,69	1,05	0,132	0	-0,06	0	0,850125	NAN	
3,7	1,04	0,132	0	-0,045	0	0,8496	NAN	
3,71	1,035	0,131	0	-0,075	0	0,849	NAN	
3,72	1,025	0,1305	-0,0015	-0,165	0	0,8478	NAN	
3,73	1,02	0,13	0	-0,225	0	0,84585	NAN	
3,74	1,01	0,129	0	-0,27	0	0,843375	NAN	
3,75	1	0,128	0,0015	-0,285	0	0,8406	NAN	
3,76	0,995	0,1275	-0,0015	-0,225	0	0,83805	NAN	
3,77	0,985	0,1265	0	-0,12	0	0,836325	NAN	
3,78	0,98	0,126	0	-0,06	0	0,835425	NAN	
3,79	0,97	0,125	0	-0,075	0	0,83475	NAN	
3,8	0,96	0,1245	0	-0,12	0	0,833775	NAN	
3,81	0,955	0,1235	0	-0,165	0	0,83235	NAN	
3,82	0,945	0,123	0	-0,3	0	0,830025	NAN	
3,83	0,94	0,1225	0	-0,285	0	0,8271	NAN	
3,84	0,93	0,1215	0	-0,285	0	0,82425	NAN	
3,85	0,92	0,121	0	-0,21	0	0,821775	NAN	
3,86	0,915	0,12	0	-0,075	0	0,82035	NAN	
3,87	0,905	0,1195	0	-0,075	0	0,8196	NAN	
3,88	0,9	0,1185	-0,0015	-0,09	0	0,818775	NAN	
3,89	0,89	0,118	0	-0,135	0	0,81765	NAN	
3,9	0,88	0,117	0	-0,24	0	0,815775	NAN	
3,91	0,875	0,1165	0	-0,315	0	0,813	NAN	
3,92	0,865	0,1155	0	-0,315	0	0,80985	NAN	
3,93	0,86	0,115	0	-0,285	0	0,80685	NAN	
3,94	0,85	0,1145	0	-0,165	0	0,8046	NAN	
3,95	0,84	0,1135	0	-0,09	0	0,803325	NAN	
3,96	0,835	0,113	-0,0015	-0,09	0	0,802425	NAN	
3,97	0,825	0,112	0	-0,09	0	0,801525	NAN	
3,98	0,82	0,1115	0	-0,135	0	0,8004	NAN	
3,99	0,81	0,1105	0	-0,24	0	0,798525	NAN	
4	0,8	0,11	0	-0,345	0	0,7956	NAN	
4,01	0,795	0,109	0	-0,33	0	0,792225	NAN	
4,02	0,785	0,1085	0	-0,27	0	0,789225	NAN	
4,03	0,78	0,108	0	-0,21	0	0,786825	NAN	
4,04	0,77	0,107	0	-0,105	0	0,78525	NAN	
4,05	0,76	0,1065	-0,0015	-0,105	0	0,7842	NAN	
4,06	0,755	0,1055	-0,0015	-0,105	0	0,78315	NAN	
4,07	0,745	0,105	0	-0,135	0	0,78195	NAN	
4,08	0,74	0,104	0	-0,3	0	0,779775	NAN	
4,09	0,73	0,1035	-0,0015	-0,345	0	0,77655	NAN	
4,1	0,72	0,1025	0	-0,345	0	0,7731	NAN	
4,11	0,715	0,102	0	-0,3	0	0,769875	NAN	
4,12	0,705	0,1015	0	-0,225	0	0,76725	NAN	
4,13	0,7	0,1005	-0,0015	-0,135	0	0,76545	NAN	
4,14	0,69	0,1	0	-0,09	0	0,764325	NAN	
4,15	0,68	0,099	0	-0,075	0	0,7635	NAN	
4,16	0,675	0,0985	0,0015	-0,165	0	0,7623	NAN	
4,17	0,665	0,0975	-0,0015	-0,225	0	0,76035	NAN	
4,18	0,66	0,097	0	-0,36	0	0,757425	NAN	
4,19	0,65	0,096	0	-0,345	0	0,7539	NAN	
4,2	0,64	0,0955	0	-0,33	0	0,750525	NAN	
4,21	0,635	0,095	0	-0,285	0	0,74745	NAN	
4,22	0,625	0,094	0,0015	-0,135	0	0,74535	NAN	
4,23	0,62	0,0935	0	-0,105	0	0,74415	NAN	
4,24	0,61	0,093	0,0015	-0,105	0	0,7431	NAN	
4,25	0,6	0,0935	-0,0015	-0,135	0	0,7419	NAN	
4,26	0,595	0,0915	0	-0,225	0	0,7401	NAN	
4,27	0,585	0,091	0	-0,3	0	0,737475	NAN	
4,28	0,58	0,09	0	-0,375	0	0,7341	NAN	
4,29	0,57	0,0895	0	-0,375	0	0,73035	NAN	
4,3	0,56	0,0885	-0,0015	-0,33	0	0,726825	NAN	
4,31	0,555	0,088	0,0015	-0,255	0	0,7239	NAN	
4,32	0,545	0,087	-0,0015	-0,12	0	0,722025	NAN	
4,33	0,54	0,0865	0	-0,12	0	0,720825	NAN	
4,34	0,53	0,0855	0,0015	-0,135	0	0,71955	NAN	
4,35	0,52	0,085	0	-0,165	0	0,71805	NAN	
4,36	0,515	0,0845	0	-0,27	0	0,715875	NAN	
4,37	0,505	0,0835	0	-0,36	0	0,712725	NAN	
4,38	0,5	0,083	0	-0,405	0	0,7089	NAN	
4,39	0,49	0,0825	0	-0,375	0	0,705	NAN	
4,4	0,48	0,0815	0	-0,315	0	0,70155	NAN	
4,41	0,475	0,081	0	-0,24	0	0,698775	NAN	
4,42	0,465	0,08	-0,0015	-0,135	0	0,6969	NAN	
4,43	0,46	0,0795	0	-0,15	0	0,695475	NAN	
4,44	0,45	0,079	0	-0,15	0	0,693975	NAN	
4,45	0,44	0,0785	0	-0,165	0	0,6924	NAN	
4,46	0,435	0,0775	0	-0,3	0	0,690075	NAN	
4,47	0,425	0,077	0	-0,39	0	0,686625	NAN	
4,48	0,42	0,0765	0	-0,405	0	0,68265	NAN	
4,49	0,41	0,0755	0	-0,375	0	0,67875	NAN	
4,5	0,4	0,0745	0	-0,345	0	0,67515	NAN	
4,51	0,395	0,074	0	-0,315	0	0,67185	NAN	
4,52	0,385	0,0735	0	-0,165	0	0,66945	NAN	
4,53	0,38	0,0725	-0,0015	-0,15	0	0,667875	NAN	
4,54	0,37	0,072	0	-0,15	0	0,666375	NAN	
4,55	0,36	0,071	0	-0,195	0	0,66465	NAN	
4,56	0,355	0,0705	-0,0015	-0,27	0	0,662325	NAN	
4,57	0,345	0,07	0	-0,33	0	0,659325	NAN	
4,58	0,34	0,0695	-0,0015	-0,42	0	0,655575	NAN	
4,59	0,33	0,0685	0	-0,42	0	0,651375	NAN	
4,6	0,32	0,068	-0,0015	-0,405	0	0,64725	NAN	
4,61	0,315	0,0675	0,0015	-0,375	0	0,64335	NAN	
4,62	0,305	0,0665	0	-0,24	0	0,640275	NAN	
4,63	0,3	0,066	0	-0,195	0	0,6381	NAN	
4,64	0,29	0,065	-0,0015	-0,18	0	0,636225	NAN	
4,65	0,28	0,0645	0	-0,18	0	0,634425	NAN	
4,66	0,275	0,064	-0,0015	-0,18	0	0,632625	NAN	
4,67	0,265	0,063	0	-0,21	0	0,630675	NAN	
4,68	0,26	0,0625	0	-0,345	0	0,6279	NAN	
4,69	0,25	0,062	-0,0015	-0,42	0	0,624075	NAN	
4,7	0,24	0,0615	0	-0,45	0	0,619725	NAN	
4,71	0,235	0,0605	0	-0,435	0	0,6153	NAN	
4,72	0,225	0,06	0	-0,42	0	0,611025	NAN	
4,73	0,22	0,059	0	-0,39	0	0,606975	NAN	
4,74	0,21	0,0585	0,0015	-0,3	0	0,603525	NAN	
4,75	0,2	0,058	-0,0015	-0,225	0	0,6009	NAN	
4,76	0,195	0,057	0	-0,18	0	0,598875	NAN	
4,77	0,185	0,0565	0	-0,195	0	0,597	NAN	
4,78	0,18	0,056	0	-0,21	0	0,594975	NAN	
4,79	0,17	0,055	0	-0,21	0	0,592875	NAN	
4,8	0,16	0,0545	0	-0,255	0	0,59055	NAN	
4,81	0,155	0,0535	0	-0,33	0	0,587625	NAN	
4,82	0,145	0,053	0	-0,48	0	0,583575	NAN	
4,83	0,14	0,0525	0	-0,465	0	0,57885	NAN	
4,84	0,13	0,052	0	-0,48	0	0,574125	NAN	
4,85	0,12	0,051	-0,0015	-0,45	0	0,569475	NAN	
4,86	0,115	0,0505	0	-0,435	0	0,56505	NAN	
4,87	0,105	0,05	0	-0,42	0	0,560775	NAN	
4,88	0,1	0,049	0	-0,315	0	0,5571	NAN	
4,89	0,09	0,0485	0	-0,27	0	0,554175	NAN	
4,9	0,08	0,048	0	-0,195	0	0,55185	NAN	
4,91	0,075	0,047	0	-0,225	0	0,54975	NAN	
4,92	0,065	0,0465	0	-0,225	0	0,5475	NAN	
4,93	0,06	0,046	0	-0,225	0	0,54525	NAN	
4,94	0,05	0,0455	0	-0,24	0	0,542925	NAN	
4,95	0,04	0,0445	0	-0,285	0	0,5403	NAN	
4,96	0,035	0,044	-0,0015	-0,375	0	0,537	NAN	
4,97	0,025	0,042	0	-0,39	0	0,533175	NAN	
4,98	0,02	0,0425	-0,0015	-0,48	0	0,528825	NAN	
4,99	0,01	0,042	0	-0,495	0	0,52395	NAN	
5	0	0,0415	0	-0,51	0	0,518925	NAN	
5,01	-0,005	0,0405	0	-0,495	0	0,5139	NAN	
5,02	-0,015	0,04	-0,0015	-0,465	0	0,5091	NAN	
5,03	-0,02	0,0395	-0,0015	-0,45	0	0,504525	NAN	
5,04	-0,03	0,0385	0	-0,405	0	0,50025	NAN	
5,05	-0,04	0,038	0	-0,39	0	0,496275	NAN	
5,06	-0,045	0,0375	0,0015	-0,285	0	0,4929	NAN	
5,07	-0,055	0,037	0	-0,27	0	0,490125	NAN	
5,08	-0,06	0,036	0	-0,24	0	0,487575	NAN	
5,09	-0,07	0,0355	0	-0,255	0	0,4851	NAN	
5,1	-0,08	0,035	0	-0,255	0	0,48255	NAN	
5,11	-0,085	0,034	0	-0,24	0	0,480075	NAN	
5,12	-0,095	0,0335	0	-0,255	0	0,4776	NAN	
5,13	-0,1	0,033	0	-0,285	0	0,4749	NAN	
5,14	-0,11	0,0325	0	-0,33	0	0,471825	NAN	
5,15	-0,12	0,0315	0	-0,315	0	0,4686	NAN	
5,16	-0,125	0,031	0	-0,39	0	0,465075	NAN	
5,17	-0,135	0,0305	0	-0,42	0	0,461025	NAN	
5,18	-0,14	0,0295	-0,0015	-0,525	0	0,4563	NAN	
5,19	-0,15	0,029	0	-0,54	0	0,450975	NAN	
5,2	-0,16	0,0285	0	-0,54	0	0,445575	NAN	
5,21	-0,165	0,0275	-0,0015	-0,525	0	0,44025	NAN	
5,22	-0,175	0,027	0	-0,555	0	0,43485	NAN	
5,23	-0,18	0,0265	0	-0,525	0	0,42945	NAN	
5,24	-0,19	0,026	0	-0,54	0	0,424125	NAN	
5,25	-0,2	0,025	0	-0,525	0	0,4188	NAN	
5,26	-0,205	0,0245	0	-0,51	0	0,413625	NAN	
5,27	-0,215	0,0235	-0,0015	-0,525	0	0,40845	NAN	
5,28	-0,22	0,023	0,0015	-0,495	0	0,40335	NAN	
5,29	-0,23	0,0225	0	-0,48	0	0,398475	NAN	
5,3	-0,24	0,022	-0,0015	-0,435	0	0,3939	NAN	
5,31	-0,245	0,021	0	-0,465	0	0,3894	NAN	
5,32	-0,255	0,0205	-0,0015	-0,42	0	0,384975	NAN	
5,33	-0,26	0,02	0	-0,405	0	0,38085	NAN	
5,34	-0,27	0,0195	0	-0,345	0	0,3771	NAN	
5,35	-0,28	0,0185	0	-0,36	0	0,373575	NAN	
5,36	-0,285	0,018	0	-0,33	0	0,370125	NAN	
5,37	-0,295	0,017	0	-0,345	0	0,36675	NAN	
5,38	-0,3	0,0165	-0,0015	-0,315	0	0,36345	NAN	
5,39	-0,31	0,016	-0,0015	-0,315	0	0,3603	NAN	
5,4	-0,32	0,0155	0	-0,3	0	0,357225	NAN	
5,41	-0,325	0,015	-0,0015	-0,33	0	0,354075	NAN	
5,42	-0,335	0,014	0	-0,3	0	0,350925	NAN	
5,43	-0,34	0,0135	0	-0,3	0	0,347925	NAN	
5,44	-0,35	0,013	0	-0,315	0	0,34485	NAN	
5,45	-0,36	0,012	0	-0,33	0	0,341625	NAN	
5,46	-0,365	0,0115	0	-0,33	0	0,338325	NAN	
5,47	-0,375	0,011	0	-0,315	0	0,3351	NAN	
5,48	-0,38	0,0105	0	-0,315	0	0,33195	NAN	
5,49	-0,39	0,0095	0	-0,33	0	0,328725	NAN	
5,5	-0,4	0,009	0	-0,345	0	0,32535	NAN	
5,51	-0,405	0,008	0	-0,345	0	0,3219	NAN	
5,52	-0,415	0,0075	0	-0,33	0	0,318525	NAN	
5,53	-0,42	0,007	0	-0,36	0	0,315075	NAN	
5,54	-0,43	0,0065	0	-0,36	0	0,311475	NAN	
5,55	-0,44	0,0055	0	-0,42	0	0,307575	NAN	
5,56	-0,445	0,005	0	-0,39	0	0,303525	NAN	
5,57	-0,455	0,0045	-0,0015	-0,45	0	0,299325	NAN	
5,58	-0,46	0,0035	0	-0,465	0	0,29475	NAN	
5,59	-0,47	0,003	0	-0,525	0	0,2898	NAN	
5,6	-0,48	0,0025	0,0015	-0,525	0	0,28455	NAN	
5,61	-0,485	0,0015	-0,0015	-0,555	0	0,27915	NAN	
5,62	-0,495	0,001	0	-0,57	0	0,273525	NAN	
5,63	-0,5	0	0	-0,615	0	0,2676	NAN	
5,64	-0,51	-0,0005	0	-0,615	0	0,26145	NAN	
5,65	-0,52	-0,001	0	-0,63	0	0,255225	NAN	
5,66	-0,525	-0,002	-0,0015	-0,615	0	0,249	NAN	
5,67	-0,535	-0,0025	0	-0,63	0	0,242775	NAN	
5,68	-0,54	-0,003	-0,0015	-0,63	0	0,236475	NAN	
5,69	-0,55	-0,004	0	-0,6	0	0,230325	NAN	
5,7	-0,56	-0,0045	0	-0,57	0	0,224475	NAN	
5,71	-0,565	-0,005	0	-0,48	0	0,219225	NAN	
5,72	-0,575	-0,006	0	-0,45	0	0,214575	NAN	
5,73	-0,58	-0,0065	0	-0,405	0	0,2103	NAN	
5,74	-0,59	-0,0075	0	-0,375	0	0,2064	NAN	
5,75	-0,6	-0,008	0	-0,36	0	0,202725	NAN	
5,76	-0,605	-0,0085	0	-0,375	0	0,19905	NAN	
5,77	-0,615	-0,009	0	-0,39	0	0,195225	NAN	
5,78	-0,62	-0,01	0	-0,39	0	0,191325	NAN	
5,79	-0,63	-0,0105	0	-0,48	0	0,186975	NAN	
5,8	-0,64	-0,0115	0	-0,54	0	0,181875	NAN	
5,81	-0,645	-0,012	0	-0,615	0	0,1761	NAN	
5,82	-0,655	-0,0125	0	-0,645	0	0,1698	NAN	
5,83	-0,66	-0,0135	0	-0,645	0	0,16335	NAN	
5,84	-0,67	-0,0145	0	-0,645	0	0,1569	NAN	
5,85	-0,68	-0,0145	0	-0,66	0	0,150375	NAN	
5,86	-0,685	-0,0155	0	-0,645	0	0,14385	NAN	
5,87	-0,695	-0,016	0	-0,525	0	0,138	NAN	
5,88	-0,7	-0,017	0	-0,465	0	0,13305	NAN	
5,89	-0,71	-0,0175	0	-0,42	0	0,128625	NAN	
5,9	-0,72	-0,0185	0	-0,405	0	0,1245	NAN	
5,91	-0,725	-0,019	0,0015	-0,405	0	0,12045	NAN	
5,92	-0,735	-0,02	-0,0015	-0,39	0	0,116475	NAN	
5,93	-0,74	-0,0205	0	-0,39	0	0,112575	NAN	
5,94	-0,75	-0,023	0	-0,405	0	0,1086	NAN	
5,95	-0,76	-0,0215	0	-0,465	0	0,10425	NAN	
5,96	-0,765	-0,0225	0	-0,495	0	0,09945	NAN	
5,97	-0,775	-0,0235	0	-0,57	0	0,094125	NAN	
5,98	-0,78	-0,024	0,0015	-0,615	0	0,0882	NAN	
5,99	-0,79	-0,025	0	-0,66	0	0,081825	NAN	
6	-0,8	-0,0255	0	-0,675	0	0,07515	NAN	
6,01	-0,805	-0,026	0	-0,675	0	0,0684	NAN	
6,02	-0,815	-0,027	-0,0015	-0,675	0	0,06165	NAN	
6,03	-0,82	-0,0275	0	-0,69	0	0,054825	NAN	
6,04	-0,83	-0,0285	0	-0,69	0	0,047925	NAN	
6,05	-0,84	-0,029	0	-0,69	0	0,041025	NAN	
6,06	-0,845	-0,03	0	-0,675	0	0,0342	NAN	
6,07	-0,855	-0,0305	-0,0015	-0,63	0	0,027675	NAN	
6,08	-0,86	-0,03	0	-0,6	0	0,021525	NAN	
6,09	-0,87	-0,032	-0,0015	-0,555	0	0,01575	NAN	
6,1	-0,88	-0,033	0	-0,525	0	0,01035	NAN	
6,11	-0,885	-0,0335	0,0015	-0,495	0	0,00525	NAN	
6,12	-0,895	-0,034	0	-0,495	0	0,0003	NAN	
6,13	-0,9	-0,035	0	-0,495	0	-0,00465	NAN	
6,14	-0,91	-0,0355	0	-0,48	0	-0,009525	NAN	
6,15	-0,92	-0,0365	-0,0015	-0,45	0	-0,014175	NAN	
6,16	-0,925	-0,037	0	-0,435	0	-0,0186	NAN	
6,17	-0,935	-0,0375	0	-0,465	0	-0,0231	NAN	
6,18	-0,94	-0,0385	0	-0,465	0	-0,02775	NAN	
6,19	-0,95	-0,039	0	-0,45	0	-0,032325	NAN	
6,2	-0,96	-0,04	0	-0,435	0	-0,03675	NAN	
6,21	-0,965	-0,0405	0	-0,435	0	-0,0411	NAN	
6,22	-0,975	-0,0415	0	-0,45	0	-0,045525	NAN	
6,23	-0,98	-0,042	0	-0,45	0	-0,050025	NAN	
6,24	-0,99	-0,043	0	-0,45	0	-0,054525	NAN	
6,25	-1	-0,0435	0	-0,435	0	-0,05895	NAN	
6,26	-1,005	-0,0445	0	-0,45	0	-0,063375	NAN	
6,27	-1,015	-0,045	0	-0,465	0	-0,06795	NAN	
6,28	-1,02	-0,0455	0	-0,465	0	-0,0726	NAN	
6,29	-1,03	-0,0465	-0,0015	-0,465	0	-0,07725	NAN	
6,3	-1,04	-0,047	0	-0,465	0	-0,0819	NAN	
6,31	-1,045	-0,048	0	-0,495	0	-0,0867	NAN	
6,32	-1,055	-0,0485	0	-0,51	0	-0,091725	NAN	
6,33	-1,06	-0,0495	0	-0,525	0	-0,0969	NAN	
6,34	-1,07	-0,0505	-0,0015	-0,51	0	-0,102075	NAN	
6,35	-1,08	-0,051	0,0015	-0,57	0	-0,107475	NAN	
6,36	-1,085	-0,0515	0	-0,6	0	-0,113325	NAN	
6,37	-1,095	-0,0525	0	-0,645	0	-0,11955	NAN	
6,38	-1,1	-0,053	0	-0,66	0	-0,126075	NAN	
6,39	-1,11	-0,054	-0,0015	-0,705	0	-0,1329	NAN	
6,4	-1,12	-0,0545	0	-0,72	0	-0,140025	NAN	
6,41	-1,125	-0,0555	0	-0,735	0	-0,1473	NAN	
6,42	-1,135	-0,056	-0,0015	-0,735	0	-0,15465	NAN	
6,43	-1,14	-0,057	0	-0,72	0	-0,161925	NAN	
6,44	-1,15	-0,0575	0	-0,735	0	-0,1692	NAN	
6,45	-1,16	-0,0585	0	-0,72	0	-0,176475	NAN	
6,46	-1,165	-0,059	0	-0,72	0	-0,183675	NAN	
6,47	-1,175	-0,0595	0	-0,675	0	-0,19065	NAN	
6,48	-1,18	-0,0605	-0,0015	-0,66	0	-0,197325	NAN	
6,49	-1,19	-0,0615	0	-0,63	0	-0,203775	NAN	
6,5	-1,2	-0,0625	0	-0,6	0	-0,209925	NAN	
6,51	-1,205	-0,063	0	-0,51	0	-0,215475	NAN	
6,52	-1,215	-0,064	0	-0,465	0	-0,22035	NAN	
6,53	-1,22	-0,0645	0	-0,465	0	-0,225	NAN	
6,54	-1,23	-0,065	0	-0,48	0	-0,229725	NAN	
6,55	-1,24	-0,066	0	-0,465	0	-0,23445	NAN	
6,56	-1,245	-0,067	-0,0015	-0,465	0	-0,2391	NAN	
6,57	-1,255	-0,0675	0	-0,495	0	-0,2439	NAN	
6,58	-1,26	-0,0685	0	-0,525	0	-0,249	NAN	
6,59	-1,27	-0,069	0	-0,6	0	-0,254625	NAN	
6,6	-1,28	-0,07	0	-0,645	0	-0,26085	NAN	
6,61	-1,285	-0,0705	0	-0,72	0	-0,267675	NAN	
6,62	-1,295	-0,0715	0	-0,75	0	-0,275025	NAN	
6,63	-1,3	-0,072	0	-0,765	0	-0,2826	NAN	
6,64	-1,31	-0,074	0,0015	-0,75	0	-0,290175	NAN	
6,65	-1,32	-0,074	0	-0,705	0	-0,29745	NAN	
6,66	-1,325	-0,0745	0	-0,66	0	-0,304275	NAN	
6,67	-1,335	-0,0755	0	-0,555	0	-0,31035	NAN	
6,68	-1,34	-0,076	-0,0015	-0,495	0	-0,3156	NAN	
6,69	-1,35	-0,077	0	-0,48	0	-0,320475	NAN	
6,7	-1,36	-0,078	0,0015	-0,465	0	-0,3252	NAN	
6,71	-1,365	-0,0785	0	-0,495	0	-0,33	NAN	
6,72	-1,375	-0,0795	0	-0,54	0	-0,335175	NAN	
6,73	-1,38	-0,08	0	-0,63	0	-0,341025	NAN	
6,74	-1,39	-0,081	-0,0015	-0,69	0	-0,347625	NAN	
6,75	-1,4	-0,0815	0	-0,75	0	-0,354825	NAN	
6,76	-1,405	-0,083	0,0015	-0,765	0	-0,3624	NAN	
6,77	-1,415	-0,0835	-0,0015	-0,735	0	-0,3699	NAN	
6,78	-1,42	-0,084	0	-0,675	0	-0,37695	NAN	
6,79	-1,43	-0,085	0	-0,555	0	-0,3831	NAN	
6,8	-1,44	-0,086	0	-0,48	0	-0,388275	NAN	
6,81	-1,445	-0,087	0	-0,495	0	-0,39315	NAN	
6,82	-1,455	-0,0875	0,0015	-0,51	0	-0,398175	NAN	
6,83	-1,46	-0,0885	-0,0015	-0,54	0	-0,403425	NAN	
6,84	-1,47	-0,089	0	-0,6	0	-0,409125	NAN	
6,85	-1,48	-0,09	0	-0,765	0	-0,41595	NAN	
6,86	-1,485	-0,092	0	-0,75	0	-0,423525	NAN	
6,87	-1,495	-0,0915	0	-0,75	0	-0,431025	NAN	
6,88	-1,5	-0,0925	0	-0,69	0	-0,438225	NAN	
6,89	-1,51	-0,093	0	-0,555	0	-0,44445	NAN	
6,9	-1,52	-0,094	-0,0015	-0,48	0	-0,449625	NAN	
6,91	-1,525	-0,095	-0,0015	-0,495	0	-0,4545	NAN	
6,92	-1,535	-0,0955	0	-0,495	0	-0,45945	NAN	
6,93	-1,54	-0,0965	0,0015	-0,6	0	-0,464925	NAN	
6,94	-1,55	-0,0975	0	-0,735	0	-0,4716	NAN	
6,95	-1,56	-0,098	0	-0,78	0	-0,479175	NAN	
6,96	-1,565	-0,099	0	-0,75	0	-0,486825	NAN	
6,97	-1,575	-0,1	-0,0015	-0,645	0	-0,4938	NAN	
6,98	-1,58	-0,1005	0	-0,54	0	-0,499725	NAN	
6,99	-1,59	-0,1015	0	-0,51	0	-0,504975	NAN	
7	-1,6	-0,1025	-0,0015	-0,51	0	-0,510075	NAN	
7,01	-1,605	-0,103	0	-0,57	0	-0,515475	NAN	
7,02	-1,615	-0,104	0	-0,69	0	-0,521775	NAN	
7,03	-1,62	-0,105	0	-0,765	0	-0,52905	NAN	
7,04	-1,63	-0,1055	0	-0,765	0	-0,5367	NAN	
7,05	-1,64	-0,1065	0,0015	-0,675	0	-0,5439	NAN	
7,06	-1,645	-0,1075	0	-0,54	0	-0,549975	NAN	
7,07	-1,655	-0,108	-0,0015	-0,48	0	-0,555075	NAN	
7,08	-1,66	-0,109	0	-0,495	0	-0,55995	NAN	
7,09	-1,67	-0,11	0	-0,615	0	-0,5655	NAN	
7,1	-1,68	-0,111	0	-0,72	0	-0,572175	NAN	
7,11	-1,685	-0,1115	0	-0,75	0	-0,579525	NAN	
7,12	-1,695	-0,1125	0,0015	-0,75	0	-0,587025	NAN	
7,13	-1,7	-0,1135	0	-0,6	0	-0,593775	NAN	
7,14	-1,71	-0,114	0	-0,51	0	-0,599325	NAN	
7,15	-1,72	-0,115	0	-0,495	0	-0,60435	NAN	
7,16	-1,725	-0,1155	-0,0015	-0,525	0	-0,60945	NAN	
7,17	-1,735	-0,1175	0	-0,72	0	-0,615675	NAN	
7,18	-1,74	-0,1175	0	-0,78	0	-0,623175	NAN	
7,19	-1,75	-0,1185	0	-0,735	0	-0,63075	NAN	
7,2	-1,76	-0,1195	0	-0,66	0	-0,637725	NAN	
7,21	-1,765	-0,12	0	-0,48	0	-0,643425	NAN	
7,22	-1,775	-0,121	-0,0015	-0,495	0	-0,6483	NAN	
7,23	-1,78	-0,122	-0,0015	-0,57	0	-0,653625	NAN	
7,24	-1,79	-0,1245	0	-0,675	0	-0,65985	NAN	
7,25	-1,8	-0,1235	0	-0,765	0	-0,66705	NAN	
7,26	-1,805	-0,1245	0	-0,75	0	-0,674625	NAN	
7,27	-1,815	-0,124	0	-0,6	0	-0,681375	NAN	
7,28	-1,82	-0,126	0	-0,495	0	-0,68685	NAN	
7,29	-1,83	-0,127	0	-0,495	0	-0,6918	NAN	
7,3	-1,84	-0,128	-0,0015	-0,54	0	-0,696975	NAN	
7,31	-1,845	-0,129	0	-0,765	0	-0,7035	NAN	
7,32	-1,855	-0,1295	0	-0,78	0	-0,711225	NAN	
7,33	-1,86	-0,1305	0	-0,69	0	-0,718575	NAN	
7,34	-1,87	-0,1315	0	-0,555	0	-0,7248	NAN	
7,35	-1,88	-0,1325	0,0015	-0,495	0	-0,73005	NAN	
7,36	-1,885	-0,1335	0	-0,51	0	-0,735075	NAN	
7,37	-1,895	-0,134	0	-0,69	0	-0,741075	NAN	
7,38	-1,9	-0,135	0	-0,765	0	-0,74835	NAN	
7,39	-1,91	-0,136	-0,0015	-0,72	0	-0,755775	NAN	
7,4	-1,92	-0,137	0	-0,66	0	-0,762675	NAN	
7,41	-1,925	-0,138	0,0015	-0,495	0	-0,76845	NAN	
7,42	-1,935	-0,139	0	-0,495	0	-0,7734	NAN	
7,43	-1,94	-0,14	0	-0,57	0	-0,778725	NAN	
7,44	-1,95	-0,1405	-0,0015	-0,705	0	-0,7851	NAN	
7,45	-1,96	-0,1415	0	-0,765	0	-0,79245	NAN	
7,46	-1,965	-0,1425	0	-0,735	0	-0,79995	NAN	
7,47	-1,975	-0,1435	0	-0,51	0	-0,806175	NAN	
7,48	-1,98	-0,144	-0,0015	-0,48	0	-0,811125	NAN	
7,49	-1,99	-0,145	0	-0,525	0	-0,81615	NAN	
7,5	-2	-0,146	-0,0015	-0,615	0	-0,82185	NAN	
7,51	-1,995	-0,147	0	-0,765	0	-0,82875	NAN	
7,52	-1,985	-0,148	0	-0,72	0	-0,836175	NAN	
7,53	-1,98	-0,1485	0	-0,54	0	-0,842475	NAN	
7,54	-1,97	-0,1495	0	-0,42	0	-0,847275	NAN	
7,55	-1,96	-0,1505	0	-0,435	0	-0,85155	NAN	
7,56	-1,955	-0,151	0	-0,465	0	-0,85605	NAN	
7,57	-1,945	-0,152	0	-0,645	0	-0,8616	NAN	
7,58	-1,94	-0,1525	0,0015	-0,63	0	-0,867975	NAN	
7,59	-1,93	-0,1535	0	-0,54	0	-0,873825	NAN	
7,6	-1,92	-0,1545	0	-0,405	0	-0,87855	NAN	
7,61	-1,915	-0,155	0	-0,33	0	-0,882225	NAN	
7,62	-1,905	-0,1565	0	-0,315	0	-0,88545	NAN	
7,63	-1,9	-0,156	0,0015	-0,525	0	-0,88965	NAN	
7,64	-1,89	-0,157	-0,0015	-0,57	0	-0,895125	NAN	
7,65	-1,88	-0,1575	0	-0,51	0	-0,900525	NAN	
7,66	-1,875	-0,158	0	-0,39	0	-0,905025	NAN	
7,67	-1,865	-0,159	0	-0,225	0	-0,9081	NAN	
7,68	-1,86	-0,159	0	-0,24	0	-0,910425	NAN	
7,69	-1,85	-0,16	-0,0015	-0,36	0	-0,913425	NAN	
7,7	-1,84	-0,1605	0	-0,465	0	-0,91755	NAN	
7,71	-1,835	-0,161	0	-0,45	0	-0,922125	NAN	
7,72	-1,825	-0,1615	0	-0,345	0	-0,9261	NAN	
7,73	-1,82	-0,162	0	-0,18	0	-0,928725	NAN	
7,74	-1,81	-0,1625	0,0015	-0,165	0	-0,93045	NAN	
7,75	-1,8	-0,163	0	-0,21	0	-0,932325	NAN	
7,76	-1,795	-0,1635	-0,0015	-0,315	0	-0,93495	NAN	
7,77	-1,785	-0,1635	0	-0,405	0	-0,93855	NAN	
7,78	-1,78	-0,164	-0,0015	-0,36	0	-0,942375	NAN	
7,79	-1,77	-0,1645	0	-0,15	0	-0,944925	NAN	
7,8	-1,76	-0,1645	0,0015	-0,075	0	-0,94605	NAN	
7,81	-1,755	-0,165	0	-0,105	0	-0,94695	NAN	
7,82	-1,745	-0,1655	0	-0,165	0	-0,9483	NAN	
7,83	-1,74	-0,166	0,0015	-0,345	0	-0,95085	NAN	
7,84	-1,73	-0,166	-0,0015	-0,285	0	-0,954	NAN	
7,85	-1,72	-0,1665	0,0015	-0,18	0	-0,956325	NAN	
7,86	-1,715	-0,1665	-0,0015	-0,06	0	-0,957525	NAN	
7,87	-1,705	-0,1665	0,0015	-0,015	0	-0,9579	NAN	
7,88	-1,7	-0,167	0	-0,045	0	-0,9582	NAN	
7,89	-1,69	-0,167	0	-0,24	0	-0,959625	NAN	
7,9	-1,68	-0,1675	-0,0015	-0,255	0	-0,9621	NAN	
7,91	-1,675	-0,1675	-0,0015	-0,195	0	-0,96435	NAN	
7,92	-1,665	-0,168	0	-0,06	0	-0,965625	NAN	
7,93	-1,66	-0,1685	0	0,045	0	-0,9657	NAN	
7,94	-1,65	-0,168	0	0,045	0	-0,96525	NAN	
7,95	-1,64	-0,1685	-0,0015	-0,105	0	-0,96555	NAN	
7,96	-1,635	-0,1685	0	-0,21	0	-0,967125	NAN	
7,97	-1,625	-0,1685	0	-0,18	0	-0,969075	NAN	
7,98	-1,62	-0,1685	0	-0,075	0	-0,97035	NAN	
7,99	-1,61	-0,1685	0	0,105	0	-0,9702	NAN	
8	-1,6	-0,1685	0	0,105	0	-0,96915	NAN	
8,01	-1,595	-0,1685	0	0,015	0	-0,96855	NAN	
8,02	-1,585	-0,1685	-0,0015	-0,135	0	-0,96915	NAN	
8,03	-1,58	-0,1685	0	-0,165	0	-0,97065	NAN	
8,04	-1,57	-0,1685	0	-0,09	0	-0,971925	NAN	
8,05	-1,56	-0,1685	0	0,15	0	-0,971625	NAN	
8,06	-1,555	-0,1685	0	0,165	0	-0,97005	NAN	
8,07	-1,545	-0,1685	0,0015	0,12	0	-0,968625	NAN	
8,08	-1,54	-0,168	0	0	0	-0,968025	NAN	
8,09	-1,53	-0,168	0	-0,12	0	-0,968625	NAN	
8,1	-1,52	-0,168	0	-0,09	0	-0,969675	NAN	
8,11	-1,515	-0,1675	0	0,105	0	-0,9696	NAN	
8,12	-1,505	-0,167	0	0,18	0	-0,968175	NAN	
8,13	-1,5	-0,167	0	0,165	0	-0,96645	NAN	
8,14	-1,49	-0,1665	-0,0015	0,105	0	-0,9651	NAN	
8,15	-1,48	-0,166	0	-0,09	0	-0,965025	NAN	
8,16	-1,475	-0,1655	0	-0,06	0	-0,965775	NAN	
8,17	-1,465	-0,165	0	0,075	0	-0,9657	NAN	
8,18	-1,46	-0,1645	0	0,18	0	-0,964425	NAN	
8,19	-1,45	-0,164	0,0015	0,195	0	-0,96255	NAN	
8,2	-1,44	-0,164	0	0,15	0	-0,960825	NAN	
8,21	-1,435	-0,1635	0	-0,06	0	-0,960375	NAN	
8,22	-1,425	-0,163	0	-0,045	0	-0,9609	NAN	
8,23	-1,42	-0,1625	0	0,03	0	-0,960975	NAN	
8,24	-1,41	-0,162	0	0,165	0	-0,96	NAN	
8,25	-1,4	-0,1615	0	0,225	0	-0,95805	NAN	
8,26	-1,395	-0,161	0	0,195	0	-0,95595	NAN	
8,27	-1,385	-0,1605	0	0,015	0	-0,9549	NAN	
8,28	-1,38	-0,1595	-0,0015	-0,03	0	-0,954975	NAN	
8,29	-1,37	-0,159	0	0	0	-0,955125	NAN	
8,3	-1,36	-0,1585	0	0,105	0	-0,9546	NAN	
8,31	-1,355	-0,158	0,0015	0,24	0	-0,952875	NAN	
8,32	-1,345	-0,1575	0,0015	0,24	0	-0,950475	NAN	
8,33	-1,34	-0,157	0	0,12	0	-0,948675	NAN	
8,34	-1,33	-0,1565	0,0015	0,015	0	-0,948	NAN	
8,35	-1,32	-0,1555	-0,0015	0	0	-0,947925	NAN	
8,36	-1,315	-0,155	-0,0015	0,075	0	-0,94755	NAN	
8,37	-1,305	-0,1545	0	0,255	0	-0,9459	NAN	
8,38	-1,3	-0,1535	0	0,255	0	-0,94335	NAN	
8,39	-1,29	-0,153	-0,0015	0,18	0	-0,941175	NAN	
8,4	-1,28	-0,1525	0	0,045	0	-0,94005	NAN	
8,41	-1,275	-0,152	0	-0,03	0	-0,939975	NAN	
8,42	-1,265	-0,151	0	0,015	0	-0,94005	NAN	
8,43	-1,26	-0,1505	0	0,24	0	-0,938775	NAN	
8,44	-1,25	-0,1495	0	0,27	0	-0,936225	NAN	
8,45	-1,24	-0,149	0	0,24	0	-0,933675	NAN	
8,46	-1,235	-0,148	-0,0015	0,165	0	-0,93165	NAN	
8,47	-1,225	-0,1475	0	0	0	-0,930825	NAN	
8,48	-1,22	-0,147	0	0,03	0	-0,930675	NAN	
8,49	-1,21	-0,1465	0	0,18	0	-0,929625	NAN	
8,5	-1,2	-0,1455	0	0,285	0	-0,9273	NAN	
8,51	-1,195	-0,1445	0	0,27	0	-0,924525	NAN	
8,52	-1,185	-0,1445	0	0,21	0	-0,922125	NAN	
8,53	-1,18	-0,1435	0	0	0	-0,921075	NAN	
8,54	-1,17	-0,143	0	0	0	-0,921075	NAN	
8,55	-1,16	-0,143	0	0,105	0	-0,92055	NAN	
8,56	-1,155	-0,1415	0	0,24	0	-0,918825	NAN	
8,57	-1,145	-0,1405	0	0,285	0	-0,9162	NAN	
8,58	-1,14	-0,14	0,0015	0,255	0	-0,9135	NAN	
8,59	-1,13	-0,1395	-0,0015	0,045	0	-0,912	NAN	
8,6	-1,12	-0,1385	0	0,03	0	-0,911625	NAN	
8,61	-1,115	-0,138	-0,0015	0,09	0	-0,911025	NAN	
8,62	-1,105	-0,1375	0	0,195	0	-0,9096	NAN	
8,63	-1,1	-0,1365	0	0,315	0	-0,90705	NAN	
8,64	-1,09	-0,1355	0	0,3	0	-0,903975	NAN	
8,65	-1,08	-0,135	0,0015	0,135	0	-0,9018	NAN	
8,66	-1,075	-0,1345	0	0,03	0	-0,900975	NAN	
8,67	-1,065	-0,1335	0,0015	0,045	0	-0,9006	NAN	
8,68	-1,06	-0,1325	0	0,12	0	-0,899775	NAN	
8,69	-1,05	-0,132	0	0,3	0	-0,897675	NAN	
8,7	-1,04	-0,1315	-0,0015	0,3	0	-0,894675	NAN	
8,71	-1,035	-0,1305	0	0,195	0	-0,8922	NAN	
8,72	-1,025	-0,13	0,0015	0,06	0	-0,890925	NAN	
8,73	-1,02	-0,129	0	0,045	0	-0,8904	NAN	
8,74	-1,01	-0,1285	0	0,105	0	-0,88965	NAN	
8,75	-1	-0,1275	0	0,33	0	-0,887475	NAN	
8,76	-0,995	-0,127	0	0,33	0	-0,884175	NAN	
8,77	-0,985	-0,126	-0,0015	0,285	0	-0,8811	NAN	
8,78	-0,98	-0,1255	0	0,165	0	-0,87885	NAN	
8,79	-0,97	-0,125	0	0,06	0	-0,877725	NAN	
8,8	-0,96	-0,1245	0	0,075	0	-0,87705	NAN	
8,81	-0,955	-0,1235	0	0,255	0	-0,8754	NAN	
8,82	-0,945	-0,1225	0	0,315	0	-0,87255	NAN	
8,83	-0,94	-0,122	0	0,285	0	-0,86955	NAN	
8,84	-0,93	-0,1215	0	0,225	0	-0,867	NAN	
8,85	-0,92	-0,1205	0	0,045	0	-0,86565	NAN	
8,86	-0,915	-0,1195	0	0,06	0	-0,865125	NAN	
8,87	-0,905	-0,119	-0,0015	0,195	0	-0,86385	NAN	
8,88	-0,9	-0,118	0	0,315	0	-0,8613	NAN	
8,89	-0,89	-0,1175	0	0,345	0	-0,858	NAN	
8,9	-0,88	-0,117	-0,0015	0,315	0	-0,8547	NAN	
8,91	-0,875	-0,1165	0	0,09	0	-0,852675	NAN	
8,92	-0,865	-0,1155	0	0,06	0	-0,851925	NAN	
8,93	-0,86	-0,1145	0	0,12	0	-0,851025	NAN	
8,94	-0,85	-0,114	0	0,225	0	-0,8493	NAN	
8,95	-0,84	-0,113	0	0,33	0	-0,846525	NAN	
8,96	-0,835	-0,1125	0	0,33	0	-0,843225	NAN	
8,97	-0,825	-0,112	0	0,225	0	-0,84045	NAN	
8,98	-0,82	-0,111	0	0,075	0	-0,83895	NAN	
8,99	-0,81	-0,1105	0	0,075	0	-0,8382	NAN	
9	-0,8	-0,1095	0	0,135	0	-0,83715	NAN	
9,01	-0,795	-0,109	0	0,33	0	-0,834825	NAN	
9,02	-0,785	-0,1085	0	0,36	0	-0,831375	NAN	
9,03	-0,78	-0,1075	0	0,33	0	-0,827925	NAN	
9,04	-0,77	-0,107	0	0,27	0	-0,824925	NAN	
9,05	-0,76	-0,106	0	0,075	0	-0,8232	NAN	
9,06	-0,755	-0,1055	0	0,075	0	-0,82245	NAN	
9,07	-0,745	-0,1045	0	0,18	0	-0,821175	NAN	
9,08	-0,74	-0,104	0	0,285	0	-0,81885	NAN	
9,09	-0,73	-0,102	0	0,36	0	-0,815625	NAN	
9,1	-0,72	-0,1025	0	0,345	0	-0,8121	NAN	
9,11	-0,715	-0,1015	0,0015	0,225	0	-0,80925	NAN	
9,12	-0,705	-0,101	0,0015	0,105	0	-0,8076	NAN	
9,13	-0,7	-0,1005	0	0,09	0	-0,806625	NAN	
9,14	-0,69	-0,0995	0	0,135	0	-0,8055	NAN	
9,15	-0,68	-0,099	-0,0015	0,3	0	-0,803325	NAN	
9,16	-0,675	-0,0985	0	0,375	0	-0,79995	NAN	
9,17	-0,665	-0,0975	0	0,375	0	-0,7962	NAN	
9,18	-0,66	-0,097	0	0,33	0	-0,792675	NAN	
9,19	-0,65	-0,096	0	0,135	0	-0,79035	NAN	
9,2	-0,64	-0,0955	0	0,105	0	-0,78915	NAN	
9,21	-0,635	-0,0945	-0,0015	0,105	0	-0,7881	NAN	
9,22	-0,625	-0,094	0	0,165	0	-0,78675	NAN	
9,23	-0,62	-0,0935	0	0,345	0	-0,7842	NAN	
9,24	-0,61	-0,092	0	0,39	0	-0,780525	NAN	
9,25	-0,6	-0,092	0	0,375	0	-0,7767	NAN	
9,26	-0,595	-0,091	0,0015	0,36	0	-0,773025	NAN	
9,27	-0,585	-0,0905	0	0,165	0	-0,7704	NAN	
9,28	-0,58	-0,091	0	0,12	0	-0,768975	NAN	
9,29	-0,57	-0,089	0	0,12	0	-0,767775	NAN	
9,3	-0,56	-0,0885	0	0,15	0	-0,766425	NAN	
9,31	-0,555	-0,0875	-0,0015	0,3	0	-0,764175	NAN	
9,32	-0,545	-0,087	0	0,375	0	-0,7608	NAN	
9,33	-0,54	-0,0865	-0,0015	0,375	0	-0,75705	NAN	
9,34	-0,53	-0,0855	0	0,375	0	-0,7533	NAN	
9,35	-0,52	-0,085	0	0,3	0	-0,749925	NAN	
9,36	-0,515	-0,084	0	0,195	0	-0,74745	NAN	
9,37	-0,505	-0,0835	-0,0015	0,135	0	-0,7458	NAN	
9,38	-0,5	-0,083	-0,0015	0,135	0	-0,74445	NAN	
9,39	-0,49	-0,082	-0,0015	0,21	0	-0,742725	NAN	
9,4	-0,48	-0,0815	0	0,255	0	-0,7404	NAN	
9,41	-0,475	-0,081	0	0,405	0	-0,7371	NAN	
9,42	-0,465	-0,08	0	0,42	0	-0,732975	NAN	
9,43	-0,46	-0,0795	0	0,39	0	-0,728925	NAN	
9,44	-0,45	-0,0785	0	0,375	0	-0,7251	NAN	
9,45	-0,44	-0,078	0	0,27	0	-0,721875	NAN	
9,46	-0,435	-0,079	0	0,195	0	-0,71955	NAN	
9,47	-0,425	-0,0765	0	0,135	0	-0,7179	NAN	
9,48	-0,42	-0,076	0	0,135	0	-0,71655	NAN	
9,49	-0,41	-0,075	0	0,195	0	-0,7149	NAN	
9,5	-0,4	-0,0745	0	0,24	0	-0,712725	NAN	
9,51	-0,395	-0,074	-0,0015	0,375	0	-0,70965	NAN	
9,52	-0,385	-0,073	0,0015	0,42	0	-0,705675	NAN	
9,53	-0,38	-0,0725	0	0,42	0	-0,701475	NAN	
9,54	-0,37	-0,072	-0,0015	0,42	0	-0,697275	NAN	
9,55	-0,36	-0,071	0	0,39	0	-0,693225	NAN	
9,56	-0,355	-0,0705	-0,0015	0,36	0	-0,689475	NAN	
9,57	-0,345	-0,07	0	0,255	0	-0,6864	NAN	
9,58	-0,34	-0,069	0	0,21	0	-0,684075	NAN	
9,59	-0,33	-0,0685	0	0,15	0	-0,682275	NAN	
9,6	-0,32	-0,0675	-0,0015	0,18	0	-0,680625	NAN	
9,61	-0,315	-0,067	-0,0015	0,195	0	-0,67875	NAN	
9,62	-0,305	-0,0665	0	0,21	0	-0,676725	NAN	
9,63	-0,3	-0,066	0,0015	0,27	0	-0,674325	NAN	
9,64	-0,29	-0,0635	0	0,3	0	-0,671475	NAN	
9,65	-0,28	-0,0645	0	0,42	0	-0,667875	NAN	
9,66	-0,275	-0,0635	0	0,435	0	-0,6636	NAN	
9,67	-0,265	-0,063	0	0,45	0	-0,659175	NAN	
9,68	-0,26	-0,0625	0	0,435	0	-0,65475	NAN	
9,69	-0,25	-0,0615	0	0,45	0	-0,650325	NAN	
9,7	-0,24	-0,061	0	0,45	0	-0,645825	NAN	
9,71	-0,235	-0,06	-0,0015	0,42	0	-0,641475	NAN	
9,72	-0,225	-0,06	0	0,405	0	-0,63735	NAN	
9,73	-0,22	-0,059	0	0,315	0	-0,63375	NAN	
9,74	-0,21	-0,0585	-0,0015	0,3	0	-0,630675	NAN	
9,75	-0,2	-0,0575	0	0,195	0	-0,6282	NAN	
9,76	-0,195	-0,057	0	0,195	0	-0,62625	NAN	
9,77	-0,185	-0,056	-0,0015	0,18	0	-0,624375	NAN	
9,78	-0,18	-0,0555	0	0,195	0	-0,6225	NAN	
9,79	-0,17	-0,055	-0,0015	0,18	0	-0,620625	NAN	
9,8	-0,16	-0,0545	0	0,195	0	-0,61875	NAN	
9,81	-0,155	-0,0535	0	0,225	0	-0,61665	NAN	
9,82	-0,145	-0,053	0	0,225	0	-0,6144	NAN	
9,83	-0,14	-0,052	0	0,255	0	-0,612	NAN	
9,84	-0,13	-0,0515	0	0,27	0	-0,609375	NAN	
9,85	-0,12	-0,051	0	0,3	0	-0,606525	NAN	
9,86	-0,115	-0,0505	0	0,3	0	-0,603525	NAN	
9,87	-0,105	-0,0495	0	0,33	0	-0,600375	NAN	
9,88	-0,1	-0,049	0	0,315	0	-0,59715	NAN	
9,89	-0,09	-0,0485	0	0,375	0	-0,5937	NAN	
9,9	-0,08	-0,0475	-0,0015	0,36	0	-0,590025	NAN	
9,91	-0,075	-0,0465	0	0,405	0	-0,5862	NAN	
9,92	-0,065	-0,0465	0	0,405	0	-0,58215	NAN	
9,93	-0,06	-0,0455	0	0,45	0	-0,577875	NAN	
9,94	-0,05	-0,045	0	0,435	0	-0,57345	NAN	
9,95	-0,04	-0,0445	-0,0015	0,465	0	-0,56895	NAN	
9,96	-0,035	-0,0435	-0,0015	0,435	0	-0,56445	NAN	
9,97	-0,025	-0,043	0	0,465	0	-0,55995	NAN	
9,98	-0,02	-0,0425	0	0,42	0	-0,555525	NAN	
9,99	-0,01	-0,0415	0	0,42	0	-0,551325	NAN	
10	0	-0,041	0	0,39	0	-0,547275	NAN	
10,01	0,005	-0,0405	0	0,39	0	-0,543375	NAN	
10,02	0,015	-0,0395	0,0015	0,375	0	-0,53955	NAN	
10,03	0,02	-0,0385	0	0,36	0	-0,535875	NAN	
10,04	0,03	-0,0385	0	0,345	0	-0,53235	NAN	
10,05	0,04	-0,0375	0	0,345	0	-0,5289	NAN	
10,06	0,045	-0,037	0	0,315	0	-0,5256	NAN	
10,07	0,055	-0,0365	0	0,315	0	-0,52245	NAN	
10,08	0,06	-0,0355	0	0,285	0	-0,51945	NAN	
10,09	0,07	-0,035	0	0,27	0	-0,516675	NAN	
10,1	0,08	-0,035	0	0,255	0	-0,51405	NAN	
10,11	0,085	-0,0335	-0,0015	0,255	0	-0,5115	NAN	
10,12	0,095	-0,033	0	0,255	0	-0,50895	NAN	
10,13	0,1	-0,0325	0	0,24	0	-0,506475	NAN	
10,14	0,11	-0,0315	0,0015	0,255	0	-0,504	NAN	
10,15	0,12	-0,031	0	0,285	0	-0,5013	NAN	
10,16	0,125	-0,0305	0	0,36	0	-0,498075	NAN	
10,17	0,135	-0,0295	0	0,435	0	-0,4941	NAN	
10,18	0,14	-0,029	0	0,495	0	-0,48945	NAN	
10,19	0,15	-0,0285	0	0,525	0	-0,48435	NAN	
10,2	0,16	-0,028	0	0,54	0	-0,479025	NAN	
10,21	0,165	-0,0275	0	0,54	0	-0,473625	NAN	
10,22	0,175	-0,0265	-0,0015	0,555	0	-0,46815	NAN	
10,23	0,18	-0,026	0	0,525	0	-0,46275	NAN	
10,24	0,19	-0,0255	0	0,465	0	-0,4578	NAN	
10,25	0,2	-0,0245	0	0,375	0	-0,4536	NAN	
10,26	0,205	-0,024	0	0,33	0	-0,450075	NAN	
10,27	0,215	-0,0235	0	0,3	0	-0,446925	NAN	
10,28	0,22	-0,0225	0	0,3	0	-0,443925	NAN	
10,29	0,23	-0,022	0	0,315	0	-0,44085	NAN	
10,3	0,24	-0,021	0	0,39	0	-0,437325	NAN	
10,31	0,245	-0,0205	0,0015	0,495	0	-0,4329	NAN	
10,32	0,255	-0,02	0	0,555	0	-0,42765	NAN	
10,33	0,26	-0,0195	0	0,555	0	-0,4221	NAN	
10,34	0,27	-0,0185	0	0,57	0	-0,416475	NAN	
10,35	0,28	-0,018	0	0,495	0	-0,41115	NAN	
10,36	0,285	-0,0175	0	0,375	0	-0,4068	NAN	
10,37	0,295	-0,017	0	0,315	0	-0,40335	NAN	
10,38	0,3	-0,016	0	0,3	0	-0,400275	NAN	
10,39	0,31	-0,0155	0	0,36	0	-0,396975	NAN	
10,4	0,32	-0,015	0	0,495	0	-0,3927	NAN	
10,41	0,325	-0,0145	-0,0015	0,585	0	-0,3873	NAN	
10,42	0,335	-0,0135	0	0,6	0	-0,381375	NAN	
10,43	0,34	-0,013	0	0,555	0	-0,3756	NAN	
10,44	0,35	-0,0125	0	0,405	0	-0,3708	NAN	
10,45	0,36	-0,0115	0	0,315	0	-0,3672	NAN	
10,46	0,365	-0,011	0	0,315	0	-0,36405	NAN	
10,47	0,375	-0,0105	0	0,45	0	-0,360225	NAN	
10,48	0,38	-0,0095	0,0015	0,555	0	-0,3552	NAN	
10,49	0,39	-0,009	0	0,6	0	-0,349425	NAN	
10,5	0,4	-0,008	0	0,585	0	-0,3435	NAN	
10,51	0,405	-0,008	0	0,39	0	-0,338625	NAN	
10,52	0,415	-0,007	-0,0015	0,345	0	-0,33495	NAN	
10,53	0,42	-0,0065	-0,0015	0,375	0	-0,33135	NAN	
10,54	0,43	-0,0055	0	0,555	0	-0,3267	NAN	
10,55	0,44	-0,005	0	0,615	0	-0,32085	NAN	
10,56	0,445	-0,006	-0,0015	0,585	0	-0,31485	NAN	
10,57	0,455	-0,0035	0	0,375	0	-0,31005	NAN	
10,58	0,46	-0,003	0	0,33	0	-0,306525	NAN	
10,59	0,47	-0,0025	0	0,465	0	-0,30255	NAN	
10,6	0,48	-0,002	0	0,6	0	-0,297225	NAN	
10,61	0,485	-0,0015	-0,0015	0,63	0	-0,291075	NAN	
10,62	0,495	-0,0005	-0,0015	0,495	0	-0,28545	NAN	
10,63	0,5	0	0	0,39	0	-0,281025	NAN	
10,64	0,51	0,0005	0	0,39	0	-0,277125	NAN	
10,65	0,52	0,0015	0	0,6	0	-0,272175	NAN	
10,66	0,525	0,002	0	0,63	0	-0,266025	NAN	
10,67	0,535	0,003	0,0015	0,495	0	-0,2604	NAN	
10,68	0,54	0,0035	0	0,36	0	-0,256125	NAN	
10,69	0,55	0,004	0	0,375	0	-0,25245	NAN	
10,7	0,56	0,0045	0	0,585	0	-0,24765	NAN	
10,71	0,565	0,0055	0	0,645	0	-0,2415	NAN	
10,72	0,575	0,006	-0,0015	0,57	0	-0,235425	NAN	
10,73	0,58	0,0065	0	0,39	0	-0,230625	NAN	
10,74	0,59	0,0075	-0,0015	0,375	0	-0,2268	NAN	
10,75	0,6	0,008	0	0,615	0	-0,22185	NAN	
10,76	0,605	0,009	0	0,645	0	-0,21555	NAN	
10,77	0,615	0,0095	-0,0015	0,54	0	-0,209625	NAN	
10,78	0,62	0,01	0	0,39	0	-0,204975	NAN	
10,79	0,63	0,0105	-0,0015	0,375	0	-0,20115	NAN	
10,8	0,64	0,0115	0,0015	0,57	0	-0,196425	NAN	
10,81	0,645	0,012	0	0,645	0	-0,19035	NAN	
10,82	0,655	0,0125	0	0,615	0	-0,18405	NAN	
10,83	0,66	0,0135	0	0,405	0	-0,17895	NAN	
10,84	0,67	0,014	0	0,39	0	-0,174975	NAN	
10,85	0,68	0,015	0	0,615	0	-0,16995	NAN	
10,86	0,685	0,0155	0	0,66	0	-0,163575	NAN	
10,87	0,695	0,016	0	0,585	0	-0,15735	NAN	
10,88	0,7	0,017	0	0,42	0	-0,152325	NAN	
10,89	0,71	0,0175	-0,0015	0,39	0	-0,148275	NAN	
10,9	0,72	0,018	0	0,555	0	-0,14355	NAN	
10,91	0,725	0,019	0	0,675	0	-0,1374	NAN	
10,92	0,735	0,0195	0	0,675	0	-0,13065	NAN	
10,93	0,74	0,02	0	0,45	0	-0,125025	NAN	
10,94	0,75	0,021	0	0,405	0	-0,12075	NAN	
10,95	0,76	0,0215	0	0,585	0	-0,1158	NAN	
10,96	0,765	0,022	0,0015	0,66	0	-0,109575	NAN	
10,97	0,775	0,023	0	0,66	0	-0,102975	NAN	
10,98	0,78	0,0235	-0,0015	0,495	0	-0,0972	NAN	
10,99	0,79	0,0245	0	0,39	0	-0,092775	NAN	
11	0,8	0,025	-0,0015	0,45	0	-0,088575	NAN	
11,01	0,805	0,0255	0	0,675	0	-0,08295	NAN	
11,02	0,815	0,0265	0	0,69	0	-0,076125	NAN	
11,03	0,82	0,0275	0	0,51	0	-0,070125	NAN	
11,04	0,83	0,028	0	0,435	0	-0,0654	NAN	
11,05	0,84	0,0285	0	0,465	0	-0,0609	NAN	
11,06	0,845	0,0295	0	0,645	0	-0,05535	NAN	
11,07	0,855	0,03	0	0,705	0	-0,0486	NAN	
11,08	0,86	0,031	0	0,645	0	-0,04185	NAN	
11,09	0,87	0,0315	-0,0015	0,435	0	-0,03645	NAN	
11,1	0,88	0,0325	-0,0015	0,405	0	-0,03225	NAN	
11,11	0,885	0,033	-0,0015	0,615	0	-0,02715	NAN	
11,12	0,895	0,034	0	0,69	0	-0,020625	NAN	
11,13	0,9	0,0345	0	0,675	0	-0,0138	NAN	
11,14	0,91	0,035	0	0,525	0	-0,0078	NAN	
11,15	0,92	0,0355	0	0,435	0	-0,003	NAN	
11,16	0,925	0,0365	0	0,48	0	0,001575	NAN	
11,17	0,935	0,0375	-0,0015	0,705	0	0,0075	NAN	
11,18	0,94	0,038	0	0,72	0	0,014625	NAN	
11,19	0,95	0,0385	0	0,54	0	0,020925	NAN	
11,2	0,96	0,0395	0	0,45	0	0,025875	NAN	
11,21	0,965	0,04	0	0,435	0	0,0303	NAN	
11,22	0,975	0,041	-0,0015	0,615	0	0,03555	NAN	
11,23	0,98	0,0415	0	0,705	0	0,04215	NAN	
11,24	0,99	0,0425	0	0,705	0	0,0492	NAN	
11,25	1	0,043	0	0,48	0	0,055125	NAN	
11,26	1,005	0,044	0	0,45	0	0,059775	NAN	
11,27	1,015	0,0445	0	0,63	0	0,065175	NAN	
11,28	1,02	0,0455	-0,0015	0,705	0	0,07185	NAN	
11,29	1,03	0,046	0	0,72	0	0,078975	NAN	
11,3	1,04	0,047	0	0,6	0	0,085575	NAN	
11,31	1,045	0,046	0	0,45	0	0,090825	NAN	
11,32	1,055	0,0485	0	0,45	0	0,095325	NAN	
11,33	1,06	0,049	0	0,69	0	0,101025	NAN	
11,34	1,07	0,05	0,0015	0,72	0	0,108075	NAN	
11,35	1,08	0,0505	0	0,63	0	0,114825	NAN	
11,36	1,085	0,0515	0	0,51	0	0,120525	NAN	
11,37	1,095	0,052	0	0,465	0	0,1254	NAN	
11,38	1,1	0,053	0	0,555	0	0,1305	NAN	
11,39	1,11	0,0535	0	0,735	0	0,13695	NAN	
11,4	1,12	0,0545	0	0,735	0	0,1443	NAN	
11,41	1,125	0,055	0	0,525	0	0,1506	NAN	
11,42	1,135	0,056	-0,0015	0,465	0	0,15555	NAN	
11,43	1,14	0,0565	0	0,495	0	0,16035	NAN	
11,44	1,15	0,0575	-0,0015	0,66	0	0,166125	NAN	
11,45	1,16	0,0575	0	0,735	0	0,1731	NAN	
11,46	1,165	0,059	0	0,72	0	0,180375	NAN	
11,47	1,175	0,06	0	0,495	0	0,18645	NAN	
11,48	1,18	0,0605	0	0,48	0	0,191325	NAN	
11,49	1,19	0,0615	0	0,66	0	0,197025	NAN	
11,5	1,2	0,062	-0,0015	0,735	0	0,204	NAN	
11,51	1,205	0,0625	0,0015	0,75	0	0,211425	NAN	
11,52	1,215	0,0635	0	0,6	0	0,218175	NAN	
11,53	1,22	0,0645	0	0,45	0	0,223425	NAN	
11,54	1,23	0,0655	0	0,465	0	0,228	NAN	
11,55	1,24	0,066	0	0,72	0	0,233925	NAN	
11,56	1,245	0,067	0	0,735	0	0,2412	NAN	
11,57	1,255	0,0675	0	0,615	0	0,24795	NAN	
11,58	1,26	0,0685	0	0,525	0	0,25365	NAN	
11,59	1,27	0,0675	0	0,495	0	0,25875	NAN	
11,6	1,28	0,07	0	0,615	0	0,2643	NAN	
11,61	1,285	0,0705	-0,0015	0,765	0	0,2712	NAN	
11,62	1,295	0,0715	0	0,765	0	0,27885	NAN	
11,63	1,3	0,0725	0	0,525	0	0,2853	NAN	
11,64	1,31	0,073	0	0,48	0	0,290325	NAN	
11,65	1,32	0,074	0	0,6	0	0,295725	NAN	
11,66	1,325	0,0745	0	0,69	0	0,302175	NAN	
11,67	1,335	0,0755	0	0,75	0	0,309375	NAN	
11,68	1,34	0,076	0	0,645	0	0,31635	NAN	
11,69	1,35	0,077	0	0,48	0	0,321975	NAN	
11,7	1,36	0,078	-0,0015	0,48	0	0,326775	NAN	
11,71	1,365	0,0785	0	0,735	0	0,33285	NAN	
11,72	1,375	0,0795	-0,0015	0,765	0	0,34035	NAN	
11,73	1,38	0,0805	0	0,63	0	0,347325	NAN	
11,74	1,39	0,081	0	0,525	0	0,3531	NAN	
11,75	1,4	0,082	0	0,495	0	0,3582	NAN	
11,76	1,405	0,0825	0	0,63	0	0,363825	NAN	
11,77	1,415	0,0835	-0,0015	0,765	0	0,3708	NAN	
11,78	1,42	0,0845	-0,0015	0,735	0	0,3783	NAN	
11,79	1,43	0,085	0	0,495	0	0,38445	NAN	
11,8	1,44	0,086	0	0,495	0	0,3894	NAN	
11,81	1,445	0,0865	0	0,69	0	0,395325	NAN	
11,82	1,455	0,0875	0	0,765	0	0,4026	NAN	
11,83	1,46	0,0885	0,0015	0,72	0	0,410025	NAN	
11,84	1,47	0,089	0	0,585	0	0,41655	NAN	
11,85	1,48	0,09	0	0,48	0	0,421875	NAN	
11,86	1,485	0,0905	0	0,57	0	0,427125	NAN	
11,87	1,495	0,0915	0	0,75	0	0,433725	NAN	
11,88	1,5	0,0925	0	0,75	0	0,441225	NAN	
11,89	1,51	0,0935	0	0,51	0	0,447525	NAN	
11,9	1,52	0,094	0	0,48	0	0,452475	NAN	
11,91	1,525	0,094	0	0,645	0	0,4581	NAN	
11,92	1,535	0,0955	0	0,735	0	0,465	NAN	
11,93	1,54	0,0965	-0,0015	0,735	0	0,47235	NAN	
11,94	1,55	0,0975	0	0,585	0	0,47895	NAN	
11,95	1,56	0,098	0	0,495	0	0,48435	NAN	
11,96	1,565	0,099	0	0,555	0	0,4896	NAN	
11,97	1,575	0,1	0	0,765	0	0,4962	NAN	
11,98	1,58	0,101	0	0,75	0	0,503775	NAN	
11,99	1,59	0,1015	0	0,525	0	0,51015	NAN	
12	1,6	0,1025	0	0,465	0	0,5151	NAN	
12,01	1,605	0,103	0	0,645	0	0,52065	NAN	
12,02	1,615	0,104	0,0015	0,735	0	0,52755	NAN	
12,03	1,62	0,105	0	0,705	0	0,53475	NAN	
12,04	1,63	0,1065	-0,0015	0,555	0	0,54105	NAN	
12,05	1,64	0,1065	0	0,51	0	0,546375	NAN	
12,06	1,645	0,1075	0	0,66	0	0,552225	NAN	
12,07	1,655	0,1085	0	0,78	0	0,559425	NAN	
12,08	1,66	0,109	0,0015	0,735	0	0,567	NAN	
12,09	1,67	0,11	0	0,48	0	0,573075	NAN	
12,1	1,68	0,111	0	0,48	0	0,577875	NAN	
12,11	1,685	0,1115	0	0,72	0	0,583875	NAN	
12,12	1,695	0,1125	0	0,75	0	0,591225	NAN	
12,13	1,7	0,1135	-0,0015	0,585	0	0,5979	NAN	
12,14	1,71	0,1145	0	0,495	0	0,6033	NAN	
12,15	1,72	0,115	0	0,6	0	0,608775	NAN	
12,16	1,725	0,1145	0	0,735	0	0,61545	NAN	
12,17	1,735	0,117	0	0,75	0	0,622875	NAN	
12,18	1,74	0,1175	0	0,57	0	0,629475	NAN	
12,19	1,75	0,1185	0	0,495	0	0,6348	NAN	
12,2	1,76	0,1195	0	0,615	0	0,64035	NAN	
12,21	1,765	0,1205	-0,0015	0,75	0	0,647175	NAN	
12,22	1,775	0,1215	-0,0015	0,72	0	0,654525	NAN	
12,23	1,78	0,122	0	0,48	0	0,660525	NAN	
12,24	1,79	0,1235	0	0,48	0	0,665325	NAN	
12,25	1,8	0,123	0,0015	0,735	0	0,6714	NAN	
12,26	1,805	0,125	0,0015	0,765	0	0,6789	NAN	
12,27	1,815	0,126	0	0,555	0	0,6855	NAN	
12,28	1,82	0,1265	0	0,48	0	0,690675	NAN	
12,29	1,83	0,1275	-0,0015	0,69	0	0,696525	NAN	
12,3	1,84	0,1285	-0,0015	0,765	0	0,7038	NAN	
12,31	1,845	0,1295	0	0,63	0	0,710775	NAN	
12,32	1,855	0,1305	0	0,495	0	0,7164	NAN	
12,33	1,86	0,131	-0,0015	0,57	0	0,721725	NAN	
12,34	1,87	0,132	0	0,705	0	0,7281	NAN	
12,35	1,88	0,133	0	0,705	0	0,73515	NAN	
12,36	1,885	0,134	0,0015	0,555	0	0,74145	NAN	
12,37	1,895	0,135	0	0,495	0	0,7467	NAN	
12,38	1,9	0,136	-0,0015	0,675	0	0,75255	NAN	
12,39	1,91	0,137	0	0,765	0	0,75975	NAN	
12,4	1,92	0,1375	0	0,675	0	0,76695	NAN	
12,41	1,925	0,1385	0	0,495	0	0,7728	NAN	
12,42	1,935	0,1395	0	0,57	0	0,778125	NAN	
12,43	1,94	0,1405	0,0015	0,735	0	0,78465	NAN	
12,44	1,95	0,1415	0	0,705	0	0,79185	NAN	
12,45	1,96	0,142	0	0,465	0	0,7977	NAN	
12,46	1,965	0,1435	-0,0015	0,48	0	0,802425	NAN	
12,47	1,975	0,144	0	0,72	0	0,808425	NAN	
12,48	1,98	0,145	0	0,75	0	0,815775	NAN	
12,49	1,99	0,146	0	0,495	0	0,822	NAN	
12,5	2	0,147	-0,0015	0,465	0	0,8268	NAN	
