MIN=0	-1	-0,3	0	
MAX=0,02	1	0,3	25000	
SCALE=1	0,5	0,1	10000	
DEC=5	3	4	0	
DEF="Zeit" t / ms	"Spannung" U_A1 / V	"Spannung" U_B1 / V	"Frequenz" f / Hz	
0	0,0095	0,0579	NAN	
0,02	0,01	0,0591	NAN	
0,04	0,0105	0,06015	NAN	
0,06	0,011	0,0609	NAN	
0,08	0,011	0,06165	NAN	
0,1	0,0115	0,06255	NAN	
0,12	0,0115	0,0636	NAN	
0,14	0,0115	0,0645	NAN	
0,16	0,0115	0,0651	NAN	
0,18	0,012	0,066	NAN	
0,2	0,012	0,0669	NAN	
0,22	0,0125	0,0678	NAN	
0,24	0,013	0,0687	NAN	
0,26	0,0135	0,0696	NAN	
0,28	0,013	0,07035	NAN	
0,3	0,0135	0,0711	NAN	
0,32	0,014	0,072	NAN	
0,34	0,014	0,0729	NAN	
0,36	0,014	0,0735	NAN	
0,38	0,014	0,0744	NAN	
0,4	0,015	0,0753	NAN	
0,42	0,0155	0,0762	NAN	
0,44	0,015	0,0768	NAN	
0,46	0,0165	0,078	NAN	
0,48	0,016	0,0786	NAN	
0,5	0,016	0,0792	NAN	
0,52	0,017	0,0804	NAN	
0,54	0,0175	0,081	NAN	
0,56	0,0175	0,08175	NAN	
0,58	0,018	0,08265	NAN	
0,6	0,0185	0,0834	NAN	
0,62	0,019	0,08445	NAN	
0,64	0,0195	0,08505	NAN	
0,66	0,0205	0,0858	NAN	
0,68	0,021	0,0867	NAN	
0,7	0,021	0,0873	NAN	
0,72	0,0215	0,08805	NAN	
0,74	0,0235	0,08895	NAN	
0,76	0,0235	0,0897	NAN	
0,78	0,024	0,09045	NAN	
0,8	0,0255	0,09105	NAN	
0,82	0,027	0,0921	NAN	
0,84	0,027	0,09285	NAN	
0,86	0,028	0,09345	NAN	
0,88	0,03	0,09435	NAN	
0,9	0,031	0,09495	NAN	
0,92	0,0325	0,09585	NAN	
0,94	0,0345	0,09675	NAN	
0,96	0,036	0,09735	NAN	
0,98	0,0375	0,0978	NAN	
1	0,039	0,0987	NAN	
1,02	0,042	0,0993	NAN	
1,04	0,044	0,0999	NAN	
1,06	0,0465	0,10065	NAN	
1,08	0,0495	0,10125	NAN	
1,1	0,0525	0,102	NAN	
1,12	0,056	0,10275	NAN	
1,14	0,059	0,10305	NAN	
1,16	0,0635	0,10395	NAN	
1,18	0,067	0,1047	NAN	
1,2	0,0715	0,10515	NAN	
1,22	0,077	0,1059	NAN	
1,24	0,0815	0,10665	NAN	
1,26	0,087	0,1071	NAN	
1,28	0,092	0,10785	NAN	
1,3	0,0975	0,1086	NAN	
1,32	0,103	0,1092	NAN	
1,34	0,109	0,1101	NAN	
1,36	0,115	0,1104	NAN	
1,38	0,1205	0,111	NAN	
1,4	0,1265	0,1116	NAN	
1,42	0,1325	0,1122	NAN	
1,44	0,1385	0,11295	NAN	
1,46	0,144	0,1134	NAN	
1,48	0,149	0,1137	NAN	
1,5	0,155	0,1143	NAN	
1,52	0,1605	0,11505	NAN	
1,54	0,166	0,1155	NAN	
1,56	0,171	0,1161	NAN	
1,58	0,1765	0,11655	NAN	
1,6	0,1815	0,11685	NAN	
1,62	0,1865	0,1176	NAN	
1,64	0,1915	0,11835	NAN	
1,66	0,1965	0,11865	NAN	
1,68	0,201	0,1191	NAN	
1,7	0,2055	0,1197	NAN	
1,72	0,21	0,1203	NAN	
1,74	0,2145	0,12075	NAN	
1,76	0,218	0,12105	NAN	
1,78	0,2225	0,1218	NAN	
1,8	0,226	0,1221	NAN	
1,82	0,2295	0,1227	NAN	
1,84	0,2335	0,1233	NAN	
1,86	0,2375	0,1236	NAN	
1,88	0,2405	0,12405	NAN	
1,9	0,2435	0,1245	NAN	
1,92	0,247	0,12525	NAN	
1,94	0,2495	0,1257	NAN	
1,96	0,252	0,12585	NAN	
1,98	0,255	0,1263	NAN	
2	0,258	0,1269	NAN	
2,02	0,2605	0,1272	NAN	
2,04	0,2625	0,12765	NAN	
2,06	0,265	0,12825	NAN	
2,08	0,267	0,12825	NAN	
2,1	0,2685	0,1287	NAN	
2,12	0,271	0,1293	NAN	
2,14	0,273	0,12975	NAN	
2,16	0,274	0,1299	NAN	
2,18	0,2755	0,1302	NAN	
2,2	0,2775	0,13065	NAN	
2,22	0,279	0,1311	NAN	
2,24	0,2795	0,13155	NAN	
2,26	0,2815	0,132	NAN	
2,28	0,2825	0,1323	NAN	
2,3	0,283	0,13245	NAN	
2,32	0,284	0,13275	NAN	
2,34	0,285	0,13335	NAN	
2,36	0,2855	0,13365	NAN	
2,38	0,286	0,1338	NAN	
2,4	0,287	0,13425	NAN	
2,42	0,2875	0,1344	NAN	
2,44	0,2875	0,135	NAN	
2,46	0,288	0,1353	NAN	
2,48	0,288	0,1356	NAN	
2,5	0,288	0,1359	NAN	
2,52	0,287	0,1362	NAN	
2,54	0,288	0,13665	NAN	
2,56	0,287	0,1368	NAN	
2,58	0,2865	0,1371	NAN	
2,6	0,2865	0,1374	NAN	
2,62	0,2865	0,13785	NAN	
2,64	0,2855	0,13785	NAN	
2,66	0,285	0,13785	NAN	
2,68	0,2845	0,13845	NAN	
2,7	0,2835	0,1386	NAN	
2,72	0,2825	0,13875	NAN	
2,74	0,2815	0,1389	NAN	
2,76	0,281	0,1392	NAN	
2,78	0,279	0,1395	NAN	
2,8	0,2775	0,13965	NAN	
2,82	0,2775	0,13995	NAN	
2,84	0,2755	0,14025	NAN	
2,86	0,275	0,1404	NAN	
2,88	0,273	0,14055	NAN	
2,9	0,2715	0,14055	NAN	
2,92	0,27	0,14085	NAN	
2,94	0,2685	0,141	NAN	
2,96	0,2675	0,14145	NAN	
2,98	0,2655	0,1413	NAN	
3	0,2635	0,14145	NAN	
3,02	0,2625	0,14175	NAN	
3,04	0,2605	0,14205	NAN	
3,06	0,2585	0,14205	NAN	
3,08	0,2565	0,1422	NAN	
3,1	0,255	0,1425	NAN	
3,12	0,2525	0,1425	NAN	
3,14	0,251	0,14265	NAN	
3,16	0,249	0,14265	NAN	
3,18	0,247	0,1428	NAN	
3,2	0,245	0,14295	NAN	
3,22	0,2425	0,1431	NAN	
3,24	0,241	0,1434	NAN	
3,26	0,239	0,1434	NAN	
3,28	0,236	0,14325	NAN	
3,3	0,234	0,1437	NAN	
3,32	0,232	0,1437	NAN	
3,34	0,2295	0,1437	NAN	
3,36	0,227	0,1437	NAN	
3,38	0,225	0,14385	NAN	
3,4	0,2225	0,14385	NAN	
3,42	0,2205	0,14385	NAN	
3,44	0,218	0,14415	NAN	
3,46	0,2155	0,14445	NAN	
3,48	0,212	0,14415	NAN	
3,5	0,2095	0,14415	NAN	
3,52	0,208	0,14445	NAN	
3,54	0,205	0,1443	NAN	
3,56	0,202	0,1443	NAN	
3,58	0,1995	0,14445	NAN	
3,6	0,1965	0,1443	NAN	
3,62	0,1945	0,14445	NAN	
3,64	0,1915	0,14445	NAN	
3,66	0,189	0,1446	NAN	
3,68	0,186	0,1446	NAN	
3,7	0,1825	0,14475	NAN	
3,72	0,1805	0,1443	NAN	
3,74	0,1775	0,14445	NAN	
3,76	0,174	0,1443	NAN	
3,78	0,171	0,1443	NAN	
3,8	0,169	0,1443	NAN	
3,82	0,1655	0,14415	NAN	
3,84	0,1625	0,14415	NAN	
3,86	0,1605	0,1443	NAN	
3,88	0,157	0,1443	NAN	
3,9	0,154	0,1443	NAN	
3,92	0,151	0,14415	NAN	
3,94	0,1485	0,14385	NAN	
3,96	0,1455	0,14385	NAN	
3,98	0,142	0,1437	NAN	
4	0,14	0,1437	NAN	
4,02	0,137	0,14355	NAN	
4,04	0,134	0,14355	NAN	
4,06	0,131	0,1437	NAN	
4,08	0,1285	0,1434	NAN	
4,1	0,1255	0,1434	NAN	
4,12	0,1225	0,1434	NAN	
4,14	0,1205	0,1434	NAN	
4,16	0,117	0,1431	NAN	
4,18	0,114	0,14295	NAN	
4,2	0,1115	0,1428	NAN	
4,22	0,1095	0,1428	NAN	
4,24	0,106	0,1425	NAN	
4,26	0,1035	0,1422	NAN	
4,28	0,101	0,14235	NAN	
4,3	0,098	0,1419	NAN	
4,32	0,095	0,1419	NAN	
4,34	0,0925	0,14175	NAN	
4,36	0,09	0,1416	NAN	
4,38	0,087	0,1413	NAN	
4,4	0,0845	0,14115	NAN	
4,42	0,083	0,141	NAN	
4,44	0,08	0,1407	NAN	
4,46	0,077	0,14055	NAN	
4,48	0,075	0,14055	NAN	
4,5	0,0725	0,1401	NAN	
4,52	0,07	0,13995	NAN	
4,54	0,0675	0,13965	NAN	
4,56	0,066	0,13965	NAN	
4,58	0,0635	0,1392	NAN	
4,6	0,0615	0,13905	NAN	
4,62	0,06	0,13875	NAN	
4,64	0,058	0,1386	NAN	
4,66	0,056	0,1383	NAN	
4,68	0,054	0,13785	NAN	
4,7	0,0525	0,13785	NAN	
4,72	0,051	0,1374	NAN	
4,74	0,0495	0,13695	NAN	
4,76	0,048	0,13695	NAN	
4,78	0,0465	0,1365	NAN	
4,8	0,045	0,13635	NAN	
4,82	0,044	0,1359	NAN	
4,84	0,0425	0,1359	NAN	
4,86	0,0415	0,1356	NAN	
4,88	0,0395	0,13515	NAN	
4,9	0,039	0,1347	NAN	
4,92	0,038	0,13455	NAN	
4,94	0,0365	0,13425	NAN	
4,96	0,0355	0,13365	NAN	
4,98	0,035	0,13335	NAN	
5	0,034	0,13305	NAN	
5,02	0,033	0,13275	NAN	
5,04	0,0325	0,13245	NAN	
5,06	0,0315	0,13185	NAN	
5,08	0,03	0,13155	NAN	
5,1	0,0295	0,13125	NAN	
5,12	0,0295	0,1308	NAN	
5,14	0,028	0,1305	NAN	
5,16	0,027	0,13005	NAN	
5,18	0,027	0,12975	NAN	
5,2	0,026	0,12915	NAN	
5,22	0,0255	0,12855	NAN	
5,24	0,0245	0,12825	NAN	
5,26	0,0245	0,1278	NAN	
5,28	0,0235	0,1275	NAN	
5,3	0,023	0,1272	NAN	
5,32	0,023	0,1269	NAN	
5,34	0,022	0,1263	NAN	
5,36	0,021	0,12585	NAN	
5,38	0,021	0,12555	NAN	
5,4	0,0205	0,12495	NAN	
5,42	0,0205	0,1245	NAN	
5,44	0,0195	0,1239	NAN	
5,46	0,0195	0,12375	NAN	
5,48	0,019	0,123	NAN	
5,5	0,0185	0,1224	NAN	
5,52	0,0185	0,12225	NAN	
5,54	0,0185	0,1215	NAN	
5,56	0,0175	0,12105	NAN	
5,58	0,0165	0,12045	NAN	
5,6	0,017	0,12	NAN	
5,62	0,0165	0,1197	NAN	
5,64	0,016	0,11895	NAN	
5,66	0,016	0,1185	NAN	
5,68	0,0155	0,11805	NAN	
5,7	0,015	0,1173	NAN	
5,72	0,0145	0,1167	NAN	
5,74	0,0155	0,11655	NAN	
5,76	0,0145	0,1158	NAN	
5,78	0,014	0,1152	NAN	
5,8	0,014	0,1146	NAN	
5,82	0,014	0,11385	NAN	
5,84	0,0135	0,11355	NAN	
5,86	0,013	0,11295	NAN	
5,88	0,013	0,1125	NAN	
5,9	0,013	0,1119	NAN	
5,92	0,0125	0,1113	NAN	
5,94	0,013	0,11085	NAN	
5,96	0,0125	0,1101	NAN	
5,98	0,0115	0,10935	NAN	
6	0,0115	0,10875	NAN	
6,02	0,012	0,1083	NAN	
6,04	0,0115	0,10755	NAN	
6,06	0,011	0,10665	NAN	
6,08	0,011	0,10605	NAN	
6,1	0,011	0,1056	NAN	
6,12	0,0105	0,10515	NAN	
6,14	0,0105	0,1044	NAN	
6,16	0,011	0,1038	NAN	
6,18	0,01	0,1029	NAN	
6,2	0,0095	0,10275	NAN	
6,22	0,01	0,1017	NAN	
6,24	0,01	0,1011	NAN	
6,26	0,0095	0,10035	NAN	
6,28	0,009	0,0996	NAN	
6,3	0,0095	0,099	NAN	
6,32	0,009	0,09825	NAN	
6,34	0,009	0,0978	NAN	
6,36	0,009	0,0972	NAN	
6,38	0,0085	0,09645	NAN	
6,4	0,0085	0,0957	NAN	
6,42	0,0085	0,09495	NAN	
6,44	0,0085	0,09405	NAN	
6,46	0,0075	0,0933	NAN	
6,48	0,0075	0,09285	NAN	
6,5	0,008	0,0921	NAN	
6,52	0,0075	0,09135	NAN	
6,54	0,007	0,0906	NAN	
6,56	0,0075	0,08985	NAN	
6,58	0,007	0,0891	NAN	
6,6	0,0065	0,0885	NAN	
6,62	0,0065	0,0876	NAN	
6,64	0,0065	0,08685	NAN	
6,66	0,006	0,08595	NAN	
6,68	0,006	0,0852	NAN	
6,7	0,006	0,08445	NAN	
6,72	0,006	0,0837	NAN	
6,74	0,006	0,0831	NAN	
6,76	0,005	0,08235	NAN	
6,78	0,0055	0,0816	NAN	
6,8	0,0055	0,0807	NAN	
6,82	0,005	0,0798	NAN	
6,84	0,005	0,0792	NAN	
6,86	0,005	0,07845	NAN	
6,88	0,0045	0,0774	NAN	
6,9	0,0045	0,0768	NAN	
6,92	0,005	0,07605	NAN	
6,94	0,005	0,07515	NAN	
6,96	0,0045	0,07425	NAN	
6,98	0,004	0,0735	NAN	
7	0,0045	0,07275	NAN	
7,02	0,0045	0,07185	NAN	
7,04	0,004	0,07095	NAN	
7,06	0,004	0,07035	NAN	
7,08	0,0035	0,06945	NAN	
7,1	0,0035	0,0684	NAN	
7,12	0,0035	0,0678	NAN	
7,14	0,004	0,06705	NAN	
7,16	0,003	0,06615	NAN	
7,18	0,003	0,06525	NAN	
7,2	0,0035	0,06465	NAN	
7,22	0,003	0,06375	NAN	
7,24	0,0025	0,0627	NAN	
7,26	0,0025	0,0621	NAN	
7,28	0,003	0,0612	NAN	
7,3	0,0025	0,0603	NAN	
7,32	0,0025	0,0594	NAN	
7,34	0,0025	0,0585	NAN	
7,36	0,0025	0,0576	NAN	
7,38	0,002	0,0567	NAN	
7,4	0,002	0,05595	NAN	
7,42	0,0025	0,0552	NAN	
7,44	0,002	0,0543	NAN	
7,46	0,0015	0,05325	NAN	
7,48	0,002	0,0522	NAN	
7,5	0,002	0,05145	NAN	
7,52	0,0015	0,05055	NAN	
7,54	0,002	0,04995	NAN	
7,56	0,0015	0,0489	NAN	
7,58	0,0015	0,04815	NAN	
7,6	0,001	0,04725	NAN	
7,62	0,0015	0,04635	NAN	
7,64	0,001	0,0453	NAN	
7,66	0,0005	0,04455	NAN	
7,68	0,001	0,0438	NAN	
7,7	0,001	0,04305	NAN	
7,72	0,0005	0,0417	NAN	
7,74	0,0005	0,0411	NAN	
7,76	0,0005	0,04035	NAN	
7,78	0,0005	0,0393	NAN	
7,8	0	0,03855	NAN	
7,82	0,0005	0,03765	NAN	
7,84	0	0,0366	NAN	
7,86	0	0,03585	NAN	
7,88	-0,0005	0,0348	NAN	
7,9	0,0005	0,0342	NAN	
7,92	0	0,0333	NAN	
7,94	0	0,03225	NAN	
7,96	0	0,0312	NAN	
7,98	0	0,0306	NAN	
8	-0,0005	0,0294	NAN	
8,02	-0,0005	0,02865	NAN	
8,04	0	0,0279	NAN	
8,06	-0,001	0,0267	NAN	
8,08	-0,001	0,0258	NAN	
8,1	-0,0005	0,02535	NAN	
8,12	-0,0005	0,0243	NAN	
8,14	-0,001	0,0234	NAN	
8,16	-0,001	0,0225	NAN	
8,18	-0,0005	0,02145	NAN	
8,2	-0,0005	0,0207	NAN	
8,22	-0,001	0,01995	NAN	
8,24	-0,0015	0,0189	NAN	
8,26	-0,0015	0,01815	NAN	
8,28	-0,002	0,01695	NAN	
8,3	-0,0015	0,01605	NAN	
8,32	-0,001	0,0156	NAN	
8,34	-0,0015	0,0147	NAN	
8,36	-0,002	0,0135	NAN	
8,38	-0,0015	0,01245	NAN	
8,4	-0,002	0,0117	NAN	
8,42	-0,002	0,0108	NAN	
8,44	-0,002	0,00975	NAN	
8,46	-0,002	0,009	NAN	
8,48	-0,002	0,00825	NAN	
8,5	-0,0025	0,0075	NAN	
8,52	-0,002	0,00645	NAN	
8,54	-0,0025	0,0054	NAN	
8,56	-0,0025	0,00465	NAN	
8,58	-0,0025	0,00375	NAN	
8,6	-0,0025	0,00285	NAN	
8,62	-0,0025	0,0018	NAN	
8,64	-0,003	0,0009	NAN	
8,66	-0,003	0	NAN	
8,68	-0,003	-0,0009	NAN	
8,7	-0,003	-0,0018	NAN	
8,72	-0,003	-0,00255	NAN	
8,74	-0,0025	-0,00345	NAN	
8,76	-0,0035	-0,0045	NAN	
8,78	-0,0035	-0,00525	NAN	
8,8	-0,003	-0,0063	NAN	
8,82	-0,003	-0,00735	NAN	
8,84	-0,004	-0,00825	NAN	
8,86	-0,004	-0,00915	NAN	
8,88	-0,0035	-0,0099	NAN	
8,9	-0,004	-0,0108	NAN	
8,92	-0,004	-0,0117	NAN	
8,94	-0,0035	-0,0126	NAN	
8,96	-0,0045	-0,0135	NAN	
8,98	-0,0045	-0,01455	NAN	
9	-0,004	-0,01545	NAN	
9,02	-0,004	-0,01635	NAN	
9,04	-0,0045	-0,01725	NAN	
9,06	-0,005	-0,01815	NAN	
9,08	-0,0045	-0,0189	NAN	
9,1	-0,0045	-0,0198	NAN	
9,12	-0,005	-0,02115	NAN	
9,14	-0,005	-0,0219	NAN	
9,16	-0,005	-0,02265	NAN	
9,18	-0,0055	-0,02385	NAN	
9,2	-0,0055	-0,02445	NAN	
9,22	-0,005	-0,0252	NAN	
9,24	-0,0055	-0,02625	NAN	
9,26	-0,0055	-0,02715	NAN	
9,28	-0,0055	-0,0279	NAN	
9,3	-0,005	-0,0288	NAN	
9,32	-0,0055	-0,0297	NAN	
9,34	-0,006	-0,0309	NAN	
9,36	-0,006	-0,0315	NAN	
9,38	-0,0065	-0,03255	NAN	
9,4	-0,0065	-0,0336	NAN	
9,42	-0,0065	-0,03435	NAN	
9,44	-0,0065	-0,03525	NAN	
9,46	-0,007	-0,0363	NAN	
9,48	-0,007	-0,0372	NAN	
9,5	-0,0065	-0,0378	NAN	
9,52	-0,007	-0,0387	NAN	
9,54	-0,007	-0,0399	NAN	
9,56	-0,0075	-0,04065	NAN	
9,58	-0,0075	-0,04155	NAN	
9,6	-0,008	-0,04245	NAN	
9,62	-0,0075	-0,0435	NAN	
9,64	-0,008	-0,04425	NAN	
9,66	-0,0085	-0,0453	NAN	
9,68	-0,0085	-0,0462	NAN	
9,7	-0,0085	-0,0468	NAN	
9,72	-0,0085	-0,0477	NAN	
9,74	-0,0085	-0,04875	NAN	
9,76	-0,009	-0,0498	NAN	
9,78	-0,009	-0,0504	NAN	
9,8	-0,0095	-0,05145	NAN	
9,82	-0,0095	-0,0525	NAN	
9,84	-0,0095	-0,05325	NAN	
9,86	-0,0095	-0,05415	NAN	
9,88	-0,01	-0,0549	NAN	
9,9	-0,01	-0,05595	NAN	
9,92	-0,0105	-0,0567	NAN	
9,94	-0,01	-0,05745	NAN	
9,96	-0,011	-0,0585	NAN	
9,98	-0,011	-0,0594	NAN	
10	-0,0105	-0,06015	NAN	
10,02	-0,011	-0,0612	NAN	
10,04	-0,012	-0,06195	NAN	
10,06	-0,0115	-0,063	NAN	
10,08	-0,012	-0,06375	NAN	
10,1	-0,0115	-0,06465	NAN	
10,12	-0,012	-0,0654	NAN	
10,14	-0,0125	-0,0663	NAN	
10,16	-0,013	-0,0672	NAN	
10,18	-0,0135	-0,06795	NAN	
10,2	-0,0125	-0,06885	NAN	
10,22	-0,0135	-0,0699	NAN	
10,24	-0,014	-0,07065	NAN	
10,26	-0,0135	-0,07125	NAN	
10,28	-0,0145	-0,0723	NAN	
10,3	-0,0145	-0,0732	NAN	
10,32	-0,0145	-0,07395	NAN	
10,34	-0,0145	-0,0747	NAN	
10,36	-0,0155	-0,0756	NAN	
10,38	-0,016	-0,0765	NAN	
10,4	-0,0155	-0,0771	NAN	
10,42	-0,0155	-0,07815	NAN	
10,44	-0,0165	-0,07905	NAN	
10,46	-0,017	-0,07995	NAN	
10,48	-0,0165	-0,0807	NAN	
10,5	-0,0175	-0,0816	NAN	
10,52	-0,0175	-0,0825	NAN	
10,54	-0,018	-0,08295	NAN	
10,56	-0,0185	-0,08385	NAN	
10,58	-0,019	-0,0846	NAN	
10,6	-0,02	-0,08535	NAN	
10,62	-0,02	-0,08625	NAN	
10,64	-0,0205	-0,087	NAN	
10,66	-0,022	-0,08805	NAN	
10,68	-0,0215	-0,08865	NAN	
10,7	-0,0225	-0,08925	NAN	
10,72	-0,023	-0,09015	NAN	
10,74	-0,0245	-0,09105	NAN	
10,76	-0,0245	-0,09165	NAN	
10,78	-0,0255	-0,0924	NAN	
10,8	-0,0265	-0,0933	NAN	
10,82	-0,0275	-0,0939	NAN	
10,84	-0,0285	-0,0948	NAN	
10,86	-0,0305	-0,0954	NAN	
10,88	-0,0315	-0,09615	NAN	
10,9	-0,0325	-0,0969	NAN	
10,92	-0,034	-0,09765	NAN	
10,94	-0,036	-0,09855	NAN	
10,96	-0,037	-0,09915	NAN	
10,98	-0,0395	-0,09975	NAN	
11	-0,0415	-0,1005	NAN	
11,02	-0,044	-0,1011	NAN	
11,04	-0,046	-0,10185	NAN	
11,06	-0,049	-0,1026	NAN	
11,08	-0,052	-0,10335	NAN	
11,1	-0,055	-0,10395	NAN	
11,12	-0,059	-0,1047	NAN	
11,14	-0,0625	-0,1053	NAN	
11,16	-0,066	-0,10605	NAN	
11,18	-0,0705	-0,10665	NAN	
11,2	-0,075	-0,10725	NAN	
11,22	-0,0805	-0,10815	NAN	
11,24	-0,0855	-0,1086	NAN	
11,26	-0,0905	-0,1089	NAN	
11,28	-0,096	-0,1098	NAN	
11,3	-0,1015	-0,11025	NAN	
11,32	-0,107	-0,11085	NAN	
11,34	-0,1135	-0,11175	NAN	
11,36	-0,119	-0,1122	NAN	
11,38	-0,1245	-0,11265	NAN	
11,4	-0,1305	-0,1134	NAN	
11,42	-0,1365	-0,11385	NAN	
11,44	-0,142	-0,1146	NAN	
11,46	-0,1475	-0,1152	NAN	
11,48	-0,1535	-0,1155	NAN	
11,5	-0,159	-0,11625	NAN	
11,52	-0,164	-0,1167	NAN	
11,54	-0,17	-0,11745	NAN	
11,56	-0,1755	-0,1179	NAN	
11,58	-0,18	-0,11835	NAN	
11,6	-0,185	-0,1191	NAN	
11,62	-0,1905	-0,1197	NAN	
11,64	-0,1955	-0,12015	NAN	
11,66	-0,1995	-0,1206	NAN	
11,68	-0,2045	-0,12105	NAN	
11,7	-0,2095	-0,12165	NAN	
11,72	-0,2135	-0,1221	NAN	
11,74	-0,2175	-0,1227	NAN	
11,76	-0,2215	-0,12315	NAN	
11,78	-0,226	-0,1236	NAN	
11,8	-0,229	-0,1239	NAN	
11,82	-0,233	-0,1245	NAN	
11,84	-0,237	-0,12495	NAN	
11,86	-0,24	-0,1254	NAN	
11,88	-0,243	-0,12585	NAN	
11,9	-0,2465	-0,1266	NAN	
11,92	-0,25	-0,1269	NAN	
11,94	-0,2525	-0,12735	NAN	
11,96	-0,255	-0,1278	NAN	
11,98	-0,258	-0,12825	NAN	
12	-0,26	-0,12855	NAN	
12,02	-0,2625	-0,129	NAN	
12,04	-0,2655	-0,12945	NAN	
12,06	-0,2675	-0,1299	NAN	
12,08	-0,269	-0,13005	NAN	
12,1	-0,2715	-0,13065	NAN	
12,12	-0,273	-0,1311	NAN	
12,14	-0,2745	-0,1314	NAN	
12,16	-0,2765	-0,13185	NAN	
12,18	-0,278	-0,13215	NAN	
12,2	-0,279	-0,1326	NAN	
12,22	-0,2805	-0,1329	NAN	
12,24	-0,2815	-0,1332	NAN	
12,26	-0,283	-0,13335	NAN	
12,28	-0,2835	-0,1341	NAN	
12,3	-0,2845	-0,13425	NAN	
12,32	-0,286	-0,1347	NAN	
12,34	-0,2865	-0,13515	NAN	
12,36	-0,2865	-0,1353	NAN	
12,38	-0,2875	-0,13575	NAN	
12,4	-0,288	-0,13605	NAN	
12,42	-0,2885	-0,13635	NAN	
12,44	-0,289	-0,13665	NAN	
12,46	-0,2885	-0,1368	NAN	
12,48	-0,289	-0,13725	NAN	
12,5	-0,2885	-0,1377	NAN	
12,52	-0,289	-0,138	NAN	
12,54	-0,289	-0,13845	NAN	
12,56	-0,288	-0,13845	NAN	
12,58	-0,2885	-0,13875	NAN	
12,6	-0,288	-0,13905	NAN	
12,62	-0,2875	-0,13905	NAN	
12,64	-0,2865	-0,13935	NAN	
12,66	-0,286	-0,1398	NAN	
12,68	-0,285	-0,13995	NAN	
12,7	-0,284	-0,14025	NAN	
12,72	-0,2835	-0,1407	NAN	
12,74	-0,2825	-0,14085	NAN	
12,76	-0,281	-0,141	NAN	
12,78	-0,2795	-0,14115	NAN	
12,8	-0,2785	-0,14145	NAN	
12,82	-0,278	-0,1419	NAN	
12,84	-0,276	-0,1416	NAN	
12,86	-0,275	-0,1422	NAN	
12,88	-0,2735	-0,14235	NAN	
12,9	-0,272	-0,14235	NAN	
12,92	-0,2705	-0,14265	NAN	
12,94	-0,269	-0,1428	NAN	
12,96	-0,2675	-0,14295	NAN	
12,98	-0,2655	-0,14295	NAN	
13	-0,2635	-0,14325	NAN	
13,02	-0,2625	-0,14355	NAN	
13,04	-0,2605	-0,1437	NAN	
13,06	-0,2585	-0,1437	NAN	
13,08	-0,257	-0,144	NAN	
13,1	-0,255	-0,14415	NAN	
13,12	-0,2525	-0,14415	NAN	
13,14	-0,251	-0,1446	NAN	
13,16	-0,249	-0,14445	NAN	
13,18	-0,247	-0,1446	NAN	
13,2	-0,2445	-0,14445	NAN	
13,22	-0,243	-0,14475	NAN	
13,24	-0,241	-0,14505	NAN	
13,26	-0,2385	-0,1449	NAN	
13,28	-0,2365	-0,14505	NAN	
13,3	-0,2345	-0,1455	NAN	
13,32	-0,232	-0,14535	NAN	
13,34	-0,2295	-0,14565	NAN	
13,36	-0,2275	-0,1455	NAN	
13,38	-0,225	-0,1455	NAN	
13,4	-0,222	-0,1455	NAN	
13,42	-0,2195	-0,14565	NAN	
13,44	-0,218	-0,14565	NAN	
13,46	-0,2145	-0,1458	NAN	
13,48	-0,212	-0,1458	NAN	
13,5	-0,21	-0,1458	NAN	
13,52	-0,207	-0,1458	NAN	
13,54	-0,2045	-0,1458	NAN	
13,56	-0,2015	-0,1461	NAN	
13,58	-0,199	-0,14595	NAN	
13,6	-0,196	-0,1461	NAN	
13,62	-0,1935	-0,1461	NAN	
13,64	-0,1905	-0,1461	NAN	
13,66	-0,1875	-0,1461	NAN	
13,68	-0,1845	-0,1461	NAN	
13,7	-0,182	-0,1461	NAN	
13,72	-0,1795	-0,1461	NAN	
13,74	-0,1755	-0,14595	NAN	
13,76	-0,173	-0,14595	NAN	
13,78	-0,171	-0,14595	NAN	
13,8	-0,168	-0,1458	NAN	
13,82	-0,165	-0,14595	NAN	
13,84	-0,1625	-0,1461	NAN	
13,86	-0,159	-0,1458	NAN	
13,88	-0,1555	-0,1455	NAN	
13,9	-0,1535	-0,1458	NAN	
13,92	-0,151	-0,14565	NAN	
13,94	-0,1475	-0,14565	NAN	
13,96	-0,1445	-0,1455	NAN	
13,98	-0,1425	-0,1455	NAN	
14	-0,139	-0,14565	NAN	
14,02	-0,136	-0,1455	NAN	
14,04	-0,1335	-0,1455	NAN	
14,06	-0,131	-0,1452	NAN	
14,08	-0,1275	-0,1449	NAN	
14,1	-0,124	-0,1449	NAN	
14,12	-0,1225	-0,1449	NAN	
14,14	-0,1195	-0,14475	NAN	
14,16	-0,1155	-0,1446	NAN	
14,18	-0,1135	-0,1443	NAN	
14,2	-0,1105	-0,1443	NAN	
14,22	-0,108	-0,14415	NAN	
14,24	-0,1055	-0,144	NAN	
14,26	-0,102	-0,1437	NAN	
14,28	-0,0995	-0,14385	NAN	
14,3	-0,0965	-0,1434	NAN	
14,32	-0,0945	-0,1434	NAN	
14,34	-0,0915	-0,1434	NAN	
14,36	-0,0885	-0,1428	NAN	
14,38	-0,086	-0,1428	NAN	
14,4	-0,084	-0,14265	NAN	
14,42	-0,081	-0,14235	NAN	
14,44	-0,079	-0,1422	NAN	
14,46	-0,076	-0,1419	NAN	
14,48	-0,074	-0,14205	NAN	
14,5	-0,0715	-0,1416	NAN	
14,52	-0,0695	-0,1413	NAN	
14,54	-0,0675	-0,1413	NAN	
14,56	-0,065	-0,141	NAN	
14,58	-0,063	-0,1407	NAN	
14,6	-0,061	-0,14055	NAN	
14,62	-0,0595	-0,14055	NAN	
14,64	-0,0575	-0,1401	NAN	
14,66	-0,056	-0,1398	NAN	
14,68	-0,054	-0,1395	NAN	
14,7	-0,053	-0,1392	NAN	
14,72	-0,0505	-0,1389	NAN	
14,74	-0,0495	-0,13875	NAN	
14,76	-0,048	-0,13845	NAN	
14,78	-0,0465	-0,138	NAN	
14,8	-0,045	-0,1377	NAN	
14,82	-0,0445	-0,1377	NAN	
14,84	-0,043	-0,1371	NAN	
14,86	-0,041	-0,13725	NAN	
14,88	-0,04	-0,1368	NAN	
14,9	-0,0385	-0,13605	NAN	
14,92	-0,038	-0,1359	NAN	
14,94	-0,037	-0,1356	NAN	
14,96	-0,0365	-0,1353	NAN	
14,98	-0,035	-0,135	NAN	
15	-0,0335	-0,13455	NAN	
15,02	-0,0335	-0,1344	NAN	
15,04	-0,032	-0,1338	NAN	
15,06	-0,031	-0,1332	NAN	
15,08	-0,031	-0,13305	NAN	
15,1	-0,03	-0,13275	NAN	
15,12	-0,0295	-0,1323	NAN	
15,14	-0,0285	-0,13185	NAN	
15,16	-0,0275	-0,13155	NAN	
15,18	-0,027	-0,1311	NAN	
15,2	-0,0265	-0,1308	NAN	
15,22	-0,026	-0,13035	NAN	
15,24	-0,0255	-0,13005	NAN	
15,26	-0,0245	-0,12945	NAN	
15,28	-0,024	-0,12885	NAN	
15,3	-0,0235	-0,1287	NAN	
15,32	-0,0235	-0,1281	NAN	
15,34	-0,022	-0,12765	NAN	
15,36	-0,022	-0,12735	NAN	
15,38	-0,0215	-0,1269	NAN	
15,4	-0,021	-0,12645	NAN	
15,42	-0,0205	-0,12585	NAN	
15,44	-0,0205	-0,12555	NAN	
15,46	-0,02	-0,1251	NAN	
15,48	-0,019	-0,12435	NAN	
15,5	-0,019	-0,1239	NAN	
15,52	-0,0195	-0,1236	NAN	
15,54	-0,018	-0,12285	NAN	
15,56	-0,018	-0,12255	NAN	
15,58	-0,018	-0,1221	NAN	
15,6	-0,0175	-0,12135	NAN	
15,62	-0,017	-0,1209	NAN	
15,64	-0,017	-0,12045	NAN	
15,66	-0,017	-0,12015	NAN	
15,68	-0,016	-0,11955	NAN	
15,7	-0,0155	-0,1188	NAN	
15,72	-0,016	-0,1182	NAN	
15,74	-0,0155	-0,1179	NAN	
15,76	-0,015	-0,117	NAN	
15,78	-0,015	-0,11655	NAN	
15,8	-0,0145	-0,11625	NAN	
15,82	-0,0145	-0,11565	NAN	
15,84	-0,014	-0,1149	NAN	
15,86	-0,0145	-0,11445	NAN	
15,88	-0,0135	-0,1137	NAN	
15,9	-0,0135	-0,1131	NAN	
15,92	-0,0135	-0,1125	NAN	
15,94	-0,013	-0,11205	NAN	
15,96	-0,013	-0,1116	NAN	
15,98	-0,0125	-0,11085	NAN	
16	-0,0125	-0,1104	NAN	
16,02	-0,013	-0,1098	NAN	
16,04	-0,012	-0,1089	NAN	
16,06	-0,0125	-0,1083	NAN	
16,08	-0,0115	-0,1077	NAN	
16,1	-0,011	-0,1068	NAN	
16,12	-0,0115	-0,10635	NAN	
16,14	-0,0115	-0,1059	NAN	
16,16	-0,011	-0,10515	NAN	
16,18	-0,011	-0,10455	NAN	
16,2	-0,011	-0,1038	NAN	
16,22	-0,011	-0,1032	NAN	
16,24	-0,01	-0,10245	NAN	
16,26	-0,01	-0,1017	NAN	
16,28	-0,0105	-0,1011	NAN	
16,3	-0,01	-0,1005	NAN	
16,32	-0,0095	-0,09975	NAN	
16,34	-0,0095	-0,0993	NAN	
16,36	-0,0095	-0,09855	NAN	
16,38	-0,009	-0,09765	NAN	
16,4	-0,0095	-0,0969	NAN	
16,42	-0,009	-0,0963	NAN	
16,44	-0,0085	-0,09555	NAN	
16,46	-0,0085	-0,0948	NAN	
16,48	-0,0085	-0,09405	NAN	
16,5	-0,0085	-0,09345	NAN	
16,52	-0,008	-0,09255	NAN	
16,54	-0,008	-0,09195	NAN	
16,56	-0,008	-0,0912	NAN	
16,58	-0,008	-0,0903	NAN	
16,6	-0,0075	-0,0897	NAN	
16,62	-0,0075	-0,0891	NAN	
16,64	-0,0075	-0,0882	NAN	
16,66	-0,007	-0,0873	NAN	
16,68	-0,007	-0,08655	NAN	
16,7	-0,007	-0,0861	NAN	
16,72	-0,007	-0,0849	NAN	
16,74	-0,0065	-0,0843	NAN	
16,76	-0,0065	-0,0837	NAN	
16,78	-0,0065	-0,08295	NAN	
16,8	-0,006	-0,08205	NAN	
16,82	-0,0065	-0,0813	NAN	
16,84	-0,006	-0,08055	NAN	
16,86	-0,006	-0,0798	NAN	
16,88	-0,0055	-0,0786	NAN	
16,9	-0,0055	-0,078	NAN	
16,92	-0,0055	-0,0768	NAN	
16,94	-0,005	-0,0762	NAN	
16,96	-0,0055	-0,0756	NAN	
16,98	-0,0055	-0,075	NAN	
17	-0,005	-0,07395	NAN	
17,02	-0,005	-0,07305	NAN	
17,04	-0,0045	-0,0723	NAN	
17,06	-0,005	-0,0717	NAN	
17,08	-0,004	-0,07065	NAN	
17,1	-0,0045	-0,0699	NAN	
17,12	-0,0045	-0,06915	NAN	
17,14	-0,0045	-0,06825	NAN	
17,16	-0,004	-0,06735	NAN	
17,18	-0,004	-0,0666	NAN	
17,2	-0,0045	-0,06585	NAN	
17,22	-0,0035	-0,0648	NAN	
17,24	-0,0035	-0,0639	NAN	
17,26	-0,0035	-0,06315	NAN	
17,28	-0,0035	-0,06225	NAN	
17,3	-0,003	-0,0615	NAN	
17,32	-0,004	-0,0606	NAN	
17,34	-0,0035	-0,0597	NAN	
17,36	-0,003	-0,05865	NAN	
17,38	-0,003	-0,0582	NAN	
17,4	-0,0035	-0,0573	NAN	
17,42	-0,003	-0,05625	NAN	
17,44	-0,0025	-0,0555	NAN	
17,46	-0,003	-0,0546	NAN	
17,48	-0,0025	-0,0537	NAN	
17,5	-0,002	-0,0528	NAN	
17,52	-0,0025	-0,05205	NAN	
17,54	-0,0025	-0,05115	NAN	
17,56	-0,0025	-0,0501	NAN	
17,58	-0,002	-0,04935	NAN	
17,6	-0,0025	-0,0486	NAN	
17,62	-0,002	-0,04755	NAN	
17,64	-0,0015	-0,04665	NAN	
17,66	-0,002	-0,0459	NAN	
17,68	-0,002	-0,045	NAN	
17,7	-0,0015	-0,04395	NAN	
17,72	-0,001	-0,0432	NAN	
17,74	-0,0015	-0,0423	NAN	
17,76	-0,0015	-0,0417	NAN	
17,78	-0,001	-0,0405	NAN	
17,8	-0,0015	-0,03975	NAN	
17,82	-0,0015	-0,039	NAN	
17,84	-0,0005	-0,0378	NAN	
17,86	-0,0005	-0,03675	NAN	
17,88	-0,001	-0,03615	NAN	
17,9	-0,001	-0,0351	NAN	
17,92	-0,0005	-0,0342	NAN	
17,94	-0,0005	-0,0333	NAN	
17,96	-0,0005	-0,03255	NAN	
17,98	-0,0005	-0,0318	NAN	
18	0	-0,0306	NAN	
18,02	-0,0005	-0,03	NAN	
18,04	-0,0005	-0,02895	NAN	
18,06	0,0005	-0,0279	NAN	
18,08	0	-0,027	NAN	
18,1	0	-0,02625	NAN	
18,12	0	-0,0252	NAN	
18,14	0	-0,0246	NAN	
18,16	0	-0,0234	NAN	
18,18	0,0005	-0,0225	NAN	
18,2	0,0005	-0,02145	NAN	
18,22	0,0005	-0,02085	NAN	
18,24	0,0005	-0,0201	NAN	
18,26	0,0005	-0,0189	NAN	
18,28	0,0005	-0,01815	NAN	
18,3	0,0005	-0,01725	NAN	
18,32	0	-0,0165	NAN	
18,34	0,0015	-0,0153	NAN	
18,36	0,001	-0,01455	NAN	
18,38	0,0005	-0,01365	NAN	
18,4	0,001	-0,0126	NAN	
18,42	0,001	-0,0117	NAN	
18,44	0,001	-0,01095	NAN	
18,46	0,001	-0,01005	NAN	
18,48	0,0015	-0,0093	NAN	
18,5	0,001	-0,00825	NAN	
18,52	0,0015	-0,0072	NAN	
18,54	0,0015	-0,0063	NAN	
18,56	0,0015	-0,0054	NAN	
18,58	0,0015	-0,00465	NAN	
18,6	0,0015	-0,00375	NAN	
18,62	0,002	-0,00285	NAN	
18,64	0,002	-0,0018	NAN	
18,66	0,0015	-0,0009	NAN	
18,68	0,0025	0,00015	NAN	
18,7	0,002	0,00075	NAN	
18,72	0,0015	0,0015	NAN	
18,74	0,0025	0,0027	NAN	
18,76	0,003	0,0036	NAN	
18,78	0,0025	0,0042	NAN	
18,8	0,0025	0,0051	NAN	
18,82	0,0025	0,0063	NAN	
18,84	0,003	0,00705	NAN	
18,86	0,003	0,00795	NAN	
18,88	0,003	0,009	NAN	
18,9	0,0035	0,0099	NAN	
18,92	0,003	0,01065	NAN	
18,94	0,003	0,01155	NAN	
18,96	0,0035	0,0126	NAN	
18,98	0,003	0,01335	NAN	
19	0,003	0,0141	NAN	
19,02	0,0035	0,0153	NAN	
19,04	0,004	0,0162	NAN	
19,06	0,0035	0,0171	NAN	
19,08	0,004	0,018	NAN	
19,1	0,004	0,0192	NAN	
19,12	0,004	0,01995	NAN	
19,14	0,004	0,0204	NAN	
19,16	0,0045	0,02175	NAN	
19,18	0,0045	0,0225	NAN	
19,2	0,004	0,0231	NAN	
19,22	0,004	0,02415	NAN	
19,24	0,005	0,02535	NAN	
19,26	0,0045	0,02625	NAN	
19,28	0,005	0,027	NAN	
19,3	0,005	0,0279	NAN	
19,32	0,005	0,02895	NAN	
19,34	0,005	0,02985	NAN	
19,36	0,0055	0,0306	NAN	
19,38	0,0055	0,0318	NAN	
19,4	0,0055	0,03255	NAN	
19,42	0,005	0,03315	NAN	
19,44	0,006	0,0342	NAN	
19,46	0,006	0,03525	NAN	
19,48	0,006	0,036	NAN	
19,5	0,006	0,03675	NAN	
19,52	0,0065	0,0378	NAN	
19,54	0,0065	0,0387	NAN	
19,56	0,007	0,0396	NAN	
19,58	0,007	0,0405	NAN	
19,6	0,0065	0,0414	NAN	
19,62	0,007	0,0423	NAN	
19,64	0,007	0,0432	NAN	
19,66	0,0075	0,0441	NAN	
19,68	0,0075	0,04515	NAN	
19,7	0,0075	0,04575	NAN	
19,72	0,0075	0,0468	NAN	
19,74	0,008	0,0477	NAN	
19,76	0,008	0,04845	NAN	
19,78	0,008	0,0495	NAN	
19,8	0,0085	0,05025	NAN	
19,82	0,0085	0,051	NAN	
19,84	0,0085	0,05205	NAN	
19,86	0,009	0,05295	NAN	
19,88	0,0095	0,054	NAN	
19,9	0,0095	0,0549	NAN	
19,92	0,0095	0,0558	NAN	
19,94	0,0095	0,0567	NAN	
19,96	0,01	0,05745	NAN	
19,98	0,0095	0,0582	NAN	
20	0,01	0,05925	NAN	
