MIN=0	-0,3	-1	0	
MAX=0,02	0,3	1	25000	
SCALE=1	0,1	0,5	10000	
DEC=5	4	3	0	
DEF="Zeit" t / ms	"Spannung" U_A1 / V	"Spannung" U_B1 / V	"Frequenz" f / Hz	
0	-0,0033	1,0235	NAN	
0,02	-0,00435	1,0235	NAN	
0,04	-0,0054	1,0235	NAN	
0,06	-0,0066	1,0235	NAN	
0,08	-0,00765	1,0235	NAN	
0,1	-0,00855	1,0235	NAN	
0,12	-0,0096	1,0235	NAN	
0,14	-0,01065	1,0235	NAN	
0,16	-0,01155	1,0235	NAN	
0,18	-0,01245	1,0235	NAN	
0,2	-0,0135	1,0235	NAN	
0,22	-0,0141	1,0235	NAN	
0,24	-0,015	1,0155	NAN	
0,26	-0,01575	1,003	NAN	
0,28	-0,01665	0,99	NAN	
0,3	-0,0174	0,9775	NAN	
0,32	-0,018	0,966	NAN	
0,34	-0,0189	0,953	NAN	
0,36	-0,01965	0,94	NAN	
0,38	-0,02025	0,9275	NAN	
0,4	-0,02085	0,9145	NAN	
0,42	-0,0216	0,901	NAN	
0,44	-0,02235	0,889	NAN	
0,46	-0,02265	0,877	NAN	
0,48	-0,0234	0,8635	NAN	
0,5	-0,024	0,8505	NAN	
0,52	-0,02445	0,838	NAN	
0,54	-0,02475	0,825	NAN	
0,56	-0,0255	0,812	NAN	
0,58	-0,0261	0,7985	NAN	
0,6	-0,02655	0,786	NAN	
0,62	-0,02685	0,7735	NAN	
0,64	-0,0276	0,7595	NAN	
0,66	-0,0279	0,747	NAN	
0,68	-0,02835	0,734	NAN	
0,7	-0,02895	0,721	NAN	
0,72	-0,02925	0,7075	NAN	
0,74	-0,0297	0,695	NAN	
0,76	-0,03015	0,681	NAN	
0,78	-0,03075	0,6675	NAN	
0,8	-0,0312	0,6545	NAN	
0,82	-0,03135	0,6415	NAN	
0,84	-0,0318	0,628	NAN	
0,86	-0,0321	0,615	NAN	
0,88	-0,0324	0,6015	NAN	
0,9	-0,033	0,5885	NAN	
0,92	-0,0333	0,5755	NAN	
0,94	-0,03345	0,5615	NAN	
0,96	-0,0339	0,548	NAN	
0,98	-0,03435	0,535	NAN	
1	-0,03495	0,522	NAN	
1,02	-0,0351	0,508	NAN	
1,04	-0,0354	0,495	NAN	
1,06	-0,03585	0,4815	NAN	
1,08	-0,036	0,4685	NAN	
1,1	-0,03645	0,4545	NAN	
1,12	-0,0369	0,441	NAN	
1,14	-0,0369	0,429	NAN	
1,16	-0,03735	0,415	NAN	
1,18	-0,03795	0,4015	NAN	
1,2	-0,03825	0,389	NAN	
1,22	-0,03825	0,3755	NAN	
1,24	-0,0387	0,3615	NAN	
1,26	-0,039	0,348	NAN	
1,28	-0,0393	0,3345	NAN	
1,3	-0,03945	0,3215	NAN	
1,32	-0,0399	0,3075	NAN	
1,34	-0,04035	0,2945	NAN	
1,36	-0,0405	0,281	NAN	
1,38	-0,0411	0,2675	NAN	
1,4	-0,04125	0,254	NAN	
1,42	-0,0414	0,241	NAN	
1,44	-0,0417	0,2275	NAN	
1,46	-0,04215	0,2135	NAN	
1,48	-0,0426	0,2	NAN	
1,5	-0,0429	0,1875	NAN	
1,52	-0,0432	0,1735	NAN	
1,54	-0,04365	0,16	NAN	
1,56	-0,04395	0,147	NAN	
1,58	-0,0444	0,133	NAN	
1,6	-0,0447	0,1195	NAN	
1,62	-0,04485	0,106	NAN	
1,64	-0,04515	0,0935	NAN	
1,66	-0,04545	0,08	NAN	
1,68	-0,0459	0,066	NAN	
1,7	-0,0462	0,0525	NAN	
1,72	-0,0465	0,039	NAN	
1,74	-0,04695	0,025	NAN	
1,76	-0,04725	0,0115	NAN	
1,78	-0,04755	-0,0015	NAN	
1,8	-0,048	-0,015	NAN	
1,82	-0,0483	-0,0285	NAN	
1,84	-0,04845	-0,042	NAN	
1,86	-0,04875	-0,0555	NAN	
1,88	-0,0492	-0,0695	NAN	
1,9	-0,04965	-0,083	NAN	
1,92	-0,04995	-0,0965	NAN	
1,94	-0,0504	-0,1105	NAN	
1,96	-0,05085	-0,124	NAN	
1,98	-0,05115	-0,1375	NAN	
2	-0,05145	-0,151	NAN	
2,02	-0,05175	-0,1645	NAN	
2,04	-0,0522	-0,178	NAN	
2,06	-0,05265	-0,1915	NAN	
2,08	-0,05295	-0,205	NAN	
2,1	-0,05355	-0,2185	NAN	
2,12	-0,054	-0,232	NAN	
2,14	-0,05445	-0,246	NAN	
2,16	-0,0549	-0,2595	NAN	
2,18	-0,0555	-0,273	NAN	
2,2	-0,05595	-0,2865	NAN	
2,22	-0,05625	-0,3	NAN	
2,24	-0,0567	-0,3135	NAN	
2,26	-0,05715	-0,327	NAN	
2,28	-0,05775	-0,3405	NAN	
2,3	-0,05835	-0,354	NAN	
2,32	-0,0588	-0,3675	NAN	
2,34	-0,05925	-0,381	NAN	
2,36	-0,05985	-0,395	NAN	
2,38	-0,06045	-0,408	NAN	
2,4	-0,06105	-0,421	NAN	
2,42	-0,06135	-0,435	NAN	
2,44	-0,0621	-0,449	NAN	
2,46	-0,06255	-0,462	NAN	
2,48	-0,06315	-0,4755	NAN	
2,5	-0,0639	-0,4895	NAN	
2,52	-0,06465	-0,503	NAN	
2,54	-0,06495	-0,516	NAN	
2,56	-0,0657	-0,5295	NAN	
2,58	-0,06675	-0,5435	NAN	
2,6	-0,0675	-0,557	NAN	
2,62	-0,06795	-0,5695	NAN	
2,64	-0,06885	-0,584	NAN	
2,66	-0,0696	-0,5965	NAN	
2,68	-0,0705	-0,6105	NAN	
2,7	-0,07125	-0,624	NAN	
2,72	-0,07215	-0,638	NAN	
2,74	-0,0729	-0,651	NAN	
2,76	-0,0738	-0,664	NAN	
2,78	-0,07485	-0,678	NAN	
2,8	-0,0756	-0,691	NAN	
2,82	-0,0765	-0,704	NAN	
2,84	-0,07755	-0,718	NAN	
2,86	-0,0786	-0,7315	NAN	
2,88	-0,07965	-0,745	NAN	
2,9	-0,08055	-0,758	NAN	
2,92	-0,08175	-0,771	NAN	
2,94	-0,0828	-0,7855	NAN	
2,96	-0,0837	-0,798	NAN	
2,98	-0,0849	-0,8115	NAN	
3	-0,08625	-0,825	NAN	
3,02	-0,08715	-0,8385	NAN	
3,04	-0,0882	-0,851	NAN	
3,06	-0,0894	-0,8645	NAN	
3,08	-0,09075	-0,8785	NAN	
3,1	-0,09195	-0,891	NAN	
3,12	-0,0933	-0,904	NAN	
3,14	-0,09465	-0,9175	NAN	
3,16	-0,09585	-0,9305	NAN	
3,18	-0,09705	-0,9435	NAN	
3,2	-0,09855	-0,957	NAN	
3,22	-0,0999	-0,97	NAN	
3,24	-0,10125	-0,9825	NAN	
3,26	-0,10275	-0,9955	NAN	
3,28	-0,1044	-1,0085	NAN	
3,3	-0,10605	-1,021	NAN	
3,32	-0,1074	-1,024	NAN	
3,34	-0,1092	-1,024	NAN	
3,36	-0,1107	-1,024	NAN	
3,38	-0,11235	-1,024	NAN	
3,4	-0,11415	-1,024	NAN	
3,42	-0,11565	-1,024	NAN	
3,44	-0,1176	-1,024	NAN	
3,46	-0,11925	-1,024	NAN	
3,48	-0,1212	-1,024	NAN	
3,5	-0,12315	-1,024	NAN	
3,52	-0,12495	-1,024	NAN	
3,54	-0,12705	-1,024	NAN	
3,56	-0,12915	-1,024	NAN	
3,58	-0,13125	-1,024	NAN	
3,6	-0,1332	-1,024	NAN	
3,62	-0,1353	-1,024	NAN	
3,64	-0,13755	-1,024	NAN	
3,66	-0,13965	-1,024	NAN	
3,68	-0,1422	-1,024	NAN	
3,7	-0,1446	-1,024	NAN	
3,72	-0,14685	-1,024	NAN	
3,74	-0,14925	-1,024	NAN	
3,76	-0,1518	-1,024	NAN	
3,78	-0,15465	-1,024	NAN	
3,8	-0,1572	-1,024	NAN	
3,82	-0,15975	-1,024	NAN	
3,84	-0,1626	-1,024	NAN	
3,86	-0,16515	-1,024	NAN	
3,88	-0,168	-1,024	NAN	
3,9	-0,17115	-1,024	NAN	
3,92	-0,174	-1,024	NAN	
3,94	-0,17685	-1,024	NAN	
3,96	-0,18	-1,024	NAN	
3,98	-0,18315	-1,024	NAN	
4	-0,18615	-1,024	NAN	
4,02	-0,18915	-1,024	NAN	
4,04	-0,19275	-1,024	NAN	
4,06	-0,1962	-1,024	NAN	
4,08	-0,19935	-1,024	NAN	
4,1	-0,20295	-1,024	NAN	
4,12	-0,20655	-1,024	NAN	
4,14	-0,20985	-1,024	NAN	
4,16	-0,2136	-1,024	NAN	
4,18	-0,21735	-1,024	NAN	
4,2	-0,22125	-1,024	NAN	
4,22	-0,22485	-1,024	NAN	
4,24	-0,2289	-1,024	NAN	
4,26	-0,23295	-1,024	NAN	
4,28	-0,2373	-1,024	NAN	
4,3	-0,2415	-1,024	NAN	
4,32	-0,24585	-1,024	NAN	
4,34	-0,2502	-1,024	NAN	
4,36	-0,25455	-1,024	NAN	
4,38	-0,2592	-1,024	NAN	
4,4	-0,264	-1,024	NAN	
4,42	-0,26865	-1,024	NAN	
4,44	-0,2733	-1,024	NAN	
4,46	-0,27825	-1,024	NAN	
4,48	-0,28335	-1,024	NAN	
4,5	-0,28845	-1,024	NAN	
4,52	-0,29385	-1,024	NAN	
4,54	-0,29895	-1,024	NAN	
4,56	-0,3042	-1,024	NAN	
4,58	-0,30705	-1,024	NAN	
4,6	-0,30705	-1,024	NAN	
4,62	-0,30705	-1,024	NAN	
4,64	-0,30705	-1,024	NAN	
4,66	-0,30705	-1,024	NAN	
4,68	-0,30705	-1,024	NAN	
4,7	-0,30705	-1,024	NAN	
4,72	-0,30705	-1,024	NAN	
4,74	-0,30705	-1,024	NAN	
4,76	-0,30705	-1,024	NAN	
4,78	-0,30705	-1,024	NAN	
4,8	-0,30705	-1,024	NAN	
4,82	-0,30705	-1,024	NAN	
4,84	-0,30705	-1,024	NAN	
4,86	-0,30705	-1,024	NAN	
4,88	-0,30705	-1,024	NAN	
4,9	-0,30705	-1,024	NAN	
4,92	-0,30705	-1,024	NAN	
4,94	-0,30705	-1,024	NAN	
4,96	-0,30705	-1,024	NAN	
4,98	-0,30705	-1,024	NAN	
5	-0,30705	-1,024	NAN	
5,02	-0,30705	-1,024	NAN	
5,04	-0,30705	-1,024	NAN	
5,06	-0,30705	-1,024	NAN	
5,08	-0,30705	-1,024	NAN	
5,1	-0,30705	-1,024	NAN	
5,12	-0,30705	-1,024	NAN	
5,14	-0,30705	-1,024	NAN	
5,16	-0,30705	-1,024	NAN	
5,18	-0,30705	-1,024	NAN	
5,2	-0,30705	-1,024	NAN	
5,22	-0,30705	-1,024	NAN	
5,24	-0,30705	-1,024	NAN	
5,26	-0,30705	-1,024	NAN	
5,28	-0,30705	-1,024	NAN	
5,3	-0,30705	-1,024	NAN	
5,32	-0,30705	-1,024	NAN	
5,34	-0,30705	-1,024	NAN	
5,36	-0,30705	-1,024	NAN	
5,38	-0,30705	-1,024	NAN	
5,4	-0,30705	-1,024	NAN	
5,42	-0,30705	-1,024	NAN	
5,44	-0,30705	-1,024	NAN	
5,46	-0,30705	-1,024	NAN	
5,48	-0,30705	-1,024	NAN	
5,5	-0,30705	-1,024	NAN	
5,52	-0,30705	-1,024	NAN	
5,54	-0,30705	-1,024	NAN	
5,56	-0,30705	-1,024	NAN	
5,58	-0,30705	-1,024	NAN	
5,6	-0,30705	-1,024	NAN	
5,62	-0,30705	-1,024	NAN	
5,64	-0,30705	-1,024	NAN	
5,66	-0,30705	-1,024	NAN	
5,68	-0,30705	-1,024	NAN	
5,7	-0,30705	-1,024	NAN	
5,72	-0,30705	-1,024	NAN	
5,74	-0,30705	-1,024	NAN	
5,76	-0,30705	-1,024	NAN	
5,78	-0,30705	-1,024	NAN	
5,8	-0,30705	-1,024	NAN	
5,82	-0,30705	-1,024	NAN	
5,84	-0,30705	-1,024	NAN	
5,86	-0,30705	-1,024	NAN	
5,88	-0,30705	-1,024	NAN	
5,9	-0,30705	-1,024	NAN	
5,92	-0,30705	-1,024	NAN	
5,94	-0,30705	-1,024	NAN	
5,96	-0,30705	-1,024	NAN	
5,98	-0,30705	-1,024	NAN	
6	-0,30705	-1,024	NAN	
6,02	-0,30705	-1,024	NAN	
6,04	-0,30705	-1,024	NAN	
6,06	-0,30705	-1,024	NAN	
6,08	-0,30705	-1,024	NAN	
6,1	-0,30705	-1,024	NAN	
6,12	-0,30705	-1,024	NAN	
6,14	-0,30705	-1,024	NAN	
6,16	-0,30705	-1,024	NAN	
6,18	-0,30705	-1,024	NAN	
6,2	-0,30705	-1,024	NAN	
6,22	-0,30705	-1,024	NAN	
6,24	-0,30705	-1,024	NAN	
6,26	-0,30705	-1,024	NAN	
6,28	-0,30705	-1,024	NAN	
6,3	-0,30705	-1,024	NAN	
6,32	-0,30705	-1,024	NAN	
6,34	-0,30705	-1,024	NAN	
6,36	-0,30705	-1,024	NAN	
6,38	-0,30705	-1,024	NAN	
6,4	-0,30705	-1,024	NAN	
6,42	-0,30705	-1,024	NAN	
6,44	-0,30705	-1,024	NAN	
6,46	-0,30705	-1,024	NAN	
6,48	-0,30705	-1,024	NAN	
6,5	-0,30705	-1,024	NAN	
6,52	-0,30705	-1,024	NAN	
6,54	-0,30705	-1,024	NAN	
6,56	-0,30705	-1,024	NAN	
6,58	-0,30705	-1,024	NAN	
6,6	-0,30705	-1,024	NAN	
6,62	-0,30705	-1,024	NAN	
6,64	-0,30705	-1,024	NAN	
6,66	-0,30705	-1,024	NAN	
6,68	-0,30705	-1,024	NAN	
6,7	-0,30705	-1,024	NAN	
6,72	-0,30705	-1,024	NAN	
6,74	-0,30705	-1,024	NAN	
6,76	-0,30705	-1,024	NAN	
6,78	-0,30705	-1,024	NAN	
6,8	-0,30705	-1,024	NAN	
6,82	-0,30705	-1,024	NAN	
6,84	-0,30705	-1,024	NAN	
6,86	-0,30705	-1,024	NAN	
6,88	-0,30705	-1,024	NAN	
6,9	-0,30705	-1,024	NAN	
6,92	-0,30705	-1,024	NAN	
6,94	-0,30705	-1,024	NAN	
6,96	-0,30705	-1,024	NAN	
6,98	-0,30705	-1,024	NAN	
7	-0,30705	-1,024	NAN	
7,02	-0,30705	-1,024	NAN	
7,04	-0,30705	-1,024	NAN	
7,06	-0,30705	-1,024	NAN	
7,08	-0,30705	-1,024	NAN	
7,1	-0,30705	-1,024	NAN	
7,12	-0,30705	-1,024	NAN	
7,14	-0,30705	-1,024	NAN	
7,16	-0,30705	-1,024	NAN	
7,18	-0,30705	-1,024	NAN	
7,2	-0,30705	-1,024	NAN	
7,22	-0,30705	-1,024	NAN	
7,24	-0,30705	-1,024	NAN	
7,26	-0,30705	-1,024	NAN	
7,28	-0,30705	-1,024	NAN	
7,3	-0,30705	-1,024	NAN	
7,32	-0,30705	-1,024	NAN	
7,34	-0,30705	-1,024	NAN	
7,36	-0,30705	-1,024	NAN	
7,38	-0,30705	-1,024	NAN	
7,4	-0,30705	-1,024	NAN	
7,42	-0,30705	-1,024	NAN	
7,44	-0,30705	-1,024	NAN	
7,46	-0,30705	-1,024	NAN	
7,48	-0,30705	-1,024	NAN	
7,5	-0,30705	-1,024	NAN	
7,52	-0,30705	-1,024	NAN	
7,54	-0,30705	-1,024	NAN	
7,56	-0,30705	-1,024	NAN	
7,58	-0,30705	-1,024	NAN	
7,6	-0,30705	-1,024	NAN	
7,62	-0,30705	-1,024	NAN	
7,64	-0,30705	-1,024	NAN	
7,66	-0,30705	-1,024	NAN	
7,68	-0,30705	-1,024	NAN	
7,7	-0,30705	-1,024	NAN	
7,72	-0,30705	-1,024	NAN	
7,74	-0,30705	-1,024	NAN	
7,76	-0,30705	-1,024	NAN	
7,78	-0,30705	-1,024	NAN	
7,8	-0,30705	-1,024	NAN	
7,82	-0,30705	-1,024	NAN	
7,84	-0,30705	-1,024	NAN	
7,86	-0,30705	-1,024	NAN	
7,88	-0,30705	-1,024	NAN	
7,9	-0,30705	-1,024	NAN	
7,92	-0,30705	-1,024	NAN	
7,94	-0,30705	-1,024	NAN	
7,96	-0,30705	-1,024	NAN	
7,98	-0,30705	-1,024	NAN	
8	-0,30705	-1,024	NAN	
8,02	-0,30705	-1,024	NAN	
8,04	-0,30705	-1,024	NAN	
8,06	-0,30705	-1,024	NAN	
8,08	-0,30705	-1,024	NAN	
8,1	-0,30705	-1,024	NAN	
8,12	-0,30705	-1,024	NAN	
8,14	-0,30705	-1,024	NAN	
8,16	-0,30705	-1,024	NAN	
8,18	-0,30705	-1,024	NAN	
8,2	-0,30705	-1,024	NAN	
8,22	-0,30705	-1,024	NAN	
8,24	-0,30705	-1,024	NAN	
8,26	-0,30705	-1,024	NAN	
8,28	-0,30705	-1,024	NAN	
8,3	-0,30705	-1,024	NAN	
8,32	-0,30705	-1,024	NAN	
8,34	-0,30705	-1,024	NAN	
8,36	-0,306	-1,024	NAN	
8,38	-0,2985	-1,024	NAN	
8,4	-0,29085	-1,024	NAN	
8,42	-0,2832	-1,024	NAN	
8,44	-0,2757	-1,024	NAN	
8,46	-0,26835	-1,024	NAN	
8,48	-0,26115	-1,024	NAN	
8,5	-0,25395	-1,024	NAN	
8,52	-0,24705	-1,024	NAN	
8,54	-0,2403	-1,024	NAN	
8,56	-0,23325	-1,024	NAN	
8,58	-0,22665	-1,024	NAN	
8,6	-0,22035	-1,024	NAN	
8,62	-0,2139	-1,024	NAN	
8,64	-0,20745	-1,024	NAN	
8,66	-0,20115	-1,024	NAN	
8,68	-0,1953	-1,024	NAN	
8,7	-0,1893	-1,024	NAN	
8,72	-0,1836	-1,024	NAN	
8,74	-0,17805	-1,024	NAN	
8,76	-0,17235	-1,024	NAN	
8,78	-0,1668	-1,024	NAN	
8,8	-0,16185	-1,024	NAN	
8,82	-0,1566	-1,024	NAN	
8,84	-0,1515	-1,024	NAN	
8,86	-0,1467	-1,024	NAN	
8,88	-0,14175	-1,024	NAN	
8,9	-0,13695	-1,024	NAN	
8,92	-0,13215	-1,024	NAN	
8,94	-0,12795	-1,024	NAN	
8,96	-0,1233	-1,024	NAN	
8,98	-0,11895	-1,024	NAN	
9	-0,11475	-1,024	NAN	
9,02	-0,1107	-1,024	NAN	
9,04	-0,1068	-1,024	NAN	
9,06	-0,1026	-1,024	NAN	
9,08	-0,09885	-1,024	NAN	
9,1	-0,0951	-1,024	NAN	
9,12	-0,09135	-1,024	NAN	
9,14	-0,08805	-1,024	NAN	
9,16	-0,0843	-1,024	NAN	
9,18	-0,081	-1,024	NAN	
9,2	-0,07785	-1,024	NAN	
9,22	-0,0747	-1,024	NAN	
9,24	-0,07155	-1,024	NAN	
9,26	-0,06825	-1,024	NAN	
9,28	-0,0654	-1,024	NAN	
9,3	-0,0627	-1,024	NAN	
9,32	-0,05955	-1,024	NAN	
9,34	-0,05715	-1,024	NAN	
9,36	-0,0543	-1,024	NAN	
9,38	-0,0519	-1,024	NAN	
9,4	-0,0492	-1,024	NAN	
9,42	-0,04695	-1,024	NAN	
9,44	-0,0447	-1,024	NAN	
9,46	-0,04215	-1,024	NAN	
9,48	-0,0399	-1,024	NAN	
9,5	-0,03765	-1,024	NAN	
9,52	-0,0357	-1,024	NAN	
9,54	-0,0333	-1,024	NAN	
9,56	-0,03135	-1,024	NAN	
9,58	-0,02955	-1,024	NAN	
9,6	-0,02745	-1,024	NAN	
9,62	-0,02565	-1,024	NAN	
9,64	-0,02385	-1,024	NAN	
9,66	-0,0219	-1,024	NAN	
9,68	-0,0201	-1,024	NAN	
9,7	-0,0186	-1,024	NAN	
9,72	-0,01695	-1,024	NAN	
9,74	-0,01515	-1,024	NAN	
9,76	-0,0135	-1,024	NAN	
9,78	-0,01215	-1,024	NAN	
9,8	-0,0105	-1,024	NAN	
9,82	-0,009	-1,024	NAN	
9,84	-0,00765	-1,024	NAN	
9,86	-0,0063	-1,024	NAN	
9,88	-0,0048	-1,024	NAN	
9,9	-0,0036	-1,024	NAN	
9,92	-0,0024	-1,024	NAN	
9,94	-0,00105	-1,024	NAN	
9,96	0,00045	-1,024	NAN	
9,98	0,00135	-1,024	NAN	
10	0,0027	-1,024	NAN	
10,02	0,00375	-1,024	NAN	
10,04	0,00465	-1,024	NAN	
10,06	0,00585	-1,024	NAN	
10,08	0,00705	-1,024	NAN	
10,1	0,00825	-1,024	NAN	
10,12	0,00885	-1,024	NAN	
10,14	0,00975	-1,024	NAN	
10,16	0,0111	-1,024	NAN	
10,18	0,012	-1,024	NAN	
10,2	0,01275	-1,024	NAN	
10,22	0,01365	-1,024	NAN	
10,24	0,0144	-1,0185	NAN	
10,26	0,01515	-1,006	NAN	
10,28	0,01605	-0,9935	NAN	
10,3	0,01695	-0,9805	NAN	
10,32	0,0177	-0,9685	NAN	
10,34	0,01815	-0,957	NAN	
10,36	0,01935	-0,9425	NAN	
10,38	0,0198	-0,93	NAN	
10,4	0,0204	-0,9175	NAN	
10,42	0,02085	-0,9045	NAN	
10,44	0,0216	-0,892	NAN	
10,46	0,02205	-0,879	NAN	
10,48	0,02265	-0,866	NAN	
10,5	0,0234	-0,8535	NAN	
10,52	0,0237	-0,8405	NAN	
10,54	0,0243	-0,8275	NAN	
10,56	0,0249	-0,815	NAN	
10,58	0,0255	-0,8015	NAN	
10,6	0,02595	-0,789	NAN	
10,62	0,02625	-0,776	NAN	
10,64	0,02685	-0,7625	NAN	
10,66	0,0273	-0,7495	NAN	
10,68	0,0279	-0,7365	NAN	
10,7	0,02835	-0,7235	NAN	
10,72	0,0288	-0,7105	NAN	
10,74	0,0291	-0,6975	NAN	
10,76	0,02955	-0,684	NAN	
10,78	0,03015	-0,6705	NAN	
10,8	0,03045	-0,6575	NAN	
10,82	0,03075	-0,6445	NAN	
10,84	0,0312	-0,631	NAN	
10,86	0,03165	-0,6175	NAN	
10,88	0,0321	-0,6045	NAN	
10,9	0,03225	-0,5915	NAN	
10,92	0,03255	-0,577	NAN	
10,94	0,033	-0,5645	NAN	
10,96	0,0336	-0,5515	NAN	
10,98	0,0339	-0,5375	NAN	
11	0,0345	-0,524	NAN	
11,02	0,03465	-0,511	NAN	
11,04	0,0348	-0,498	NAN	
11,06	0,03525	-0,484	NAN	
11,08	0,03555	-0,471	NAN	
11,1	0,03585	-0,4575	NAN	
11,12	0,03615	-0,444	NAN	
11,14	0,0366	-0,431	NAN	
11,16	0,03705	-0,4175	NAN	
11,18	0,0372	-0,404	NAN	
11,2	0,03765	-0,3905	NAN	
11,22	0,03795	-0,3775	NAN	
11,24	0,03825	-0,3645	NAN	
11,26	0,0384	-0,35	NAN	
11,28	0,039	-0,337	NAN	
11,3	0,03915	-0,324	NAN	
11,32	0,03945	-0,31	NAN	
11,34	0,03975	-0,2965	NAN	
11,36	0,0402	-0,2835	NAN	
11,38	0,0402	-0,27	NAN	
11,4	0,04065	-0,256	NAN	
11,42	0,04095	-0,243	NAN	
11,44	0,04125	-0,2295	NAN	
11,46	0,04155	-0,216	NAN	
11,48	0,042	-0,2025	NAN	
11,5	0,0423	-0,189	NAN	
11,52	0,04245	-0,1755	NAN	
11,54	0,0429	-0,162	NAN	
11,56	0,0435	-0,1485	NAN	
11,58	0,04365	-0,135	NAN	
11,6	0,04395	-0,1215	NAN	
11,62	0,0444	-0,1075	NAN	
11,64	0,04455	-0,094	NAN	
11,66	0,04485	-0,0805	NAN	
11,68	0,0453	-0,067	NAN	
11,7	0,0456	-0,0535	NAN	
11,72	0,04575	-0,04	NAN	
11,74	0,0462	-0,026	NAN	
11,76	0,04665	-0,0125	NAN	
11,78	0,04695	0,001	NAN	
11,8	0,04725	0,0145	NAN	
11,82	0,0477	0,0285	NAN	
11,84	0,04785	0,0415	NAN	
11,86	0,0483	0,055	NAN	
11,88	0,04875	0,0685	NAN	
11,9	0,0492	0,0815	NAN	
11,92	0,04935	0,0955	NAN	
11,94	0,0498	0,109	NAN	
11,96	0,05025	0,123	NAN	
11,98	0,05055	0,1365	NAN	
12	0,05085	0,1495	NAN	
12,02	0,0513	0,163	NAN	
12,04	0,05175	0,1765	NAN	
12,06	0,0522	0,1895	NAN	
12,08	0,0525	0,2035	NAN	
12,1	0,05295	0,2175	NAN	
12,12	0,05325	0,2305	NAN	
12,14	0,05385	0,244	NAN	
12,16	0,05445	0,258	NAN	
12,18	0,05475	0,2715	NAN	
12,2	0,0552	0,285	NAN	
12,22	0,0555	0,298	NAN	
12,24	0,0561	0,312	NAN	
12,26	0,0567	0,3255	NAN	
12,28	0,05715	0,3385	NAN	
12,3	0,05775	0,3525	NAN	
12,32	0,05835	0,366	NAN	
12,34	0,05865	0,379	NAN	
12,36	0,05925	0,3925	NAN	
12,38	0,0597	0,4065	NAN	
12,4	0,0603	0,4195	NAN	
12,42	0,0609	0,433	NAN	
12,44	0,0615	0,447	NAN	
12,46	0,06225	0,4605	NAN	
12,48	0,0627	0,4735	NAN	
12,5	0,0633	0,487	NAN	
12,52	0,0639	0,501	NAN	
12,54	0,0645	0,514	NAN	
12,56	0,06525	0,527	NAN	
12,58	0,066	0,5415	NAN	
12,6	0,06675	0,5545	NAN	
12,62	0,0675	0,5675	NAN	
12,64	0,06825	0,581	NAN	
12,66	0,06915	0,595	NAN	
12,68	0,0699	0,6085	NAN	
12,7	0,0705	0,6215	NAN	
12,72	0,0714	0,6345	NAN	
12,74	0,07215	0,6485	NAN	
12,76	0,0732	0,6615	NAN	
12,78	0,0738	0,675	NAN	
12,8	0,075	0,689	NAN	
12,82	0,07575	0,702	NAN	
12,84	0,0768	0,7155	NAN	
12,86	0,07785	0,729	NAN	
12,88	0,07905	0,742	NAN	
12,9	0,0798	0,7555	NAN	
12,92	0,08055	0,769	NAN	
12,94	0,0819	0,782	NAN	
12,96	0,0831	0,7955	NAN	
12,98	0,08385	0,8085	NAN	
13	0,0852	0,8225	NAN	
13,02	0,0864	0,8355	NAN	
13,04	0,08745	0,8485	NAN	
13,06	0,0888	0,8625	NAN	
13,08	0,08985	0,875	NAN	
13,1	0,0912	0,8885	NAN	
13,12	0,0924	0,903	NAN	
13,14	0,09375	0,915	NAN	
13,16	0,09525	0,9275	NAN	
13,18	0,09645	0,9405	NAN	
13,2	0,09795	0,9535	NAN	
13,22	0,0993	0,9665	NAN	
13,24	0,1005	0,979	NAN	
13,26	0,10185	0,9925	NAN	
13,28	0,10365	1,006	NAN	
13,3	0,10485	1,0185	NAN	
13,32	0,1065	1,0235	NAN	
13,34	0,108	1,0235	NAN	
13,36	0,1098	1,0235	NAN	
13,38	0,11145	1,0235	NAN	
13,4	0,11325	1,0235	NAN	
13,42	0,11505	1,0235	NAN	
13,44	0,1167	1,0235	NAN	
13,46	0,11835	1,0235	NAN	
13,48	0,1203	1,0235	NAN	
13,5	0,12225	1,0235	NAN	
13,52	0,12405	1,0235	NAN	
13,54	0,12585	1,0235	NAN	
13,56	0,12825	1,0235	NAN	
13,58	0,1302	1,0235	NAN	
13,6	0,1323	1,0235	NAN	
13,62	0,1344	1,0235	NAN	
13,64	0,13665	1,0235	NAN	
13,66	0,13875	1,0235	NAN	
13,68	0,1413	1,0235	NAN	
13,7	0,1437	1,0235	NAN	
13,72	0,14595	1,0235	NAN	
13,74	0,1482	1,0235	NAN	
13,76	0,15105	1,0235	NAN	
13,78	0,1536	1,0235	NAN	
13,8	0,1563	1,0235	NAN	
13,82	0,1587	1,0235	NAN	
13,84	0,16155	1,0235	NAN	
13,86	0,16425	1,0235	NAN	
13,88	0,16695	1,0235	NAN	
13,9	0,16995	1,0235	NAN	
13,92	0,1731	1,0235	NAN	
13,94	0,1758	1,0235	NAN	
13,96	0,17895	1,0235	NAN	
13,98	0,1818	1,0235	NAN	
14	0,1851	1,0235	NAN	
14,02	0,1881	1,0235	NAN	
14,04	0,1914	1,0235	NAN	
14,06	0,19485	1,0235	NAN	
14,08	0,1983	1,0235	NAN	
14,1	0,2016	1,0235	NAN	
14,12	0,2052	1,0235	NAN	
14,14	0,20865	1,0235	NAN	
14,16	0,2124	1,0235	NAN	
14,18	0,21615	1,0235	NAN	
14,2	0,22005	1,0235	NAN	
14,22	0,2238	1,0235	NAN	
14,24	0,22755	1,0235	NAN	
14,26	0,23175	1,0235	NAN	
14,28	0,2358	1,0235	NAN	
14,3	0,23985	1,0235	NAN	
14,32	0,24405	1,0235	NAN	
14,34	0,2484	1,0235	NAN	
14,36	0,25275	1,0235	NAN	
14,38	0,2574	1,0235	NAN	
14,4	0,2622	1,0235	NAN	
14,42	0,26685	1,0235	NAN	
14,44	0,2715	1,0235	NAN	
14,46	0,27645	1,0235	NAN	
14,48	0,2814	1,0235	NAN	
14,5	0,28635	1,0235	NAN	
14,52	0,29145	1,0235	NAN	
14,54	0,29685	1,0235	NAN	
14,56	0,3024	1,0235	NAN	
14,58	0,3072	1,0235	NAN	
14,6	0,3072	1,0235	NAN	
14,62	0,3072	1,0235	NAN	
14,64	0,3072	1,0235	NAN	
14,66	0,3072	1,0235	NAN	
14,68	0,3072	1,0235	NAN	
14,7	0,3072	1,0235	NAN	
14,72	0,3072	1,0235	NAN	
14,74	0,3072	1,0235	NAN	
14,76	0,3072	1,0235	NAN	
14,78	0,3072	1,0235	NAN	
14,8	0,3072	1,0235	NAN	
14,82	0,3072	1,0235	NAN	
14,84	0,3072	1,0235	NAN	
14,86	0,3072	1,0235	NAN	
14,88	0,3072	1,0235	NAN	
14,9	0,3072	1,0235	NAN	
14,92	0,3072	1,0235	NAN	
14,94	0,3072	1,0235	NAN	
14,96	0,3072	1,0235	NAN	
14,98	0,3072	1,0235	NAN	
15	0,3072	1,0235	NAN	
15,02	0,3072	1,0235	NAN	
15,04	0,3072	1,0235	NAN	
15,06	0,3072	1,0235	NAN	
15,08	0,3072	1,0235	NAN	
15,1	0,3072	1,0235	NAN	
15,12	0,3072	1,0235	NAN	
15,14	0,3072	1,0235	NAN	
15,16	0,3072	1,0235	NAN	
15,18	0,3072	1,0235	NAN	
15,2	0,3072	1,0235	NAN	
15,22	0,3072	1,0235	NAN	
15,24	0,3072	1,0235	NAN	
15,26	0,3072	1,0235	NAN	
15,28	0,3072	1,0235	NAN	
15,3	0,3072	1,0235	NAN	
15,32	0,3072	1,0235	NAN	
15,34	0,3072	1,0235	NAN	
15,36	0,3072	1,0235	NAN	
15,38	0,3072	1,0235	NAN	
15,4	0,3072	1,0235	NAN	
15,42	0,3072	1,0235	NAN	
15,44	0,3072	1,0235	NAN	
15,46	0,3072	1,0235	NAN	
15,48	0,3072	1,0235	NAN	
15,5	0,3072	1,0235	NAN	
15,52	0,3072	1,0235	NAN	
15,54	0,3072	1,0235	NAN	
15,56	0,3072	1,0235	NAN	
15,58	0,3072	1,0235	NAN	
15,6	0,3072	1,0235	NAN	
15,62	0,3072	1,0235	NAN	
15,64	0,3072	1,0235	NAN	
15,66	0,3072	1,0235	NAN	
15,68	0,3072	1,0235	NAN	
15,7	0,3072	1,0235	NAN	
15,72	0,3072	1,0235	NAN	
15,74	0,3072	1,0235	NAN	
15,76	0,3072	1,0235	NAN	
15,78	0,3072	1,0235	NAN	
15,8	0,3072	1,0235	NAN	
15,82	0,3072	1,0235	NAN	
15,84	0,3072	1,0235	NAN	
15,86	0,3072	1,0235	NAN	
15,88	0,3072	1,0235	NAN	
15,9	0,3072	1,0235	NAN	
15,92	0,3072	1,0235	NAN	
15,94	0,3072	1,0235	NAN	
15,96	0,3072	1,0235	NAN	
15,98	0,3072	1,0235	NAN	
16	0,3072	1,0235	NAN	
16,02	0,3072	1,0235	NAN	
16,04	0,3072	1,0235	NAN	
16,06	0,3072	1,0235	NAN	
16,08	0,3072	1,0235	NAN	
16,1	0,3072	1,0235	NAN	
16,12	0,3072	1,0235	NAN	
16,14	0,3072	1,0235	NAN	
16,16	0,3072	1,0235	NAN	
16,18	0,3072	1,0235	NAN	
16,2	0,3072	1,0235	NAN	
16,22	0,3072	1,0235	NAN	
16,24	0,3072	1,0235	NAN	
16,26	0,3072	1,0235	NAN	
16,28	0,3072	1,0235	NAN	
16,3	0,3072	1,0235	NAN	
16,32	0,3072	1,0235	NAN	
16,34	0,3072	1,0235	NAN	
16,36	0,3072	1,0235	NAN	
16,38	0,3072	1,0235	NAN	
16,4	0,3072	1,0235	NAN	
16,42	0,3072	1,0235	NAN	
16,44	0,3072	1,0235	NAN	
16,46	0,3072	1,0235	NAN	
16,48	0,3072	1,0235	NAN	
16,5	0,3072	1,0235	NAN	
16,52	0,3072	1,0235	NAN	
16,54	0,3072	1,0235	NAN	
16,56	0,3072	1,0235	NAN	
16,58	0,3072	1,0235	NAN	
16,6	0,3072	1,0235	NAN	
16,62	0,3072	1,0235	NAN	
16,64	0,3072	1,0235	NAN	
16,66	0,3072	1,0235	NAN	
16,68	0,3072	1,0235	NAN	
16,7	0,3072	1,0235	NAN	
16,72	0,3072	1,0235	NAN	
16,74	0,3072	1,0235	NAN	
16,76	0,3072	1,0235	NAN	
16,78	0,3072	1,0235	NAN	
16,8	0,3072	1,0235	NAN	
16,82	0,3072	1,0235	NAN	
16,84	0,3072	1,0235	NAN	
16,86	0,3072	1,0235	NAN	
16,88	0,3072	1,0235	NAN	
16,9	0,3072	1,0235	NAN	
16,92	0,3072	1,0235	NAN	
16,94	0,3072	1,0235	NAN	
16,96	0,3072	1,0235	NAN	
16,98	0,3072	1,0235	NAN	
17	0,3072	1,0235	NAN	
17,02	0,3072	1,0235	NAN	
17,04	0,3072	1,0235	NAN	
17,06	0,3072	1,0235	NAN	
17,08	0,3072	1,0235	NAN	
17,1	0,3072	1,0235	NAN	
17,12	0,3072	1,0235	NAN	
17,14	0,3072	1,0235	NAN	
17,16	0,3072	1,0235	NAN	
17,18	0,3072	1,0235	NAN	
17,2	0,3072	1,0235	NAN	
17,22	0,3072	1,0235	NAN	
17,24	0,3072	1,0235	NAN	
17,26	0,3072	1,0235	NAN	
17,28	0,3072	1,0235	NAN	
17,3	0,3072	1,0235	NAN	
17,32	0,3072	1,0235	NAN	
17,34	0,3072	1,0235	NAN	
17,36	0,3072	1,0235	NAN	
17,38	0,3072	1,0235	NAN	
17,4	0,3072	1,0235	NAN	
17,42	0,3072	1,0235	NAN	
17,44	0,3072	1,0235	NAN	
17,46	0,3072	1,0235	NAN	
17,48	0,3072	1,0235	NAN	
17,5	0,3072	1,0235	NAN	
17,52	0,3072	1,0235	NAN	
17,54	0,3072	1,0235	NAN	
17,56	0,3072	1,0235	NAN	
17,58	0,3072	1,0235	NAN	
17,6	0,3072	1,0235	NAN	
17,62	0,3072	1,0235	NAN	
17,64	0,3072	1,0235	NAN	
17,66	0,3072	1,0235	NAN	
17,68	0,3072	1,0235	NAN	
17,7	0,3072	1,0235	NAN	
17,72	0,3072	1,0235	NAN	
17,74	0,3072	1,0235	NAN	
17,76	0,3072	1,0235	NAN	
17,78	0,3072	1,0235	NAN	
17,8	0,3072	1,0235	NAN	
17,82	0,3072	1,0235	NAN	
17,84	0,3072	1,0235	NAN	
17,86	0,3072	1,0235	NAN	
17,88	0,3072	1,0235	NAN	
17,9	0,3072	1,0235	NAN	
17,92	0,3072	1,0235	NAN	
17,94	0,3072	1,0235	NAN	
17,96	0,3072	1,0235	NAN	
17,98	0,3072	1,0235	NAN	
18	0,3072	1,0235	NAN	
18,02	0,3072	1,0235	NAN	
18,04	0,3072	1,0235	NAN	
18,06	0,3072	1,0235	NAN	
18,08	0,3072	1,0235	NAN	
18,1	0,3072	1,0235	NAN	
18,12	0,3072	1,0235	NAN	
18,14	0,3072	1,0235	NAN	
18,16	0,3072	1,0235	NAN	
18,18	0,3072	1,0235	NAN	
18,2	0,3072	1,0235	NAN	
18,22	0,3072	1,0235	NAN	
18,24	0,3072	1,0235	NAN	
18,26	0,3072	1,0235	NAN	
18,28	0,3072	1,0235	NAN	
18,3	0,3072	1,0235	NAN	
18,32	0,3072	1,0235	NAN	
18,34	0,3072	1,0235	NAN	
18,36	0,30525	1,0235	NAN	
18,38	0,29775	1,0235	NAN	
18,4	0,29025	1,0235	NAN	
18,42	0,2826	1,0235	NAN	
18,44	0,2751	1,0235	NAN	
18,46	0,2679	1,0235	NAN	
18,48	0,2607	1,0235	NAN	
18,5	0,25365	1,0235	NAN	
18,52	0,24675	1,0235	NAN	
18,54	0,24	1,0235	NAN	
18,56	0,2331	1,0235	NAN	
18,58	0,22635	1,0235	NAN	
18,6	0,2199	1,0235	NAN	
18,62	0,2133	1,0235	NAN	
18,64	0,207	1,0235	NAN	
18,66	0,20115	1,0235	NAN	
18,68	0,195	1,0235	NAN	
18,7	0,189	1,0235	NAN	
18,72	0,1833	1,0235	NAN	
18,74	0,17775	1,0235	NAN	
18,76	0,1722	1,0235	NAN	
18,78	0,1668	1,0235	NAN	
18,8	0,1617	1,0235	NAN	
18,82	0,15615	1,0235	NAN	
18,84	0,1512	1,0235	NAN	
18,86	0,14655	1,0235	NAN	
18,88	0,1416	1,0235	NAN	
18,9	0,1368	1,0235	NAN	
18,92	0,132	1,0235	NAN	
18,94	0,1275	1,0235	NAN	
18,96	0,12315	1,0235	NAN	
18,98	0,1188	1,0235	NAN	
19	0,1146	1,0235	NAN	
19,02	0,11025	1,0235	NAN	
19,04	0,10635	1,0235	NAN	
19,06	0,1026	1,0235	NAN	
19,08	0,0987	1,0235	NAN	
19,1	0,09495	1,0235	NAN	
19,12	0,0912	1,0235	NAN	
19,14	0,08775	1,0235	NAN	
19,16	0,0843	1,0235	NAN	
19,18	0,0807	1,0235	NAN	
19,2	0,07755	1,0235	NAN	
19,22	0,07425	1,0235	NAN	
19,24	0,0711	1,0235	NAN	
19,26	0,06795	1,0235	NAN	
19,28	0,06525	1,0235	NAN	
19,3	0,0624	1,0235	NAN	
19,32	0,05925	1,0235	NAN	
19,34	0,0567	1,0235	NAN	
19,36	0,054	1,0235	NAN	
19,38	0,0513	1,0235	NAN	
19,4	0,04875	1,0235	NAN	
19,42	0,0465	1,0235	NAN	
19,44	0,0441	1,0235	NAN	
19,46	0,0417	1,0235	NAN	
19,48	0,0396	1,0235	NAN	
19,5	0,03735	1,0235	NAN	
19,52	0,0351	1,0235	NAN	
19,54	0,03315	1,0235	NAN	
19,56	0,03105	1,0235	NAN	
19,58	0,02895	1,0235	NAN	
19,6	0,02715	1,0235	NAN	
19,62	0,0252	1,0235	NAN	
19,64	0,0234	1,0235	NAN	
19,66	0,0216	1,0235	NAN	
19,68	0,0198	1,0235	NAN	
19,7	0,01815	1,0235	NAN	
19,72	0,01635	1,0235	NAN	
19,74	0,0147	1,0235	NAN	
19,76	0,01335	1,0235	NAN	
19,78	0,0117	1,0235	NAN	
19,8	0,01005	1,0235	NAN	
19,82	0,0087	1,0235	NAN	
19,84	0,0072	1,0235	NAN	
19,86	0,00555	1,0235	NAN	
19,88	0,0045	1,0235	NAN	
19,9	0,00315	1,0235	NAN	
19,92	0,00165	1,0235	NAN	
19,94	0,00045	1,0235	NAN	
19,96	-0,00045	1,0235	NAN	
19,98	-0,0018	1,0235	NAN	
20	-0,00315	1,0235	NAN	
