MIN=0	-0,3	-1	0	
MAX=0,02	0,3	1	25000	
SCALE=1	0,1	0,5	10000	
DEC=5	4	3	0	
DEF="Zeit" t / ms	"Spannung" U_A1 / V	"Spannung" U_B1 / V	"Frequenz" f / Hz	
0	-0,01245	0,273	NAN	
0,02	-0,0126	0,2705	NAN	
0,04	-0,0129	0,267	NAN	
0,06	-0,0129	0,264	NAN	
0,08	-0,01305	0,2605	NAN	
0,1	-0,01335	0,257	NAN	
0,12	-0,01335	0,2535	NAN	
0,14	-0,01335	0,2505	NAN	
0,16	-0,01365	0,247	NAN	
0,18	-0,0138	0,2455	NAN	
0,2	-0,01395	0,2405	NAN	
0,22	-0,0141	0,237	NAN	
0,24	-0,01425	0,2335	NAN	
0,26	-0,01425	0,2305	NAN	
0,28	-0,0144	0,2275	NAN	
0,3	-0,01485	0,2235	NAN	
0,32	-0,015	0,22	NAN	
0,34	-0,01485	0,2175	NAN	
0,36	-0,01515	0,2135	NAN	
0,38	-0,0156	0,21	NAN	
0,4	-0,0156	0,2065	NAN	
0,42	-0,0153	0,2035	NAN	
0,44	-0,0156	0,1995	NAN	
0,46	-0,0159	0,196	NAN	
0,48	-0,0159	0,1935	NAN	
0,5	-0,01635	0,1895	NAN	
0,52	-0,01635	0,186	NAN	
0,54	-0,01635	0,183	NAN	
0,56	-0,01635	0,1795	NAN	
0,58	-0,01665	0,176	NAN	
0,6	-0,01665	0,172	NAN	
0,62	-0,01665	0,169	NAN	
0,64	-0,01695	0,166	NAN	
0,66	-0,01695	0,162	NAN	
0,68	-0,0171	0,1585	NAN	
0,7	-0,01725	0,155	NAN	
0,72	-0,0174	0,1515	NAN	
0,74	-0,0174	0,1475	NAN	
0,76	-0,01755	0,145	NAN	
0,78	-0,0177	0,141	NAN	
0,8	-0,01785	0,1375	NAN	
0,82	-0,01785	0,134	NAN	
0,84	-0,01785	0,1305	NAN	
0,86	-0,01815	0,128	NAN	
0,88	-0,0183	0,1235	NAN	
0,9	-0,0183	0,121	NAN	
0,92	-0,0183	0,117	NAN	
0,94	-0,01845	0,113	NAN	
0,96	-0,0186	0,11	NAN	
0,98	-0,01875	0,1065	NAN	
1	-0,01875	0,1025	NAN	
1,02	-0,01875	0,099	NAN	
1,04	-0,0189	0,096	NAN	
1,06	-0,0189	0,0925	NAN	
1,08	-0,01905	0,089	NAN	
1,1	-0,01905	0,0855	NAN	
1,12	-0,01905	0,082	NAN	
1,14	-0,0192	0,0785	NAN	
1,16	-0,01965	0,0745	NAN	
1,18	-0,0195	0,0715	NAN	
1,2	-0,0198	0,068	NAN	
1,22	-0,0195	0,0645	NAN	
1,24	-0,01965	0,061	NAN	
1,26	-0,01965	0,0575	NAN	
1,28	-0,01995	0,0535	NAN	
1,3	-0,0201	0,05	NAN	
1,32	-0,01995	0,047	NAN	
1,34	-0,01995	0,0435	NAN	
1,36	-0,02025	0,0395	NAN	
1,38	-0,0204	0,0365	NAN	
1,4	-0,02055	0,0325	NAN	
1,42	-0,0204	0,029	NAN	
1,44	-0,02055	0,0255	NAN	
1,46	-0,02055	0,0225	NAN	
1,48	-0,02055	0,0185	NAN	
1,5	-0,021	0,0145	NAN	
1,52	-0,02085	0,0115	NAN	
1,54	-0,021	0,008	NAN	
1,56	-0,02115	0,005	NAN	
1,58	-0,02115	0,001	NAN	
1,6	-0,02115	-0,0025	NAN	
1,62	-0,02115	-0,006	NAN	
1,64	-0,02145	-0,01	NAN	
1,66	-0,0213	-0,0125	NAN	
1,68	-0,02145	-0,0165	NAN	
1,7	-0,0216	-0,0205	NAN	
1,72	-0,02175	-0,0235	NAN	
1,74	-0,0216	-0,027	NAN	
1,76	-0,0219	-0,031	NAN	
1,78	-0,0219	-0,0345	NAN	
1,8	-0,02205	-0,038	NAN	
1,82	-0,02175	-0,0415	NAN	
1,84	-0,0222	-0,045	NAN	
1,86	-0,0222	-0,0485	NAN	
1,88	-0,02235	-0,052	NAN	
1,9	-0,0225	-0,0555	NAN	
1,92	-0,0225	-0,0595	NAN	
1,94	-0,0225	-0,0625	NAN	
1,96	-0,0225	-0,066	NAN	
1,98	-0,0228	-0,07	NAN	
2	-0,02295	-0,073	NAN	
2,02	-0,02265	-0,0765	NAN	
2,04	-0,02295	-0,0805	NAN	
2,06	-0,0231	-0,0845	NAN	
2,08	-0,02295	-0,0875	NAN	
2,1	-0,0231	-0,091	NAN	
2,12	-0,02325	-0,0945	NAN	
2,14	-0,02325	-0,0985	NAN	
2,16	-0,02325	-0,1015	NAN	
2,18	-0,02325	-0,105	NAN	
2,2	-0,0234	-0,109	NAN	
2,22	-0,02355	-0,112	NAN	
2,24	-0,02355	-0,1155	NAN	
2,26	-0,0237	-0,119	NAN	
2,28	-0,02385	-0,123	NAN	
2,3	-0,0237	-0,126	NAN	
2,32	-0,02385	-0,1295	NAN	
2,34	-0,02415	-0,1325	NAN	
2,36	-0,02415	-0,1375	NAN	
2,38	-0,0243	-0,1405	NAN	
2,4	-0,0243	-0,144	NAN	
2,42	-0,0243	-0,1475	NAN	
2,44	-0,02445	-0,1515	NAN	
2,46	-0,0243	-0,1545	NAN	
2,48	-0,0246	-0,158	NAN	
2,5	-0,0246	-0,1615	NAN	
2,52	-0,0246	-0,165	NAN	
2,54	-0,02475	-0,169	NAN	
2,56	-0,0249	-0,1725	NAN	
2,58	-0,0249	-0,176	NAN	
2,6	-0,02505	-0,179	NAN	
2,62	-0,02505	-0,1825	NAN	
2,64	-0,02505	-0,186	NAN	
2,66	-0,0252	-0,1895	NAN	
2,68	-0,0255	-0,1935	NAN	
2,7	-0,0255	-0,1965	NAN	
2,72	-0,0255	-0,2	NAN	
2,74	-0,0255	-0,204	NAN	
2,76	-0,02565	-0,207	NAN	
2,78	-0,0255	-0,21	NAN	
2,8	-0,0258	-0,2145	NAN	
2,82	-0,02565	-0,218	NAN	
2,84	-0,02565	-0,2205	NAN	
2,86	-0,02565	-0,224	NAN	
2,88	-0,02595	-0,2275	NAN	
2,9	-0,02625	-0,2305	NAN	
2,92	-0,0261	-0,2345	NAN	
2,94	-0,0264	-0,238	NAN	
2,96	-0,02655	-0,242	NAN	
2,98	-0,0264	-0,245	NAN	
3	-0,02655	-0,248	NAN	
3,02	-0,0264	-0,252	NAN	
3,04	-0,0267	-0,255	NAN	
3,06	-0,02655	-0,258	NAN	
3,08	-0,02655	-0,2615	NAN	
3,1	-0,02685	-0,266	NAN	
3,12	-0,02685	-0,268	NAN	
3,14	-0,0267	-0,2715	NAN	
3,16	-0,02715	-0,2755	NAN	
3,18	-0,027	-0,2785	NAN	
3,2	-0,02715	-0,2815	NAN	
3,22	-0,02715	-0,285	NAN	
3,24	-0,0273	-0,2885	NAN	
3,26	-0,0273	-0,2915	NAN	
3,28	-0,0273	-0,295	NAN	
3,3	-0,0276	-0,2975	NAN	
3,32	-0,0276	-0,3015	NAN	
3,34	-0,02745	-0,304	NAN	
3,36	-0,0276	-0,3075	NAN	
3,38	-0,0279	-0,311	NAN	
3,4	-0,0279	-0,314	NAN	
3,42	-0,0276	-0,317	NAN	
3,44	-0,0279	-0,3205	NAN	
3,46	-0,0279	-0,3235	NAN	
3,48	-0,02805	-0,3265	NAN	
3,5	-0,0282	-0,3295	NAN	
3,52	-0,0282	-0,333	NAN	
3,54	-0,0282	-0,336	NAN	
3,56	-0,02835	-0,3385	NAN	
3,58	-0,02835	-0,342	NAN	
3,6	-0,02865	-0,3455	NAN	
3,62	-0,0285	-0,348	NAN	
3,64	-0,02865	-0,351	NAN	
3,66	-0,02865	-0,354	NAN	
3,68	-0,0288	-0,3575	NAN	
3,7	-0,0288	-0,36	NAN	
3,72	-0,02895	-0,363	NAN	
3,74	-0,02895	-0,366	NAN	
3,76	-0,02895	-0,369	NAN	
3,78	-0,02925	-0,3715	NAN	
3,8	-0,02925	-0,3745	NAN	
3,82	-0,0291	-0,3775	NAN	
3,84	-0,0291	-0,3805	NAN	
3,86	-0,02925	-0,3835	NAN	
3,88	-0,02925	-0,386	NAN	
3,9	-0,0294	-0,3885	NAN	
3,92	-0,02955	-0,3915	NAN	
3,94	-0,02955	-0,3945	NAN	
3,96	-0,02955	-0,397	NAN	
3,98	-0,0297	-0,4	NAN	
4	-0,0297	-0,4025	NAN	
4,02	-0,0297	-0,4055	NAN	
4,04	-0,02985	-0,4075	NAN	
4,06	-0,03	-0,411	NAN	
4,08	-0,03	-0,4135	NAN	
4,1	-0,03015	-0,4155	NAN	
4,12	-0,03	-0,4185	NAN	
4,14	-0,03	-0,421	NAN	
4,16	-0,0303	-0,4235	NAN	
4,18	-0,03015	-0,426	NAN	
4,2	-0,0303	-0,429	NAN	
4,22	-0,0303	-0,432	NAN	
4,24	-0,03045	-0,4335	NAN	
4,26	-0,0303	-0,436	NAN	
4,28	-0,0306	-0,439	NAN	
4,3	-0,03075	-0,441	NAN	
4,32	-0,0306	-0,443	NAN	
4,34	-0,03075	-0,446	NAN	
4,36	-0,0309	-0,448	NAN	
4,38	-0,0309	-0,45	NAN	
4,4	-0,0309	-0,4525	NAN	
4,42	-0,0309	-0,4555	NAN	
4,44	-0,03105	-0,4575	NAN	
4,46	-0,03075	-0,459	NAN	
4,48	-0,03105	-0,462	NAN	
4,5	-0,0312	-0,464	NAN	
4,52	-0,0312	-0,466	NAN	
4,54	-0,0312	-0,468	NAN	
4,56	-0,03135	-0,4705	NAN	
4,58	-0,03135	-0,473	NAN	
4,6	-0,03135	-0,4745	NAN	
4,62	-0,03135	-0,477	NAN	
4,64	-0,03165	-0,479	NAN	
4,66	-0,0315	-0,4805	NAN	
4,68	-0,0318	-0,483	NAN	
4,7	-0,0318	-0,485	NAN	
4,72	-0,0318	-0,4865	NAN	
4,74	-0,03165	-0,4885	NAN	
4,76	-0,03165	-0,491	NAN	
4,78	-0,03195	-0,492	NAN	
4,8	-0,03195	-0,494	NAN	
4,82	-0,03195	-0,496	NAN	
4,84	-0,03195	-0,498	NAN	
4,86	-0,03195	-0,4995	NAN	
4,88	-0,03195	-0,5015	NAN	
4,9	-0,0321	-0,5035	NAN	
4,92	-0,0321	-0,5055	NAN	
4,94	-0,03195	-0,507	NAN	
4,96	-0,0321	-0,509	NAN	
4,98	-0,0321	-0,5105	NAN	
5	-0,0324	-0,512	NAN	
5,02	-0,03225	-0,5135	NAN	
5,04	-0,03225	-0,5155	NAN	
5,06	-0,03225	-0,517	NAN	
5,08	-0,03225	-0,518	NAN	
5,1	-0,03255	-0,52	NAN	
5,12	-0,03255	-0,5215	NAN	
5,14	-0,03255	-0,523	NAN	
5,16	-0,03255	-0,5245	NAN	
5,18	-0,0327	-0,5265	NAN	
5,2	-0,03285	-0,528	NAN	
5,22	-0,03255	-0,5285	NAN	
5,24	-0,03285	-0,5305	NAN	
5,26	-0,0327	-0,5315	NAN	
5,28	-0,03285	-0,533	NAN	
5,3	-0,0327	-0,5345	NAN	
5,32	-0,03285	-0,536	NAN	
5,34	-0,03285	-0,537	NAN	
5,36	-0,03285	-0,5385	NAN	
5,38	-0,033	-0,54	NAN	
5,4	-0,033	-0,5415	NAN	
5,42	-0,03285	-0,5425	NAN	
5,44	-0,03285	-0,5435	NAN	
5,46	-0,033	-0,545	NAN	
5,48	-0,03315	-0,546	NAN	
5,5	-0,03315	-0,5465	NAN	
5,52	-0,03315	-0,548	NAN	
5,54	-0,03315	-0,549	NAN	
5,56	-0,033	-0,5495	NAN	
5,58	-0,033	-0,551	NAN	
5,6	-0,0333	-0,5525	NAN	
5,62	-0,03315	-0,5535	NAN	
5,64	-0,033	-0,554	NAN	
5,66	-0,03315	-0,555	NAN	
5,68	-0,03315	-0,5565	NAN	
5,7	-0,03315	-0,557	NAN	
5,72	-0,03315	-0,5575	NAN	
5,74	-0,03315	-0,559	NAN	
5,76	-0,0333	-0,5595	NAN	
5,78	-0,033	-0,56	NAN	
5,8	-0,0333	-0,561	NAN	
5,82	-0,03315	-0,562	NAN	
5,84	-0,03315	-0,5625	NAN	
5,86	-0,0333	-0,563	NAN	
5,88	-0,03345	-0,5645	NAN	
5,9	-0,0333	-0,565	NAN	
5,92	-0,03315	-0,565	NAN	
5,94	-0,03315	-0,566	NAN	
5,96	-0,03315	-0,567	NAN	
5,98	-0,03315	-0,5675	NAN	
6	-0,0333	-0,5685	NAN	
6,02	-0,03315	-0,569	NAN	
6,04	-0,0333	-0,569	NAN	
6,06	-0,03315	-0,5695	NAN	
6,08	-0,03315	-0,57	NAN	
6,1	-0,0333	-0,571	NAN	
6,12	-0,03315	-0,5715	NAN	
6,14	-0,03315	-0,5715	NAN	
6,16	-0,0333	-0,5725	NAN	
6,18	-0,03315	-0,5725	NAN	
6,2	-0,03315	-0,573	NAN	
6,22	-0,033	-0,5735	NAN	
6,24	-0,03315	-0,5735	NAN	
6,26	-0,03285	-0,5735	NAN	
6,28	-0,03285	-0,574	NAN	
6,3	-0,033	-0,5745	NAN	
6,32	-0,033	-0,575	NAN	
6,34	-0,03285	-0,575	NAN	
6,36	-0,03285	-0,5755	NAN	
6,38	-0,03285	-0,5745	NAN	
6,4	-0,0327	-0,5755	NAN	
6,42	-0,03255	-0,576	NAN	
6,44	-0,0327	-0,576	NAN	
6,46	-0,0327	-0,576	NAN	
6,48	-0,0324	-0,576	NAN	
6,5	-0,0327	-0,576	NAN	
6,52	-0,03255	-0,5765	NAN	
6,54	-0,03225	-0,576	NAN	
6,56	-0,0324	-0,5765	NAN	
6,58	-0,03225	-0,5765	NAN	
6,6	-0,0321	-0,576	NAN	
6,62	-0,03195	-0,5755	NAN	
6,64	-0,03195	-0,576	NAN	
6,66	-0,0318	-0,576	NAN	
6,68	-0,03165	-0,5755	NAN	
6,7	-0,0318	-0,576	NAN	
6,72	-0,03165	-0,5755	NAN	
6,74	-0,03135	-0,575	NAN	
6,76	-0,0312	-0,575	NAN	
6,78	-0,0312	-0,5755	NAN	
6,8	-0,0312	-0,575	NAN	
6,82	-0,03075	-0,5745	NAN	
6,84	-0,03075	-0,574	NAN	
6,86	-0,0306	-0,5745	NAN	
6,88	-0,03045	-0,5735	NAN	
6,9	-0,03015	-0,573	NAN	
6,92	-0,03015	-0,573	NAN	
6,94	-0,02985	-0,573	NAN	
6,96	-0,02955	-0,5715	NAN	
6,98	-0,0297	-0,5715	NAN	
7	-0,0294	-0,5715	NAN	
7,02	-0,0291	-0,5705	NAN	
7,04	-0,02895	-0,5705	NAN	
7,06	-0,0288	-0,5695	NAN	
7,08	-0,02865	-0,5695	NAN	
7,1	-0,0282	-0,568	NAN	
7,12	-0,02805	-0,568	NAN	
7,14	-0,02775	-0,568	NAN	
7,16	-0,0273	-0,567	NAN	
7,18	-0,0273	-0,566	NAN	
7,2	-0,02715	-0,566	NAN	
7,22	-0,0267	-0,565	NAN	
7,24	-0,02655	-0,564	NAN	
7,26	-0,0261	-0,563	NAN	
7,28	-0,0261	-0,563	NAN	
7,3	-0,02565	-0,562	NAN	
7,32	-0,0252	-0,561	NAN	
7,34	-0,02505	-0,5605	NAN	
7,36	-0,0249	-0,56	NAN	
7,38	-0,0246	-0,5585	NAN	
7,4	-0,0243	-0,558	NAN	
7,42	-0,02385	-0,557	NAN	
7,44	-0,02355	-0,556	NAN	
7,46	-0,02325	-0,555	NAN	
7,48	-0,02295	-0,5545	NAN	
7,5	-0,0228	-0,5535	NAN	
7,52	-0,02235	-0,552	NAN	
7,54	-0,02205	-0,551	NAN	
7,56	-0,02175	-0,5505	NAN	
7,58	-0,02145	-0,549	NAN	
7,6	-0,02115	-0,548	NAN	
7,62	-0,02085	-0,547	NAN	
7,64	-0,02055	-0,5455	NAN	
7,66	-0,01995	-0,544	NAN	
7,68	-0,0198	-0,5435	NAN	
7,7	-0,01965	-0,542	NAN	
7,72	-0,0192	-0,5405	NAN	
7,74	-0,01905	-0,54	NAN	
7,76	-0,01875	-0,539	NAN	
7,78	-0,01845	-0,537	NAN	
7,8	-0,018	-0,536	NAN	
7,82	-0,0177	-0,5345	NAN	
7,84	-0,01755	-0,5335	NAN	
7,86	-0,01695	-0,5315	NAN	
7,88	-0,01695	-0,5305	NAN	
7,9	-0,0165	-0,5295	NAN	
7,92	-0,0162	-0,5275	NAN	
7,94	-0,01575	-0,5255	NAN	
7,96	-0,0156	-0,525	NAN	
7,98	-0,01515	-0,5235	NAN	
8	-0,0147	-0,5215	NAN	
8,02	-0,0144	-0,5205	NAN	
8,04	-0,0141	-0,5185	NAN	
8,06	-0,01365	-0,5165	NAN	
8,08	-0,01335	-0,5155	NAN	
8,1	-0,01335	-0,514	NAN	
8,12	-0,0129	-0,512	NAN	
8,14	-0,01245	-0,51	NAN	
8,16	-0,01215	-0,5085	NAN	
8,18	-0,012	-0,5075	NAN	
8,2	-0,01155	-0,5055	NAN	
8,22	-0,01125	-0,5035	NAN	
8,24	-0,01095	-0,502	NAN	
8,26	-0,0108	-0,5	NAN	
8,28	-0,0105	-0,498	NAN	
8,3	-0,0102	-0,496	NAN	
8,32	-0,00975	-0,4945	NAN	
8,34	-0,00945	-0,493	NAN	
8,36	-0,00885	-0,4905	NAN	
8,38	-0,00855	-0,489	NAN	
8,4	-0,00855	-0,4875	NAN	
8,42	-0,0081	-0,485	NAN	
8,44	-0,0078	-0,483	NAN	
8,46	-0,0075	-0,4815	NAN	
8,48	-0,00735	-0,4795	NAN	
8,5	-0,0069	-0,4775	NAN	
8,52	-0,0066	-0,4755	NAN	
8,54	-0,00615	-0,4715	NAN	
8,56	-0,00585	-0,471	NAN	
8,58	-0,00555	-0,469	NAN	
8,6	-0,00555	-0,4675	NAN	
8,62	-0,00525	-0,4655	NAN	
8,64	-0,0048	-0,4625	NAN	
8,66	-0,0045	-0,461	NAN	
8,68	-0,00435	-0,4575	NAN	
8,7	-0,0039	-0,456	NAN	
8,72	-0,00375	-0,454	NAN	
8,74	-0,0033	-0,452	NAN	
8,76	-0,00315	-0,4495	NAN	
8,78	-0,00255	-0,447	NAN	
8,8	-0,0024	-0,445	NAN	
8,82	-0,0024	-0,4425	NAN	
8,84	-0,00195	-0,44	NAN	
8,86	-0,0015	-0,438	NAN	
8,88	-0,0015	-0,435	NAN	
8,9	-0,0012	-0,433	NAN	
8,92	-0,0009	-0,4305	NAN	
8,94	-0,00045	-0,4285	NAN	
8,96	-0,0003	-0,4255	NAN	
8,98	0,00015	-0,4225	NAN	
9	0,0003	-0,4205	NAN	
9,02	0,00045	-0,4185	NAN	
9,04	0,00075	-0,4155	NAN	
9,06	0,0012	-0,413	NAN	
9,08	0,0012	-0,4105	NAN	
9,1	0,00135	-0,4085	NAN	
9,12	0,0018	-0,405	NAN	
9,14	0,00225	-0,4025	NAN	
9,16	0,00225	-0,4005	NAN	
9,18	0,0027	-0,397	NAN	
9,2	0,00285	-0,395	NAN	
9,22	0,00285	-0,3925	NAN	
9,24	0,0033	-0,3895	NAN	
9,26	0,00375	-0,3855	NAN	
9,28	0,00375	-0,384	NAN	
9,3	0,0039	-0,3815	NAN	
9,32	0,0042	-0,3785	NAN	
9,34	0,00465	-0,3755	NAN	
9,36	0,0048	-0,3725	NAN	
9,38	0,00495	-0,3705	NAN	
9,4	0,0054	-0,367	NAN	
9,42	0,00525	-0,364	NAN	
9,44	0,00555	-0,3615	NAN	
9,46	0,006	-0,358	NAN	
9,48	0,00615	-0,3555	NAN	
9,5	0,0063	-0,353	NAN	
9,52	0,00645	-0,35	NAN	
9,54	0,00675	-0,3465	NAN	
9,56	0,00705	-0,3435	NAN	
9,58	0,0072	-0,341	NAN	
9,6	0,0072	-0,338	NAN	
9,62	0,00765	-0,334	NAN	
9,64	0,00765	-0,3315	NAN	
9,66	0,00795	-0,329	NAN	
9,68	0,0084	-0,325	NAN	
9,7	0,00825	-0,3225	NAN	
9,72	0,00855	-0,3195	NAN	
9,74	0,009	-0,3165	NAN	
9,76	0,009	-0,313	NAN	
9,78	0,0093	-0,3095	NAN	
9,8	0,0093	-0,307	NAN	
9,82	0,00945	-0,303	NAN	
9,84	0,00975	-0,3005	NAN	
9,86	0,01005	-0,2975	NAN	
9,88	0,0102	-0,294	NAN	
9,9	0,01035	-0,291	NAN	
9,92	0,01035	-0,288	NAN	
9,94	0,01095	-0,2845	NAN	
9,96	0,01095	-0,281	NAN	
9,98	0,0111	-0,2775	NAN	
10	0,0111	-0,275	NAN	
10,02	0,01125	-0,2715	NAN	
10,04	0,01155	-0,268	NAN	
10,06	0,0117	-0,265	NAN	
10,08	0,01155	-0,262	NAN	
10,1	0,01185	-0,2585	NAN	
10,12	0,012	-0,255	NAN	
10,14	0,01215	-0,252	NAN	
10,16	0,0126	-0,248	NAN	
10,18	0,01275	-0,2445	NAN	
10,2	0,01275	-0,242	NAN	
10,22	0,01275	-0,2385	NAN	
10,24	0,0129	-0,235	NAN	
10,26	0,01305	-0,2315	NAN	
10,28	0,01335	-0,229	NAN	
10,3	0,01335	-0,2245	NAN	
10,32	0,0135	-0,222	NAN	
10,34	0,01365	-0,218	NAN	
10,36	0,0138	-0,2145	NAN	
10,38	0,0141	-0,211	NAN	
10,4	0,0141	-0,208	NAN	
10,42	0,0141	-0,2045	NAN	
10,44	0,0144	-0,201	NAN	
10,46	0,0144	-0,198	NAN	
10,48	0,0144	-0,1945	NAN	
10,5	0,01455	-0,1905	NAN	
10,52	0,015	-0,1875	NAN	
10,54	0,01515	-0,1845	NAN	
10,56	0,015	-0,179	NAN	
10,58	0,0153	-0,1765	NAN	
10,6	0,01545	-0,174	NAN	
10,62	0,01545	-0,17	NAN	
10,64	0,01575	-0,167	NAN	
10,66	0,01605	-0,1625	NAN	
10,68	0,01605	-0,16	NAN	
10,7	0,0159	-0,156	NAN	
10,72	0,01605	-0,152	NAN	
10,74	0,0162	-0,149	NAN	
10,76	0,0162	-0,1455	NAN	
10,78	0,0162	-0,142	NAN	
10,8	0,0162	-0,1385	NAN	
10,82	0,01635	-0,135	NAN	
10,84	0,01665	-0,1315	NAN	
10,86	0,0171	-0,128	NAN	
10,88	0,01695	-0,124	NAN	
10,9	0,01695	-0,121	NAN	
10,92	0,0171	-0,118	NAN	
10,94	0,0174	-0,114	NAN	
10,96	0,01725	-0,1105	NAN	
10,98	0,01725	-0,107	NAN	
11	0,01725	-0,103	NAN	
11,02	0,0174	-0,1	NAN	
11,04	0,01755	-0,096	NAN	
11,06	0,01785	-0,093	NAN	
11,08	0,01785	-0,0895	NAN	
11,1	0,01785	-0,086	NAN	
11,12	0,01785	-0,0825	NAN	
11,14	0,01815	-0,079	NAN	
11,16	0,01815	-0,075	NAN	
11,18	0,0183	-0,0715	NAN	
11,2	0,01845	-0,0685	NAN	
11,22	0,0186	-0,0645	NAN	
11,24	0,0186	-0,0615	NAN	
11,26	0,01875	-0,0575	NAN	
11,28	0,01875	-0,054	NAN	
11,3	0,01875	-0,0505	NAN	
11,32	0,0186	-0,0475	NAN	
11,34	0,01905	-0,0435	NAN	
11,36	0,01905	-0,0395	NAN	
11,38	0,0192	-0,0365	NAN	
11,4	0,01905	-0,0335	NAN	
11,42	0,0192	-0,029	NAN	
11,44	0,0192	-0,0255	NAN	
11,46	0,01935	-0,022	NAN	
11,48	0,0195	-0,0185	NAN	
11,5	0,0195	-0,0155	NAN	
11,52	0,0195	-0,012	NAN	
11,54	0,01965	-0,0085	NAN	
11,56	0,01995	-0,0045	NAN	
11,58	0,01995	-0,001	NAN	
11,6	0,01995	0,0025	NAN	
11,62	0,0201	0,006	NAN	
11,64	0,02025	0,0095	NAN	
11,66	0,0201	0,012	NAN	
11,68	0,02025	0,0165	NAN	
11,7	0,0204	0,02	NAN	
11,72	0,0204	0,0235	NAN	
11,74	0,0207	0,0265	NAN	
11,76	0,0207	0,031	NAN	
11,78	0,02085	0,034	NAN	
11,8	0,0207	0,0375	NAN	
11,82	0,0207	0,041	NAN	
11,84	0,021	0,045	NAN	
11,86	0,02085	0,0485	NAN	
11,88	0,02085	0,0515	NAN	
11,9	0,02115	0,0555	NAN	
11,92	0,0213	0,059	NAN	
11,94	0,02145	0,062	NAN	
11,96	0,02145	0,066	NAN	
11,98	0,02145	0,0695	NAN	
12	0,02145	0,0725	NAN	
12,02	0,0213	0,076	NAN	
12,04	0,0216	0,0805	NAN	
12,06	0,02175	0,0835	NAN	
12,08	0,02175	0,087	NAN	
12,1	0,02175	0,0905	NAN	
12,12	0,02205	0,094	NAN	
12,14	0,0222	0,0975	NAN	
12,16	0,02205	0,1005	NAN	
12,18	0,02235	0,105	NAN	
12,2	0,02235	0,1085	NAN	
12,22	0,02235	0,1115	NAN	
12,24	0,02235	0,115	NAN	
12,26	0,02265	0,119	NAN	
12,28	0,0225	0,122	NAN	
12,3	0,0225	0,1255	NAN	
12,32	0,02265	0,129	NAN	
12,34	0,02265	0,1325	NAN	
12,36	0,02265	0,136	NAN	
12,38	0,0228	0,14	NAN	
12,4	0,0231	0,1435	NAN	
12,42	0,02295	0,1465	NAN	
12,44	0,0231	0,1495	NAN	
12,46	0,02325	0,154	NAN	
12,48	0,02325	0,157	NAN	
12,5	0,02325	0,161	NAN	
12,52	0,0234	0,1645	NAN	
12,54	0,0237	0,168	NAN	
12,56	0,02355	0,1715	NAN	
12,58	0,0237	0,175	NAN	
12,6	0,02385	0,1785	NAN	
12,62	0,0237	0,182	NAN	
12,64	0,0237	0,1855	NAN	
12,66	0,02385	0,1885	NAN	
12,68	0,024	0,1925	NAN	
12,7	0,024	0,195	NAN	
12,72	0,024	0,199	NAN	
12,74	0,02445	0,203	NAN	
12,76	0,02445	0,206	NAN	
12,78	0,02445	0,2095	NAN	
12,8	0,02445	0,2125	NAN	
12,82	0,0246	0,2165	NAN	
12,84	0,0246	0,22	NAN	
12,86	0,02475	0,2235	NAN	
12,88	0,02475	0,227	NAN	
12,9	0,02475	0,2295	NAN	
12,92	0,0249	0,2335	NAN	
12,94	0,02505	0,237	NAN	
12,96	0,02505	0,2405	NAN	
12,98	0,0252	0,244	NAN	
13	0,0252	0,247	NAN	
13,02	0,02535	0,2505	NAN	
13,04	0,02535	0,254	NAN	
13,06	0,02535	0,257	NAN	
13,08	0,02535	0,2605	NAN	
13,1	0,0255	0,264	NAN	
13,12	0,02535	0,267	NAN	
13,14	0,02565	0,2705	NAN	
13,16	0,0258	0,274	NAN	
13,18	0,02565	0,277	NAN	
13,2	0,0258	0,28	NAN	
13,22	0,0258	0,284	NAN	
13,24	0,02595	0,287	NAN	
13,26	0,0261	0,29	NAN	
13,28	0,02595	0,293	NAN	
13,3	0,02625	0,297	NAN	
13,32	0,02625	0,3	NAN	
13,34	0,0264	0,303	NAN	
13,36	0,0264	0,3065	NAN	
13,38	0,02655	0,3095	NAN	
13,4	0,02655	0,3125	NAN	
13,42	0,0264	0,3155	NAN	
13,44	0,02655	0,319	NAN	
13,46	0,02685	0,3225	NAN	
13,48	0,0267	0,325	NAN	
13,5	0,02685	0,328	NAN	
13,52	0,02715	0,332	NAN	
13,54	0,0273	0,3345	NAN	
13,56	0,027	0,3375	NAN	
13,58	0,0273	0,3415	NAN	
13,6	0,02715	0,3435	NAN	
13,62	0,02715	0,3465	NAN	
13,64	0,02715	0,35	NAN	
13,66	0,0276	0,353	NAN	
13,68	0,02745	0,356	NAN	
13,7	0,02745	0,3585	NAN	
13,72	0,02745	0,3615	NAN	
13,74	0,0276	0,365	NAN	
13,76	0,0276	0,367	NAN	
13,78	0,0279	0,3705	NAN	
13,8	0,0279	0,3735	NAN	
13,82	0,02775	0,376	NAN	
13,84	0,0279	0,379	NAN	
13,86	0,02805	0,383	NAN	
13,88	0,02805	0,385	NAN	
13,9	0,0282	0,3875	NAN	
13,92	0,0282	0,3905	NAN	
13,94	0,0285	0,393	NAN	
13,96	0,0285	0,396	NAN	
13,98	0,0285	0,3985	NAN	
14	0,02865	0,401	NAN	
14,02	0,0285	0,404	NAN	
14,04	0,0285	0,407	NAN	
14,06	0,02865	0,4095	NAN	
14,08	0,0288	0,412	NAN	
14,1	0,02865	0,415	NAN	
14,12	0,02865	0,417	NAN	
14,14	0,02895	0,4195	NAN	
14,16	0,02895	0,4225	NAN	
14,18	0,02895	0,425	NAN	
14,2	0,02895	0,4275	NAN	
14,22	0,02925	0,4295	NAN	
14,24	0,0291	0,432	NAN	
14,26	0,0291	0,435	NAN	
14,28	0,02925	0,4375	NAN	
14,3	0,02925	0,439	NAN	
14,32	0,02925	0,442	NAN	
14,34	0,02955	0,4445	NAN	
14,36	0,0294	0,4465	NAN	
14,38	0,02955	0,449	NAN	
14,4	0,02955	0,4515	NAN	
14,42	0,02985	0,4535	NAN	
14,44	0,02985	0,456	NAN	
14,46	0,0297	0,458	NAN	
14,48	0,02985	0,461	NAN	
14,5	0,02985	0,4625	NAN	
14,52	0,02985	0,464	NAN	
14,54	0,03015	0,4665	NAN	
14,56	0,03015	0,4695	NAN	
14,58	0,03015	0,471	NAN	
14,6	0,02985	0,473	NAN	
14,62	0,03015	0,4755	NAN	
14,64	0,0303	0,4775	NAN	
14,66	0,0303	0,479	NAN	
14,68	0,03015	0,4815	NAN	
14,7	0,03045	0,4835	NAN	
14,72	0,03045	0,485	NAN	
14,74	0,03045	0,488	NAN	
14,76	0,0306	0,4895	NAN	
14,78	0,0306	0,491	NAN	
14,8	0,03045	0,493	NAN	
14,82	0,0306	0,495	NAN	
14,84	0,03075	0,497	NAN	
14,86	0,0306	0,4985	NAN	
14,88	0,0306	0,5	NAN	
14,9	0,0306	0,5025	NAN	
14,92	0,03045	0,5035	NAN	
14,94	0,03075	0,5055	NAN	
14,96	0,03075	0,5075	NAN	
14,98	0,03105	0,509	NAN	
15	0,0309	0,5105	NAN	
15,02	0,0309	0,5125	NAN	
15,04	0,03105	0,514	NAN	
15,06	0,03105	0,5155	NAN	
15,08	0,03105	0,517	NAN	
15,1	0,0309	0,5185	NAN	
15,12	0,0312	0,5205	NAN	
15,14	0,03135	0,5215	NAN	
15,16	0,0312	0,523	NAN	
15,18	0,0312	0,525	NAN	
15,2	0,0312	0,5255	NAN	
15,22	0,0312	0,5275	NAN	
15,24	0,03135	0,529	NAN	
15,26	0,03165	0,5305	NAN	
15,28	0,03165	0,5315	NAN	
15,3	0,0315	0,5325	NAN	
15,32	0,0315	0,5345	NAN	
15,34	0,03165	0,5355	NAN	
15,36	0,0315	0,537	NAN	
15,38	0,03165	0,5385	NAN	
15,4	0,03165	0,5395	NAN	
15,42	0,0315	0,5405	NAN	
15,44	0,0315	0,542	NAN	
15,46	0,0318	0,5435	NAN	
15,48	0,03165	0,5445	NAN	
15,5	0,03165	0,5455	NAN	
15,52	0,03165	0,5465	NAN	
15,54	0,03195	0,5475	NAN	
15,56	0,0318	0,5485	NAN	
15,58	0,0318	0,5495	NAN	
15,6	0,0318	0,551	NAN	
15,62	0,03165	0,5515	NAN	
15,64	0,0318	0,5525	NAN	
15,66	0,0318	0,554	NAN	
15,68	0,03195	0,5545	NAN	
15,7	0,0318	0,5555	NAN	
15,72	0,03165	0,5565	NAN	
15,74	0,03195	0,5575	NAN	
15,76	0,0318	0,558	NAN	
15,78	0,03195	0,5585	NAN	
15,8	0,03195	0,56	NAN	
15,82	0,03195	0,5605	NAN	
15,84	0,03195	0,561	NAN	
15,86	0,03195	0,562	NAN	
15,88	0,03195	0,563	NAN	
15,9	0,0318	0,563	NAN	
15,92	0,0318	0,5635	NAN	
15,94	0,03195	0,565	NAN	
15,96	0,0321	0,566	NAN	
15,98	0,03195	0,566	NAN	
16	0,0318	0,5665	NAN	
16,02	0,03195	0,5675	NAN	
16,04	0,03195	0,568	NAN	
16,06	0,03195	0,5675	NAN	
16,08	0,03195	0,569	NAN	
16,1	0,0321	0,5695	NAN	
16,12	0,03165	0,5695	NAN	
16,14	0,0318	0,57	NAN	
16,16	0,0318	0,571	NAN	
16,18	0,0318	0,571	NAN	
16,2	0,03165	0,571	NAN	
16,22	0,0318	0,572	NAN	
16,24	0,03165	0,5725	NAN	
16,26	0,03165	0,573	NAN	
16,28	0,03165	0,573	NAN	
16,3	0,03165	0,5735	NAN	
16,32	0,0315	0,5735	NAN	
16,34	0,03165	0,574	NAN	
16,36	0,03135	0,5745	NAN	
16,38	0,0315	0,5745	NAN	
16,4	0,03135	0,5745	NAN	
16,42	0,03135	0,5745	NAN	
16,44	0,0315	0,575	NAN	
16,46	0,0312	0,5745	NAN	
16,48	0,0309	0,575	NAN	
16,5	0,0309	0,575	NAN	
16,52	0,0309	0,575	NAN	
16,54	0,03105	0,5755	NAN	
16,56	0,03075	0,575	NAN	
16,58	0,0309	0,5755	NAN	
16,6	0,0306	0,5745	NAN	
16,62	0,03045	0,575	NAN	
16,64	0,0306	0,5755	NAN	
16,66	0,03045	0,5745	NAN	
16,68	0,0303	0,5745	NAN	
16,7	0,0303	0,5745	NAN	
16,72	0,03015	0,574	NAN	
16,74	0,03015	0,574	NAN	
16,76	0,03	0,574	NAN	
16,78	0,02985	0,5745	NAN	
16,8	0,02955	0,5735	NAN	
16,82	0,02925	0,573	NAN	
16,84	0,02925	0,5735	NAN	
16,86	0,02925	0,573	NAN	
16,88	0,02895	0,5725	NAN	
16,9	0,02895	0,572	NAN	
16,92	0,02865	0,572	NAN	
16,94	0,02865	0,5715	NAN	
16,96	0,0282	0,571	NAN	
16,98	0,02835	0,571	NAN	
17	0,02805	0,5705	NAN	
17,02	0,02775	0,5695	NAN	
17,04	0,02745	0,569	NAN	
17,06	0,02745	0,5695	NAN	
17,08	0,027	0,568	NAN	
17,1	0,02685	0,568	NAN	
17,12	0,02685	0,5675	NAN	
17,14	0,0267	0,5665	NAN	
17,16	0,02625	0,566	NAN	
17,18	0,0258	0,5655	NAN	
17,2	0,02565	0,565	NAN	
17,22	0,02535	0,564	NAN	
17,24	0,0252	0,563	NAN	
17,26	0,0249	0,563	NAN	
17,28	0,0246	0,562	NAN	
17,3	0,02415	0,5605	NAN	
17,32	0,024	0,56	NAN	
17,34	0,02385	0,5595	NAN	
17,36	0,02355	0,5585	NAN	
17,38	0,0234	0,5575	NAN	
17,4	0,02295	0,557	NAN	
17,42	0,0225	0,556	NAN	
17,44	0,02235	0,555	NAN	
17,46	0,0222	0,554	NAN	
17,48	0,0219	0,5535	NAN	
17,5	0,02145	0,552	NAN	
17,52	0,021	0,551	NAN	
17,54	0,02085	0,55	NAN	
17,56	0,0204	0,549	NAN	
17,58	0,0201	0,5485	NAN	
17,6	0,0198	0,547	NAN	
17,62	0,0195	0,546	NAN	
17,64	0,01935	0,545	NAN	
17,66	0,0189	0,5435	NAN	
17,68	0,01875	0,5425	NAN	
17,7	0,0183	0,541	NAN	
17,72	0,01785	0,5395	NAN	
17,74	0,01755	0,539	NAN	
17,76	0,0174	0,5375	NAN	
17,78	0,0171	0,5365	NAN	
17,8	0,01665	0,535	NAN	
17,82	0,01635	0,534	NAN	
17,84	0,01605	0,5325	NAN	
17,86	0,0156	0,531	NAN	
17,88	0,01545	0,5295	NAN	
17,9	0,01515	0,528	NAN	
17,92	0,01485	0,5265	NAN	
17,94	0,0147	0,525	NAN	
17,96	0,01425	0,524	NAN	
17,98	0,0138	0,5225	NAN	
18	0,0135	0,521	NAN	
18,02	0,01305	0,5195	NAN	
18,04	0,0129	0,518	NAN	
18,06	0,0126	0,516	NAN	
18,08	0,012	0,5145	NAN	
18,1	0,01185	0,5135	NAN	
18,12	0,01155	0,511	NAN	
18,14	0,0114	0,5095	NAN	
18,16	0,0111	0,5085	NAN	
18,18	0,01065	0,5065	NAN	
18,2	0,0102	0,5045	NAN	
18,22	0,0099	0,5025	NAN	
18,24	0,00975	0,501	NAN	
18,26	0,0093	0,499	NAN	
18,28	0,0087	0,4975	NAN	
18,3	0,00855	0,4955	NAN	
18,32	0,0087	0,494	NAN	
18,34	0,00825	0,492	NAN	
18,36	0,0078	0,49	NAN	
18,38	0,0075	0,4885	NAN	
18,4	0,00705	0,486	NAN	
18,42	0,00675	0,4845	NAN	
18,44	0,00675	0,4825	NAN	
18,46	0,0063	0,4805	NAN	
18,48	0,00585	0,478	NAN	
18,5	0,0054	0,476	NAN	
18,52	0,00555	0,475	NAN	
18,54	0,0051	0,4725	NAN	
18,56	0,00465	0,47	NAN	
18,58	0,0045	0,4685	NAN	
18,6	0,0042	0,4665	NAN	
18,62	0,0039	0,464	NAN	
18,64	0,0036	0,4615	NAN	
18,66	0,00345	0,46	NAN	
18,68	0,00285	0,458	NAN	
18,7	0,0027	0,455	NAN	
18,72	0,00255	0,453	NAN	
18,74	0,00225	0,4515	NAN	
18,76	0,0018	0,4485	NAN	
18,78	0,0015	0,446	NAN	
18,8	0,0012	0,4445	NAN	
18,82	0,00105	0,4415	NAN	
18,84	0,00075	0,4395	NAN	
18,86	0,00045	0,437	NAN	
18,88	0,00015	0,435	NAN	
18,9	-0,00015	0,4325	NAN	
18,92	-0,00045	0,43	NAN	
18,94	-0,0006	0,428	NAN	
18,96	-0,00075	0,425	NAN	
18,98	-0,0012	0,4225	NAN	
19	-0,0015	0,4205	NAN	
19,02	-0,0015	0,418	NAN	
19,04	-0,00195	0,4145	NAN	
19,06	-0,0021	0,4125	NAN	
19,08	-0,0024	0,4095	NAN	
19,1	-0,003	0,407	NAN	
19,12	-0,00315	0,4045	NAN	
19,14	-0,0033	0,402	NAN	
19,16	-0,00345	0,3995	NAN	
19,18	-0,00375	0,3965	NAN	
19,2	-0,00435	0,394	NAN	
19,22	-0,0042	0,392	NAN	
19,24	-0,00465	0,3885	NAN	
19,26	-0,00465	0,386	NAN	
19,28	-0,0048	0,3835	NAN	
19,3	-0,0054	0,3805	NAN	
19,32	-0,00555	0,378	NAN	
19,34	-0,0057	0,3745	NAN	
19,36	-0,006	0,3725	NAN	
19,38	-0,00615	0,369	NAN	
19,4	-0,00645	0,3675	NAN	
19,42	-0,0063	0,364	NAN	
19,44	-0,0069	0,361	NAN	
19,46	-0,00705	0,358	NAN	
19,48	-0,0072	0,355	NAN	
19,5	-0,0075	0,352	NAN	
19,52	-0,00795	0,349	NAN	
19,54	-0,00795	0,3465	NAN	
19,56	-0,0081	0,343	NAN	
19,58	-0,00855	0,34	NAN	
19,6	-0,00885	0,337	NAN	
19,62	-0,00885	0,334	NAN	
19,64	-0,009	0,331	NAN	
19,66	-0,00915	0,328	NAN	
19,68	-0,00945	0,325	NAN	
19,7	-0,0096	0,3225	NAN	
19,72	-0,0099	0,319	NAN	
19,74	-0,01005	0,3155	NAN	
19,76	-0,0102	0,3125	NAN	
19,78	-0,01035	0,3095	NAN	
19,8	-0,01065	0,306	NAN	
19,82	-0,01065	0,3035	NAN	
19,84	-0,0108	0,3	NAN	
19,86	-0,01125	0,297	NAN	
19,88	-0,0114	0,2935	NAN	
19,9	-0,01155	0,2905	NAN	
19,92	-0,0117	0,2875	NAN	
19,94	-0,0117	0,284	NAN	
19,96	-0,01215	0,2805	NAN	
19,98	-0,01215	0,2775	NAN	
20	-0,0126	0,2745	NAN	
