MIN=0	-0,3	-1	0	
MAX=0,02	0,3	1	25000	
SCALE=1	0,1	0,5	10000	
DEC=5	4	3	0	
DEF="Zeit" t / ms	"Spannung" U_A1 / V	"Spannung" U_B1 / V	"Frequenz" f / Hz	
0	-0,01245	-0,2465	NAN	
0,02	-0,01245	-0,2485	NAN	
0,04	-0,01245	-0,2505	NAN	
0,06	-0,0123	-0,2525	NAN	
0,08	-0,01245	-0,254	NAN	
0,1	-0,0126	-0,257	NAN	
0,12	-0,0126	-0,259	NAN	
0,14	-0,0126	-0,26	NAN	
0,16	-0,01275	-0,263	NAN	
0,18	-0,0126	-0,265	NAN	
0,2	-0,01275	-0,267	NAN	
0,22	-0,0126	-0,269	NAN	
0,24	-0,01275	-0,271	NAN	
0,26	-0,0129	-0,2735	NAN	
0,28	-0,01275	-0,2745	NAN	
0,3	-0,01275	-0,277	NAN	
0,32	-0,01275	-0,279	NAN	
0,34	-0,01275	-0,281	NAN	
0,36	-0,0129	-0,282	NAN	
0,38	-0,0129	-0,285	NAN	
0,4	-0,01305	-0,287	NAN	
0,42	-0,01275	-0,288	NAN	
0,44	-0,0129	-0,29	NAN	
0,46	-0,0129	-0,2925	NAN	
0,48	-0,01305	-0,2935	NAN	
0,5	-0,0129	-0,2955	NAN	
0,52	-0,01305	-0,2975	NAN	
0,54	-0,01305	-0,2995	NAN	
0,56	-0,0129	-0,301	NAN	
0,58	-0,01305	-0,303	NAN	
0,6	-0,0132	-0,305	NAN	
0,62	-0,01305	-0,3065	NAN	
0,64	-0,01275	-0,3085	NAN	
0,66	-0,0129	-0,31	NAN	
0,68	-0,0132	-0,312	NAN	
0,7	-0,01305	-0,313	NAN	
0,72	-0,0132	-0,315	NAN	
0,74	-0,01335	-0,317	NAN	
0,76	-0,0132	-0,3185	NAN	
0,78	-0,0132	-0,32	NAN	
0,8	-0,01335	-0,3215	NAN	
0,82	-0,0132	-0,323	NAN	
0,84	-0,01335	-0,3245	NAN	
0,86	-0,01335	-0,3265	NAN	
0,88	-0,0132	-0,3285	NAN	
0,9	-0,01335	-0,3295	NAN	
0,92	-0,0132	-0,331	NAN	
0,94	-0,0132	-0,3325	NAN	
0,96	-0,01335	-0,3335	NAN	
0,98	-0,01335	-0,3355	NAN	
1	-0,01335	-0,337	NAN	
1,02	-0,0132	-0,339	NAN	
1,04	-0,01335	-0,3395	NAN	
1,06	-0,0132	-0,341	NAN	
1,08	-0,01335	-0,343	NAN	
1,1	-0,0135	-0,3445	NAN	
1,12	-0,01335	-0,345	NAN	
1,14	-0,01335	-0,3465	NAN	
1,16	-0,01335	-0,348	NAN	
1,18	-0,01335	-0,349	NAN	
1,2	-0,0135	-0,351	NAN	
1,22	-0,0135	-0,3525	NAN	
1,24	-0,01335	-0,3535	NAN	
1,26	-0,0132	-0,354	NAN	
1,28	-0,01335	-0,356	NAN	
1,3	-0,0135	-0,3575	NAN	
1,32	-0,0135	-0,3575	NAN	
1,34	-0,0132	-0,3595	NAN	
1,36	-0,01335	-0,3605	NAN	
1,38	-0,0135	-0,362	NAN	
1,4	-0,0135	-0,3625	NAN	
1,42	-0,0132	-0,364	NAN	
1,44	-0,01335	-0,3655	NAN	
1,46	-0,01335	-0,366	NAN	
1,48	-0,01335	-0,3675	NAN	
1,5	-0,01335	-0,369	NAN	
1,52	-0,0135	-0,3695	NAN	
1,54	-0,01335	-0,3705	NAN	
1,56	-0,01365	-0,372	NAN	
1,58	-0,01365	-0,3735	NAN	
1,6	-0,01335	-0,374	NAN	
1,62	-0,0132	-0,3745	NAN	
1,64	-0,01335	-0,3765	NAN	
1,66	-0,0135	-0,377	NAN	
1,68	-0,01335	-0,3775	NAN	
1,7	-0,01335	-0,379	NAN	
1,72	-0,01335	-0,38	NAN	
1,74	-0,0132	-0,3805	NAN	
1,76	-0,01335	-0,3815	NAN	
1,78	-0,0135	-0,3825	NAN	
1,8	-0,0135	-0,3835	NAN	
1,82	-0,0132	-0,384	NAN	
1,84	-0,01335	-0,385	NAN	
1,86	-0,0135	-0,385	NAN	
1,88	-0,01335	-0,3865	NAN	
1,9	-0,0135	-0,387	NAN	
1,92	-0,01335	-0,3885	NAN	
1,94	-0,01305	-0,389	NAN	
1,96	-0,0132	-0,389	NAN	
1,98	-0,01335	-0,3905	NAN	
2	-0,01335	-0,391	NAN	
2,02	-0,01305	-0,391	NAN	
2,04	-0,0132	-0,392	NAN	
2,06	-0,01335	-0,393	NAN	
2,08	-0,0132	-0,3935	NAN	
2,1	-0,0132	-0,394	NAN	
2,12	-0,0132	-0,395	NAN	
2,14	-0,0132	-0,395	NAN	
2,16	-0,0132	-0,3955	NAN	
2,18	-0,01335	-0,3965	NAN	
2,2	-0,0132	-0,397	NAN	
2,22	-0,01305	-0,3975	NAN	
2,24	-0,0129	-0,398	NAN	
2,26	-0,01305	-0,3985	NAN	
2,28	-0,0129	-0,399	NAN	
2,3	-0,0129	-0,399	NAN	
2,32	-0,01275	-0,4	NAN	
2,34	-0,01275	-0,4	NAN	
2,36	-0,0129	-0,4005	NAN	
2,38	-0,0129	-0,401	NAN	
2,4	-0,0129	-0,402	NAN	
2,42	-0,01275	-0,402	NAN	
2,44	-0,01275	-0,402	NAN	
2,46	-0,01275	-0,4025	NAN	
2,48	-0,01275	-0,4035	NAN	
2,5	-0,01275	-0,403	NAN	
2,52	-0,0126	-0,4035	NAN	
2,54	-0,01275	-0,4045	NAN	
2,56	-0,0129	-0,405	NAN	
2,58	-0,0129	-0,4045	NAN	
2,6	-0,01275	-0,405	NAN	
2,62	-0,0126	-0,4055	NAN	
2,64	-0,0126	-0,405	NAN	
2,66	-0,01245	-0,4055	NAN	
2,68	-0,0126	-0,4065	NAN	
2,7	-0,0126	-0,4065	NAN	
2,72	-0,0123	-0,406	NAN	
2,74	-0,01245	-0,4065	NAN	
2,76	-0,01245	-0,407	NAN	
2,78	-0,0123	-0,4065	NAN	
2,8	-0,0123	-0,4065	NAN	
2,82	-0,0123	-0,407	NAN	
2,84	-0,0123	-0,407	NAN	
2,86	-0,012	-0,4065	NAN	
2,88	-0,01215	-0,407	NAN	
2,9	-0,01215	-0,407	NAN	
2,92	-0,012	-0,407	NAN	
2,94	-0,01185	-0,407	NAN	
2,96	-0,012	-0,407	NAN	
2,98	-0,012	-0,4075	NAN	
3	-0,0117	-0,407	NAN	
3,02	-0,0117	-0,407	NAN	
3,04	-0,0117	-0,407	NAN	
3,06	-0,0117	-0,4065	NAN	
3,08	-0,0117	-0,407	NAN	
3,1	-0,0117	-0,4065	NAN	
3,12	-0,01155	-0,407	NAN	
3,14	-0,0114	-0,406	NAN	
3,16	-0,0114	-0,406	NAN	
3,18	-0,01155	-0,406	NAN	
3,2	-0,0114	-0,406	NAN	
3,22	-0,01125	-0,406	NAN	
3,24	-0,01125	-0,4055	NAN	
3,26	-0,01125	-0,4055	NAN	
3,28	-0,01095	-0,405	NAN	
3,3	-0,0111	-0,405	NAN	
3,32	-0,0111	-0,4045	NAN	
3,34	-0,01095	-0,4045	NAN	
3,36	-0,0108	-0,404	NAN	
3,38	-0,0108	-0,404	NAN	
3,4	-0,0108	-0,4035	NAN	
3,42	-0,0105	-0,403	NAN	
3,44	-0,0105	-0,403	NAN	
3,46	-0,0105	-0,4025	NAN	
3,48	-0,0105	-0,402	NAN	
3,5	-0,01035	-0,402	NAN	
3,52	-0,0102	-0,4015	NAN	
3,54	-0,0102	-0,4005	NAN	
3,56	-0,0099	-0,4005	NAN	
3,58	-0,01005	-0,4005	NAN	
3,6	-0,0099	-0,4005	NAN	
3,62	-0,0099	-0,3985	NAN	
3,64	-0,0099	-0,3985	NAN	
3,66	-0,0099	-0,398	NAN	
3,68	-0,01005	-0,397	NAN	
3,7	-0,0096	-0,3965	NAN	
3,72	-0,00975	-0,397	NAN	
3,74	-0,0096	-0,396	NAN	
3,76	-0,00945	-0,395	NAN	
3,78	-0,0093	-0,3945	NAN	
3,8	-0,00915	-0,394	NAN	
3,82	-0,009	-0,393	NAN	
3,84	-0,00885	-0,3925	NAN	
3,86	-0,0087	-0,3925	NAN	
3,88	-0,009	-0,3915	NAN	
3,9	-0,00855	-0,39	NAN	
3,92	-0,00855	-0,3895	NAN	
3,94	-0,00885	-0,389	NAN	
3,96	-0,0087	-0,388	NAN	
3,98	-0,00855	-0,387	NAN	
4	-0,0084	-0,387	NAN	
4,02	-0,0084	-0,386	NAN	
4,04	-0,0081	-0,3845	NAN	
4,06	-0,0081	-0,3845	NAN	
4,08	-0,0081	-0,384	NAN	
4,1	-0,0078	-0,382	NAN	
4,12	-0,0075	-0,3815	NAN	
4,14	-0,0078	-0,3815	NAN	
4,16	-0,0078	-0,3805	NAN	
4,18	-0,00765	-0,379	NAN	
4,2	-0,00735	-0,378	NAN	
4,22	-0,00735	-0,3775	NAN	
4,24	-0,00735	-0,3765	NAN	
4,26	-0,0072	-0,3755	NAN	
4,28	-0,00735	-0,3745	NAN	
4,3	-0,00705	-0,3735	NAN	
4,32	-0,0069	-0,3725	NAN	
4,34	-0,0069	-0,371	NAN	
4,36	-0,0069	-0,37	NAN	
4,38	-0,0069	-0,3695	NAN	
4,4	-0,00645	-0,368	NAN	
4,42	-0,00645	-0,367	NAN	
4,44	-0,00645	-0,3665	NAN	
4,46	-0,0063	-0,365	NAN	
4,48	-0,0063	-0,364	NAN	
4,5	-0,00615	-0,363	NAN	
4,52	-0,006	-0,3615	NAN	
4,54	-0,0057	-0,36	NAN	
4,56	-0,00555	-0,359	NAN	
4,58	-0,0057	-0,3575	NAN	
4,6	-0,0054	-0,357	NAN	
4,62	-0,0054	-0,355	NAN	
4,64	-0,0054	-0,354	NAN	
4,66	-0,00525	-0,353	NAN	
4,68	-0,0051	-0,3515	NAN	
4,7	-0,00495	-0,3505	NAN	
4,72	-0,00495	-0,349	NAN	
4,74	-0,0048	-0,3475	NAN	
4,76	-0,0048	-0,3465	NAN	
4,78	-0,0048	-0,345	NAN	
4,8	-0,00465	-0,3435	NAN	
4,82	-0,0042	-0,342	NAN	
4,84	-0,00435	-0,341	NAN	
4,86	-0,0042	-0,34	NAN	
4,88	-0,00405	-0,337	NAN	
4,9	-0,00405	-0,3365	NAN	
4,92	-0,0039	-0,335	NAN	
4,94	-0,0039	-0,333	NAN	
4,96	-0,00375	-0,332	NAN	
4,98	-0,00375	-0,3305	NAN	
5	-0,00375	-0,3285	NAN	
5,02	-0,00345	-0,3275	NAN	
5,04	-0,0033	-0,326	NAN	
5,06	-0,0033	-0,325	NAN	
5,08	-0,0033	-0,323	NAN	
5,1	-0,003	-0,321	NAN	
5,12	-0,00315	-0,32	NAN	
5,14	-0,003	-0,318	NAN	
5,16	-0,00255	-0,3155	NAN	
5,18	-0,0027	-0,315	NAN	
5,2	-0,00255	-0,3135	NAN	
5,22	-0,00255	-0,3115	NAN	
5,24	-0,00225	-0,31	NAN	
5,26	-0,0021	-0,308	NAN	
5,28	-0,00225	-0,3065	NAN	
5,3	-0,00195	-0,3045	NAN	
5,32	-0,0021	-0,303	NAN	
5,34	-0,0021	-0,3015	NAN	
5,36	-0,0018	-0,2995	NAN	
5,38	-0,0018	-0,298	NAN	
5,4	-0,00165	-0,296	NAN	
5,42	-0,00165	-0,2945	NAN	
5,44	-0,0015	-0,292	NAN	
5,46	-0,0015	-0,2905	NAN	
5,48	-0,00135	-0,289	NAN	
5,5	-0,00135	-0,2865	NAN	
5,52	-0,00105	-0,285	NAN	
5,54	-0,00105	-0,283	NAN	
5,56	-0,0009	-0,2815	NAN	
5,58	-0,00075	-0,2785	NAN	
5,6	-0,00075	-0,277	NAN	
5,62	-0,00075	-0,2755	NAN	
5,64	-0,0006	-0,2735	NAN	
5,66	-0,00045	-0,2715	NAN	
5,68	-0,0003	-0,2695	NAN	
5,7	-0,0003	-0,2675	NAN	
5,72	-0,00015	-0,265	NAN	
5,74	-0,0003	-0,263	NAN	
5,76	0	-0,2615	NAN	
5,78	0,00015	-0,259	NAN	
5,8	0,0003	-0,257	NAN	
5,82	0,00015	-0,255	NAN	
5,84	0,00015	-0,254	NAN	
5,86	0,00045	-0,251	NAN	
5,88	0,00045	-0,2495	NAN	
5,9	0,0003	-0,2475	NAN	
5,92	0,00075	-0,245	NAN	
5,94	0,00075	-0,243	NAN	
5,96	0,0009	-0,241	NAN	
5,98	0,00075	-0,239	NAN	
6	0,0009	-0,2365	NAN	
6,02	0,00105	-0,235	NAN	
6,04	0,00105	-0,233	NAN	
6,06	0,00105	-0,23	NAN	
6,08	0,00135	-0,228	NAN	
6,1	0,0012	-0,226	NAN	
6,12	0,0012	-0,224	NAN	
6,14	0,0015	-0,2215	NAN	
6,16	0,00165	-0,2195	NAN	
6,18	0,0018	-0,2175	NAN	
6,2	0,0018	-0,2145	NAN	
6,22	0,0018	-0,213	NAN	
6,24	0,00165	-0,21	NAN	
6,26	0,00195	-0,208	NAN	
6,28	0,00225	-0,2055	NAN	
6,3	0,00225	-0,2035	NAN	
6,32	0,0021	-0,2015	NAN	
6,34	0,00225	-0,1985	NAN	
6,36	0,0024	-0,197	NAN	
6,38	0,0024	-0,1945	NAN	
6,4	0,00255	-0,192	NAN	
6,42	0,0027	-0,1895	NAN	
6,44	0,0027	-0,1875	NAN	
6,46	0,00285	-0,185	NAN	
6,48	0,003	-0,182	NAN	
6,5	0,00285	-0,1805	NAN	
6,52	0,00285	-0,178	NAN	
6,54	0,003	-0,1755	NAN	
6,56	0,00315	-0,173	NAN	
6,58	0,0033	-0,171	NAN	
6,6	0,0033	-0,169	NAN	
6,62	0,00345	-0,1655	NAN	
6,64	0,00345	-0,1635	NAN	
6,66	0,00345	-0,1615	NAN	
6,68	0,00345	-0,159	NAN	
6,7	0,0036	-0,1565	NAN	
6,72	0,0036	-0,154	NAN	
6,74	0,0036	-0,153	NAN	
6,76	0,00405	-0,149	NAN	
6,78	0,00405	-0,1465	NAN	
6,8	0,0039	-0,1445	NAN	
6,82	0,0039	-0,1425	NAN	
6,84	0,00405	-0,1395	NAN	
6,86	0,0042	-0,137	NAN	
6,88	0,0042	-0,1355	NAN	
6,9	0,00435	-0,132	NAN	
6,92	0,00435	-0,1295	NAN	
6,94	0,00435	-0,1275	NAN	
6,96	0,00465	-0,125	NAN	
6,98	0,00465	-0,1225	NAN	
7	0,00465	-0,1195	NAN	
7,02	0,00465	-0,117	NAN	
7,04	0,0048	-0,115	NAN	
7,06	0,0048	-0,1125	NAN	
7,08	0,00495	-0,11	NAN	
7,1	0,00495	-0,1075	NAN	
7,12	0,0051	-0,105	NAN	
7,14	0,0051	-0,1025	NAN	
7,16	0,0051	-0,099	NAN	
7,18	0,00525	-0,0975	NAN	
7,2	0,0051	-0,095	NAN	
7,22	0,0051	-0,093	NAN	
7,24	0,0051	-0,0905	NAN	
7,26	0,0054	-0,0875	NAN	
7,28	0,00555	-0,0855	NAN	
7,3	0,00525	-0,083	NAN	
7,32	0,00555	-0,08	NAN	
7,34	0,00555	-0,0775	NAN	
7,36	0,00585	-0,0755	NAN	
7,38	0,0057	-0,073	NAN	
7,4	0,00585	-0,07	NAN	
7,42	0,00585	-0,0675	NAN	
7,44	0,00585	-0,065	NAN	
7,46	0,006	-0,063	NAN	
7,48	0,006	-0,0605	NAN	
7,5	0,006	-0,058	NAN	
7,52	0,006	-0,0555	NAN	
7,54	0,006	-0,053	NAN	
7,56	0,00615	-0,0505	NAN	
7,58	0,00615	-0,048	NAN	
7,6	0,00645	-0,045	NAN	
7,62	0,0063	-0,043	NAN	
7,64	0,00615	-0,0405	NAN	
7,66	0,00645	-0,0375	NAN	
7,68	0,0066	-0,0355	NAN	
7,7	0,00645	-0,033	NAN	
7,72	0,0066	-0,03	NAN	
7,74	0,00675	-0,0275	NAN	
7,76	0,00675	-0,0255	NAN	
7,78	0,00675	-0,023	NAN	
7,8	0,0069	-0,02	NAN	
7,82	0,00675	-0,017	NAN	
7,84	0,00675	-0,0155	NAN	
7,86	0,0066	-0,013	NAN	
7,88	0,00705	-0,01	NAN	
7,9	0,0069	-0,008	NAN	
7,92	0,00705	-0,0055	NAN	
7,94	0,00705	-0,0025	NAN	
7,96	0,00735	-0,0005	NAN	
7,98	0,0072	0,002	NAN	
8	0,0072	0,0045	NAN	
8,02	0,00735	0,0075	NAN	
8,04	0,0072	0,0095	NAN	
8,06	0,0072	0,012	NAN	
8,08	0,0072	0,015	NAN	
8,1	0,0075	0,017	NAN	
8,12	0,0075	0,019	NAN	
8,14	0,0075	0,022	NAN	
8,16	0,0078	0,025	NAN	
8,18	0,00765	0,027	NAN	
8,2	0,00765	0,0295	NAN	
8,22	0,00765	0,032	NAN	
8,24	0,0078	0,035	NAN	
8,26	0,0075	0,037	NAN	
8,28	0,00765	0,0395	NAN	
8,3	0,0078	0,0425	NAN	
8,32	0,0078	0,0445	NAN	
8,34	0,00795	0,047	NAN	
8,36	0,00825	0,0495	NAN	
8,38	0,0081	0,052	NAN	
8,4	0,0081	0,055	NAN	
8,42	0,0081	0,057	NAN	
8,44	0,00825	0,06	NAN	
8,46	0,00825	0,062	NAN	
8,48	0,00825	0,0645	NAN	
8,5	0,0084	0,067	NAN	
8,52	0,00855	0,0695	NAN	
8,54	0,00855	0,0715	NAN	
8,56	0,0087	0,074	NAN	
8,58	0,00855	0,077	NAN	
8,6	0,0087	0,0795	NAN	
8,62	0,00855	0,0815	NAN	
8,64	0,0087	0,0845	NAN	
8,66	0,0087	0,087	NAN	
8,68	0,00885	0,089	NAN	
8,7	0,0087	0,092	NAN	
8,72	0,00885	0,094	NAN	
8,74	0,00885	0,097	NAN	
8,76	0,00915	0,0995	NAN	
8,78	0,009	0,102	NAN	
8,8	0,009	0,1045	NAN	
8,82	0,009	0,1065	NAN	
8,84	0,00885	0,109	NAN	
8,86	0,0093	0,1115	NAN	
8,88	0,0093	0,114	NAN	
8,9	0,00915	0,1165	NAN	
8,92	0,0093	0,119	NAN	
8,94	0,00915	0,121	NAN	
8,96	0,00945	0,1235	NAN	
8,98	0,00945	0,1265	NAN	
9	0,00945	0,1295	NAN	
9,02	0,0093	0,131	NAN	
9,04	0,00945	0,1335	NAN	
9,06	0,0096	0,1365	NAN	
9,08	0,0096	0,1385	NAN	
9,1	0,00945	0,141	NAN	
9,12	0,00945	0,144	NAN	
9,14	0,00975	0,146	NAN	
9,16	0,00975	0,1485	NAN	
9,18	0,00975	0,1505	NAN	
9,2	0,0099	0,1535	NAN	
9,22	0,0099	0,156	NAN	
9,24	0,0099	0,158	NAN	
9,26	0,00975	0,1605	NAN	
9,28	0,01005	0,1635	NAN	
9,3	0,0102	0,165	NAN	
9,32	0,01005	0,1675	NAN	
9,34	0,01005	0,1705	NAN	
9,36	0,01035	0,1725	NAN	
9,38	0,01005	0,175	NAN	
9,4	0,01005	0,1775	NAN	
9,42	0,01035	0,1795	NAN	
9,44	0,0102	0,182	NAN	
9,46	0,0102	0,184	NAN	
9,48	0,01035	0,187	NAN	
9,5	0,01035	0,1895	NAN	
9,52	0,01035	0,191	NAN	
9,54	0,0102	0,1935	NAN	
9,56	0,0108	0,1965	NAN	
9,58	0,01065	0,198	NAN	
9,6	0,01065	0,2005	NAN	
9,62	0,01065	0,2035	NAN	
9,64	0,01065	0,205	NAN	
9,66	0,01065	0,2075	NAN	
9,68	0,01065	0,21	NAN	
9,7	0,01065	0,2125	NAN	
9,72	0,01065	0,2145	NAN	
9,74	0,01065	0,216	NAN	
9,76	0,01095	0,219	NAN	
9,78	0,01095	0,2215	NAN	
9,8	0,01095	0,223	NAN	
9,82	0,0108	0,226	NAN	
9,84	0,01095	0,228	NAN	
9,86	0,01095	0,2305	NAN	
9,88	0,01095	0,2325	NAN	
9,9	0,0111	0,2345	NAN	
9,92	0,01095	0,237	NAN	
9,94	0,01095	0,239	NAN	
9,96	0,01125	0,241	NAN	
9,98	0,0114	0,2435	NAN	
10	0,01125	0,2455	NAN	
10,02	0,01125	0,2485	NAN	
10,04	0,01125	0,25	NAN	
10,06	0,0114	0,252	NAN	
10,08	0,01155	0,254	NAN	
10,1	0,01125	0,256	NAN	
10,12	0,0114	0,2575	NAN	
10,14	0,0114	0,26	NAN	
10,16	0,01155	0,2625	NAN	
10,18	0,01155	0,2645	NAN	
10,2	0,01155	0,266	NAN	
10,22	0,0114	0,268	NAN	
10,24	0,0114	0,2705	NAN	
10,26	0,01155	0,272	NAN	
10,28	0,01155	0,274	NAN	
10,3	0,01155	0,276	NAN	
10,32	0,0117	0,2785	NAN	
10,34	0,0114	0,2795	NAN	
10,36	0,0117	0,2815	NAN	
10,38	0,01155	0,284	NAN	
10,4	0,01185	0,2865	NAN	
10,42	0,0117	0,2875	NAN	
10,44	0,0117	0,2895	NAN	
10,46	0,01185	0,292	NAN	
10,48	0,0117	0,293	NAN	
10,5	0,0117	0,2945	NAN	
10,52	0,01185	0,297	NAN	
10,54	0,01185	0,2985	NAN	
10,56	0,01185	0,3	NAN	
10,58	0,0117	0,302	NAN	
10,6	0,01185	0,3045	NAN	
10,62	0,01185	0,3055	NAN	
10,64	0,0117	0,307	NAN	
10,66	0,0117	0,309	NAN	
10,68	0,012	0,311	NAN	
10,7	0,01185	0,312	NAN	
10,72	0,012	0,314	NAN	
10,74	0,01185	0,3165	NAN	
10,76	0,012	0,3175	NAN	
10,78	0,01185	0,319	NAN	
10,8	0,012	0,3205	NAN	
10,82	0,0123	0,3225	NAN	
10,84	0,01185	0,324	NAN	
10,86	0,01185	0,3255	NAN	
10,88	0,01215	0,327	NAN	
10,9	0,012	0,3285	NAN	
10,92	0,012	0,3295	NAN	
10,94	0,01185	0,331	NAN	
10,96	0,01215	0,333	NAN	
10,98	0,012	0,3345	NAN	
11	0,012	0,336	NAN	
11,02	0,012	0,3375	NAN	
11,04	0,012	0,339	NAN	
11,06	0,01185	0,34	NAN	
11,08	0,012	0,3415	NAN	
11,1	0,01215	0,343	NAN	
11,12	0,01215	0,3445	NAN	
11,14	0,012	0,3455	NAN	
11,16	0,01215	0,348	NAN	
11,18	0,01215	0,349	NAN	
11,2	0,01215	0,35	NAN	
11,22	0,01215	0,351	NAN	
11,24	0,0123	0,3525	NAN	
11,26	0,01215	0,3535	NAN	
11,28	0,01215	0,3545	NAN	
11,3	0,01215	0,3565	NAN	
11,32	0,01215	0,357	NAN	
11,34	0,012	0,3585	NAN	
11,36	0,0123	0,36	NAN	
11,38	0,0123	0,361	NAN	
11,4	0,01215	0,3625	NAN	
11,42	0,01215	0,3635	NAN	
11,44	0,01215	0,3645	NAN	
11,46	0,01215	0,3655	NAN	
11,48	0,0123	0,3665	NAN	
11,5	0,01215	0,3675	NAN	
11,52	0,0123	0,369	NAN	
11,54	0,01215	0,3695	NAN	
11,56	0,01245	0,371	NAN	
11,58	0,0123	0,372	NAN	
11,6	0,01215	0,3725	NAN	
11,62	0,0123	0,374	NAN	
11,64	0,0123	0,3755	NAN	
11,66	0,0123	0,3755	NAN	
11,68	0,01215	0,377	NAN	
11,7	0,01215	0,378	NAN	
11,72	0,0123	0,379	NAN	
11,74	0,01215	0,3795	NAN	
11,76	0,01215	0,38	NAN	
11,78	0,01215	0,3815	NAN	
11,8	0,01215	0,382	NAN	
11,82	0,012	0,383	NAN	
11,84	0,012	0,384	NAN	
11,86	0,01215	0,385	NAN	
11,88	0,01215	0,3855	NAN	
11,9	0,012	0,386	NAN	
11,92	0,012	0,387	NAN	
11,94	0,01215	0,388	NAN	
11,96	0,0123	0,388	NAN	
11,98	0,012	0,389	NAN	
12	0,0123	0,3905	NAN	
12,02	0,012	0,39	NAN	
12,04	0,01185	0,391	NAN	
12,06	0,01185	0,392	NAN	
12,08	0,012	0,3925	NAN	
12,1	0,01185	0,393	NAN	
12,12	0,0117	0,3935	NAN	
12,14	0,01185	0,3945	NAN	
12,16	0,012	0,3945	NAN	
12,18	0,01185	0,395	NAN	
12,2	0,012	0,3965	NAN	
12,22	0,01185	0,397	NAN	
12,24	0,0117	0,397	NAN	
12,26	0,01185	0,3975	NAN	
12,28	0,012	0,3985	NAN	
12,3	0,0117	0,3985	NAN	
12,32	0,01155	0,3985	NAN	
12,34	0,01185	0,3995	NAN	
12,36	0,01185	0,4	NAN	
12,38	0,0117	0,4	NAN	
12,4	0,0117	0,401	NAN	
12,42	0,0117	0,4015	NAN	
12,44	0,01155	0,4015	NAN	
12,46	0,01155	0,4025	NAN	
12,48	0,0117	0,4025	NAN	
12,5	0,01155	0,4025	NAN	
12,52	0,0114	0,403	NAN	
12,54	0,01125	0,403	NAN	
12,56	0,01155	0,404	NAN	
12,58	0,01155	0,404	NAN	
12,6	0,01125	0,404	NAN	
12,62	0,0114	0,4045	NAN	
12,64	0,0111	0,4045	NAN	
12,66	0,01125	0,4045	NAN	
12,68	0,01125	0,405	NAN	
12,7	0,01125	0,405	NAN	
12,72	0,0111	0,4055	NAN	
12,74	0,01095	0,405	NAN	
12,76	0,01125	0,4055	NAN	
12,78	0,01095	0,406	NAN	
12,8	0,0111	0,406	NAN	
12,82	0,01095	0,406	NAN	
12,84	0,01095	0,406	NAN	
12,86	0,0108	0,406	NAN	
12,88	0,01095	0,4065	NAN	
12,9	0,01095	0,406	NAN	
12,92	0,0108	0,406	NAN	
12,94	0,01065	0,406	NAN	
12,96	0,01065	0,406	NAN	
12,98	0,0108	0,4065	NAN	
13	0,0105	0,406	NAN	
13,02	0,01035	0,4055	NAN	
13,04	0,0105	0,4065	NAN	
13,06	0,01035	0,406	NAN	
13,08	0,01035	0,406	NAN	
13,1	0,01035	0,406	NAN	
13,12	0,01035	0,4055	NAN	
13,14	0,0102	0,405	NAN	
13,16	0,01035	0,405	NAN	
13,18	0,01035	0,4055	NAN	
13,2	0,01035	0,405	NAN	
13,22	0,0102	0,4045	NAN	
13,24	0,01005	0,4045	NAN	
13,26	0,01005	0,4045	NAN	
13,28	0,0099	0,404	NAN	
13,3	0,00975	0,4035	NAN	
13,32	0,01005	0,404	NAN	
13,34	0,0096	0,4035	NAN	
13,36	0,0096	0,4025	NAN	
13,38	0,00945	0,4025	NAN	
13,4	0,0096	0,4025	NAN	
13,42	0,0093	0,402	NAN	
13,44	0,0093	0,4015	NAN	
13,46	0,00945	0,402	NAN	
13,48	0,00915	0,4015	NAN	
13,5	0,009	0,4005	NAN	
13,52	0,009	0,4005	NAN	
13,54	0,00885	0,4	NAN	
13,56	0,00885	0,3995	NAN	
13,58	0,0087	0,3985	NAN	
13,6	0,00885	0,399	NAN	
13,62	0,00855	0,3985	NAN	
13,64	0,0087	0,397	NAN	
13,66	0,0087	0,397	NAN	
13,68	0,0087	0,3965	NAN	
13,7	0,0084	0,3955	NAN	
13,72	0,00825	0,395	NAN	
13,74	0,0084	0,395	NAN	
13,76	0,0081	0,394	NAN	
13,78	0,00795	0,3935	NAN	
13,8	0,0081	0,393	NAN	
13,82	0,0078	0,3925	NAN	
13,84	0,00795	0,3915	NAN	
13,86	0,00795	0,391	NAN	
13,88	0,00765	0,3905	NAN	
13,9	0,0075	0,3895	NAN	
13,92	0,00735	0,3885	NAN	
13,94	0,0075	0,388	NAN	
13,96	0,00735	0,3875	NAN	
13,98	0,0072	0,3865	NAN	
14	0,00705	0,386	NAN	
14,02	0,00705	0,385	NAN	
14,04	0,00705	0,3845	NAN	
14,06	0,0069	0,383	NAN	
14,08	0,00675	0,383	NAN	
14,1	0,00675	0,382	NAN	
14,12	0,00645	0,3805	NAN	
14,14	0,00645	0,38	NAN	
14,16	0,0066	0,3795	NAN	
14,18	0,0063	0,3785	NAN	
14,2	0,00615	0,3775	NAN	
14,22	0,006	0,3765	NAN	
14,24	0,00585	0,3755	NAN	
14,26	0,00585	0,374	NAN	
14,28	0,00585	0,3735	NAN	
14,3	0,00585	0,373	NAN	
14,32	0,0057	0,371	NAN	
14,34	0,00555	0,3715	NAN	
14,36	0,0057	0,3695	NAN	
14,38	0,00525	0,368	NAN	
14,4	0,00525	0,3675	NAN	
14,42	0,0051	0,366	NAN	
14,44	0,0051	0,365	NAN	
14,46	0,0048	0,3635	NAN	
14,48	0,00465	0,363	NAN	
14,5	0,0048	0,3625	NAN	
14,52	0,00465	0,3605	NAN	
14,54	0,00465	0,359	NAN	
14,56	0,0045	0,358	NAN	
14,58	0,0045	0,3565	NAN	
14,6	0,0045	0,355	NAN	
14,62	0,0042	0,354	NAN	
14,64	0,00435	0,353	NAN	
14,66	0,00405	0,352	NAN	
14,68	0,0039	0,3505	NAN	
14,7	0,0039	0,349	NAN	
14,72	0,00375	0,348	NAN	
14,74	0,00345	0,3465	NAN	
14,76	0,00345	0,3455	NAN	
14,78	0,00345	0,344	NAN	
14,8	0,0033	0,342	NAN	
14,82	0,00315	0,341	NAN	
14,84	0,00315	0,3395	NAN	
14,86	0,00315	0,338	NAN	
14,88	0,00285	0,337	NAN	
14,9	0,00285	0,3355	NAN	
14,92	0,00285	0,334	NAN	
14,94	0,00255	0,3325	NAN	
14,96	0,00255	0,3305	NAN	
14,98	0,0024	0,3295	NAN	
15	0,00225	0,328	NAN	
15,02	0,0021	0,3265	NAN	
15,04	0,0021	0,325	NAN	
15,06	0,00195	0,323	NAN	
15,08	0,00195	0,322	NAN	
15,1	0,00165	0,3205	NAN	
15,12	0,00165	0,3185	NAN	
15,14	0,00195	0,3175	NAN	
15,16	0,0018	0,315	NAN	
15,18	0,00135	0,3135	NAN	
15,2	0,0015	0,3125	NAN	
15,22	0,0012	0,3105	NAN	
15,24	0,0012	0,309	NAN	
15,26	0,00105	0,307	NAN	
15,28	0,0012	0,3055	NAN	
15,3	0,0009	0,3035	NAN	
15,32	0,0006	0,3015	NAN	
15,34	0,00075	0,3005	NAN	
15,36	0,0006	0,2985	NAN	
15,38	0,0003	0,2965	NAN	
15,4	0,0003	0,295	NAN	
15,42	0,0003	0,293	NAN	
15,44	0,00015	0,291	NAN	
15,46	0,00015	0,2895	NAN	
15,48	0,0003	0,288	NAN	
15,5	-0,00015	0,286	NAN	
15,52	-0,00015	0,2845	NAN	
15,54	-0,0003	0,2825	NAN	
15,56	-0,00015	0,2805	NAN	
15,58	-0,0003	0,2785	NAN	
15,6	-0,0006	0,2765	NAN	
15,62	-0,0006	0,275	NAN	
15,64	-0,0006	0,2725	NAN	
15,66	-0,00075	0,27	NAN	
15,68	-0,0006	0,269	NAN	
15,7	-0,0009	0,267	NAN	
15,72	-0,0012	0,2645	NAN	
15,74	-0,0012	0,263	NAN	
15,76	-0,00105	0,261	NAN	
15,78	-0,0012	0,2585	NAN	
15,8	-0,0015	0,257	NAN	
15,82	-0,00165	0,255	NAN	
15,84	-0,00135	0,253	NAN	
15,86	-0,00165	0,2505	NAN	
15,88	-0,00165	0,2485	NAN	
15,9	-0,00165	0,247	NAN	
15,92	-0,00195	0,2445	NAN	
15,94	-0,0018	0,242	NAN	
15,96	-0,0021	0,2405	NAN	
15,98	-0,0021	0,2385	NAN	
16	-0,0024	0,2355	NAN	
16,02	-0,00255	0,2335	NAN	
16,04	-0,00225	0,2315	NAN	
16,06	-0,00225	0,2295	NAN	
16,08	-0,00255	0,227	NAN	
16,1	-0,00255	0,225	NAN	
16,12	-0,0027	0,223	NAN	
16,14	-0,00285	0,2205	NAN	
16,16	-0,00285	0,218	NAN	
16,18	-0,00285	0,217	NAN	
16,2	-0,003	0,214	NAN	
16,22	-0,00315	0,2115	NAN	
16,24	-0,003	0,209	NAN	
16,26	-0,0033	0,207	NAN	
16,28	-0,0033	0,2055	NAN	
16,3	-0,0033	0,202	NAN	
16,32	-0,00345	0,2005	NAN	
16,34	-0,00345	0,198	NAN	
16,36	-0,0036	0,1955	NAN	
16,38	-0,0036	0,1935	NAN	
16,4	-0,00375	0,1915	NAN	
16,42	-0,00405	0,1885	NAN	
16,44	-0,0039	0,1865	NAN	
16,46	-0,00405	0,184	NAN	
16,48	-0,00405	0,182	NAN	
16,5	-0,0042	0,1795	NAN	
16,52	-0,00435	0,1775	NAN	
16,54	-0,00435	0,175	NAN	
16,56	-0,00435	0,1725	NAN	
16,58	-0,0045	0,17	NAN	
16,6	-0,0045	0,1675	NAN	
16,62	-0,0048	0,1655	NAN	
16,64	-0,00465	0,1625	NAN	
16,66	-0,0045	0,161	NAN	
16,68	-0,00465	0,1585	NAN	
16,7	-0,0048	0,1555	NAN	
16,72	-0,0051	0,1535	NAN	
16,74	-0,0048	0,151	NAN	
16,76	-0,00495	0,1485	NAN	
16,78	-0,0051	0,146	NAN	
16,8	-0,00525	0,144	NAN	
16,82	-0,0054	0,1415	NAN	
16,84	-0,0054	0,1385	NAN	
16,86	-0,00555	0,1365	NAN	
16,88	-0,0054	0,1345	NAN	
16,9	-0,00555	0,1315	NAN	
16,92	-0,0057	0,129	NAN	
16,94	-0,00555	0,127	NAN	
16,96	-0,0057	0,1245	NAN	
16,98	-0,0057	0,122	NAN	
17	-0,00585	0,12	NAN	
17,02	-0,00585	0,117	NAN	
17,04	-0,00585	0,1145	NAN	
17,06	-0,00615	0,112	NAN	
17,08	-0,006	0,1105	NAN	
17,1	-0,00615	0,1075	NAN	
17,12	-0,0063	0,1045	NAN	
17,14	-0,0063	0,1025	NAN	
17,16	-0,0063	0,1	NAN	
17,18	-0,0063	0,0975	NAN	
17,2	-0,00645	0,0945	NAN	
17,22	-0,00645	0,093	NAN	
17,24	-0,0063	0,09	NAN	
17,26	-0,00645	0,0875	NAN	
17,28	-0,00645	0,085	NAN	
17,3	-0,00645	0,083	NAN	
17,32	-0,00675	0,0805	NAN	
17,34	-0,00675	0,0775	NAN	
17,36	-0,0066	0,0755	NAN	
17,38	-0,00675	0,073	NAN	
17,4	-0,0069	0,07	NAN	
17,42	-0,00705	0,068	NAN	
17,44	-0,0069	0,0655	NAN	
17,46	-0,0072	0,063	NAN	
17,48	-0,00735	0,0605	NAN	
17,5	-0,0072	0,058	NAN	
17,52	-0,00735	0,0555	NAN	
17,54	-0,00735	0,053	NAN	
17,56	-0,0075	0,05	NAN	
17,58	-0,00735	0,0485	NAN	
17,6	-0,0075	0,0455	NAN	
17,62	-0,0078	0,0425	NAN	
17,64	-0,00765	0,0405	NAN	
17,66	-0,00765	0,038	NAN	
17,68	-0,00765	0,036	NAN	
17,7	-0,0078	0,033	NAN	
17,72	-0,00795	0,0305	NAN	
17,74	-0,0078	0,028	NAN	
17,76	-0,00795	0,0265	NAN	
17,78	-0,00795	0,023	NAN	
17,8	-0,00795	0,021	NAN	
17,82	-0,0081	0,018	NAN	
17,84	-0,00795	0,0155	NAN	
17,86	-0,0081	0,013	NAN	
17,88	-0,0081	0,0105	NAN	
17,9	-0,00825	0,009	NAN	
17,92	-0,00825	0,006	NAN	
17,94	-0,00825	0,003	NAN	
17,96	-0,00825	0,001	NAN	
17,98	-0,0084	-0,002	NAN	
18	-0,0084	-0,0045	NAN	
18,02	-0,0087	-0,007	NAN	
18,04	-0,00855	-0,009	NAN	
18,06	-0,00855	-0,011	NAN	
18,08	-0,00855	-0,014	NAN	
18,1	-0,0087	-0,0165	NAN	
18,12	-0,00885	-0,019	NAN	
18,14	-0,0087	-0,0215	NAN	
18,16	-0,0087	-0,0245	NAN	
18,18	-0,009	-0,027	NAN	
18,2	-0,00885	-0,029	NAN	
18,22	-0,009	-0,032	NAN	
18,24	-0,00885	-0,0345	NAN	
18,26	-0,00915	-0,0365	NAN	
18,28	-0,00885	-0,039	NAN	
18,3	-0,009	-0,0415	NAN	
18,32	-0,00915	-0,0435	NAN	
18,34	-0,009	-0,046	NAN	
18,36	-0,0093	-0,049	NAN	
18,38	-0,0093	-0,052	NAN	
18,4	-0,00945	-0,054	NAN	
18,42	-0,00915	-0,056	NAN	
18,44	-0,0093	-0,0595	NAN	
18,46	-0,00945	-0,0615	NAN	
18,48	-0,0093	-0,064	NAN	
18,5	-0,00945	-0,0665	NAN	
18,52	-0,00975	-0,069	NAN	
18,54	-0,00975	-0,071	NAN	
18,56	-0,0096	-0,0735	NAN	
18,58	-0,0099	-0,077	NAN	
18,6	-0,01005	-0,0795	NAN	
18,62	-0,0099	-0,081	NAN	
18,64	-0,00975	-0,084	NAN	
18,66	-0,0099	-0,087	NAN	
18,68	-0,0099	-0,089	NAN	
18,7	-0,0099	-0,0915	NAN	
18,72	-0,0102	-0,094	NAN	
18,74	-0,0102	-0,096	NAN	
18,76	-0,01005	-0,099	NAN	
18,78	-0,0102	-0,1015	NAN	
18,8	-0,01035	-0,1045	NAN	
18,82	-0,01035	-0,107	NAN	
18,84	-0,01005	-0,109	NAN	
18,86	-0,0102	-0,1115	NAN	
18,88	-0,01035	-0,1145	NAN	
18,9	-0,01035	-0,1165	NAN	
18,92	-0,01035	-0,119	NAN	
18,94	-0,0105	-0,1215	NAN	
18,96	-0,01035	-0,1245	NAN	
18,98	-0,0105	-0,1265	NAN	
19	-0,01065	-0,129	NAN	
19,02	-0,0108	-0,1315	NAN	
19,04	-0,01065	-0,134	NAN	
19,06	-0,01065	-0,1365	NAN	
19,08	-0,0108	-0,139	NAN	
19,1	-0,01095	-0,141	NAN	
19,12	-0,01095	-0,1435	NAN	
19,14	-0,0108	-0,1465	NAN	
19,16	-0,0108	-0,1485	NAN	
19,18	-0,01095	-0,151	NAN	
19,2	-0,01095	-0,1535	NAN	
19,22	-0,01125	-0,156	NAN	
19,24	-0,0111	-0,159	NAN	
19,26	-0,0111	-0,1605	NAN	
19,28	-0,0111	-0,1635	NAN	
19,3	-0,01155	-0,166	NAN	
19,32	-0,0114	-0,168	NAN	
19,34	-0,0114	-0,1705	NAN	
19,36	-0,0114	-0,173	NAN	
19,38	-0,0114	-0,1755	NAN	
19,4	-0,01125	-0,178	NAN	
19,42	-0,0114	-0,18	NAN	
19,44	-0,0114	-0,183	NAN	
19,46	-0,01155	-0,1845	NAN	
19,48	-0,0114	-0,187	NAN	
19,5	-0,0117	-0,19	NAN	
19,52	-0,0117	-0,1915	NAN	
19,54	-0,0117	-0,194	NAN	
19,56	-0,0117	-0,197	NAN	
19,58	-0,01185	-0,199	NAN	
19,6	-0,0117	-0,201	NAN	
19,62	-0,01185	-0,2035	NAN	
19,64	-0,0117	-0,206	NAN	
19,66	-0,01185	-0,208	NAN	
19,68	-0,01185	-0,21	NAN	
19,7	-0,012	-0,213	NAN	
19,72	-0,01215	-0,2155	NAN	
19,74	-0,01185	-0,2165	NAN	
19,76	-0,012	-0,22	NAN	
19,78	-0,01215	-0,222	NAN	
19,8	-0,01215	-0,224	NAN	
19,82	-0,01215	-0,226	NAN	
19,84	-0,01215	-0,229	NAN	
19,86	-0,0123	-0,231	NAN	
19,88	-0,0123	-0,233	NAN	
19,9	-0,0123	-0,235	NAN	
19,92	-0,01245	-0,2375	NAN	
19,94	-0,0123	-0,2395	NAN	
19,96	-0,0123	-0,2415	NAN	
19,98	-0,01245	-0,244	NAN	
20	-0,0126	-0,246	NAN	
