MIN=0	-0,3	-1	0	
MAX=0,02	0,3	1	25000	
SCALE=1	0,1	0,5	10000	
DEC=5	4	3	0	
DEF="Zeit" t / ms	"Spannung" U_A1 / V	"Spannung" U_B1 / V	"Frequenz" f / Hz	
0	-0,00825	0,1085	NAN	
0,02	-0,00795	0,1055	NAN	
0,04	-0,0081	0,1025	NAN	
0,06	-0,00825	0,0995	NAN	
0,08	-0,00825	0,0965	NAN	
0,1	-0,00825	0,093	NAN	
0,12	-0,00825	0,09	NAN	
0,14	-0,0084	0,087	NAN	
0,16	-0,00855	0,084	NAN	
0,18	-0,00855	0,0805	NAN	
0,2	-0,0087	0,077	NAN	
0,22	-0,00855	0,0745	NAN	
0,24	-0,00855	0,071	NAN	
0,26	-0,00855	0,068	NAN	
0,28	-0,00885	0,0645	NAN	
0,3	-0,0087	0,0615	NAN	
0,32	-0,00885	0,058	NAN	
0,34	-0,00885	0,0555	NAN	
0,36	-0,009	0,052	NAN	
0,38	-0,00915	0,049	NAN	
0,4	-0,0093	0,0455	NAN	
0,42	-0,009	0,043	NAN	
0,44	-0,00915	0,0395	NAN	
0,46	-0,00915	0,0365	NAN	
0,48	-0,0093	0,033	NAN	
0,5	-0,00945	0,03	NAN	
0,52	-0,0093	0,0265	NAN	
0,54	-0,0096	0,0235	NAN	
0,56	-0,0096	0,02	NAN	
0,58	-0,0096	0,0175	NAN	
0,6	-0,0099	0,014	NAN	
0,62	-0,00975	0,011	NAN	
0,64	-0,00975	0,0085	NAN	
0,66	-0,00975	0,0045	NAN	
0,68	-0,0099	0,001	NAN	
0,7	-0,01005	-0,0015	NAN	
0,72	-0,0099	-0,0045	NAN	
0,74	-0,01005	-0,008	NAN	
0,76	-0,01005	-0,011	NAN	
0,78	-0,01005	-0,0135	NAN	
0,8	-0,0102	-0,0175	NAN	
0,82	-0,01005	-0,021	NAN	
0,84	-0,01035	-0,0235	NAN	
0,86	-0,01035	-0,0265	NAN	
0,88	-0,01035	-0,03	NAN	
0,9	-0,0105	-0,033	NAN	
0,92	-0,01035	-0,036	NAN	
0,94	-0,0105	-0,0395	NAN	
0,96	-0,01065	-0,043	NAN	
0,98	-0,01065	-0,046	NAN	
1	-0,01065	-0,049	NAN	
1,02	-0,01065	-0,0525	NAN	
1,04	-0,01065	-0,0555	NAN	
1,06	-0,01065	-0,0585	NAN	
1,08	-0,0108	-0,062	NAN	
1,1	-0,0111	-0,065	NAN	
1,12	-0,0111	-0,0685	NAN	
1,14	-0,01095	-0,0715	NAN	
1,16	-0,01125	-0,0745	NAN	
1,18	-0,01125	-0,0775	NAN	
1,2	-0,0111	-0,081	NAN	
1,22	-0,0111	-0,084	NAN	
1,24	-0,01125	-0,0875	NAN	
1,26	-0,0111	-0,091	NAN	
1,28	-0,01125	-0,0935	NAN	
1,3	-0,0114	-0,097	NAN	
1,32	-0,0114	-0,1005	NAN	
1,34	-0,0114	-0,103	NAN	
1,36	-0,01155	-0,1065	NAN	
1,38	-0,0117	-0,1095	NAN	
1,4	-0,01185	-0,113	NAN	
1,42	-0,0117	-0,116	NAN	
1,44	-0,01185	-0,1195	NAN	
1,46	-0,01185	-0,1225	NAN	
1,48	-0,01185	-0,126	NAN	
1,5	-0,01185	-0,129	NAN	
1,52	-0,012	-0,1315	NAN	
1,54	-0,01215	-0,135	NAN	
1,56	-0,012	-0,1375	NAN	
1,58	-0,0123	-0,1415	NAN	
1,6	-0,01245	-0,1445	NAN	
1,62	-0,012	-0,1475	NAN	
1,64	-0,0123	-0,151	NAN	
1,66	-0,0123	-0,1535	NAN	
1,68	-0,01245	-0,157	NAN	
1,7	-0,0123	-0,1605	NAN	
1,72	-0,01245	-0,1635	NAN	
1,74	-0,01245	-0,166	NAN	
1,76	-0,0126	-0,1695	NAN	
1,78	-0,01275	-0,173	NAN	
1,8	-0,01275	-0,1765	NAN	
1,82	-0,01275	-0,179	NAN	
1,84	-0,0126	-0,182	NAN	
1,86	-0,01275	-0,1855	NAN	
1,88	-0,0129	-0,1885	NAN	
1,9	-0,0129	-0,1915	NAN	
1,92	-0,0129	-0,195	NAN	
1,94	-0,01305	-0,198	NAN	
1,96	-0,01305	-0,201	NAN	
1,98	-0,01305	-0,204	NAN	
2	-0,01305	-0,207	NAN	
2,02	-0,01305	-0,2105	NAN	
2,04	-0,01305	-0,2125	NAN	
2,06	-0,0132	-0,216	NAN	
2,08	-0,01335	-0,2195	NAN	
2,1	-0,01335	-0,2225	NAN	
2,12	-0,01335	-0,2255	NAN	
2,14	-0,0132	-0,2285	NAN	
2,16	-0,0135	-0,232	NAN	
2,18	-0,0135	-0,2345	NAN	
2,2	-0,0138	-0,2375	NAN	
2,22	-0,01365	-0,241	NAN	
2,24	-0,01365	-0,2435	NAN	
2,26	-0,01365	-0,246	NAN	
2,28	-0,0138	-0,2495	NAN	
2,3	-0,01395	-0,253	NAN	
2,32	-0,01365	-0,255	NAN	
2,34	-0,0138	-0,2585	NAN	
2,36	-0,01395	-0,2615	NAN	
2,38	-0,0141	-0,264	NAN	
2,4	-0,0141	-0,267	NAN	
2,42	-0,01395	-0,27	NAN	
2,44	-0,0141	-0,273	NAN	
2,46	-0,0141	-0,275	NAN	
2,48	-0,01425	-0,278	NAN	
2,5	-0,0144	-0,2815	NAN	
2,52	-0,0144	-0,2845	NAN	
2,54	-0,01425	-0,287	NAN	
2,56	-0,0144	-0,2895	NAN	
2,58	-0,01455	-0,2935	NAN	
2,6	-0,01455	-0,2955	NAN	
2,62	-0,01455	-0,298	NAN	
2,64	-0,0147	-0,301	NAN	
2,66	-0,01455	-0,304	NAN	
2,68	-0,01455	-0,307	NAN	
2,7	-0,01485	-0,3095	NAN	
2,72	-0,015	-0,3125	NAN	
2,74	-0,01485	-0,315	NAN	
2,76	-0,01485	-0,3175	NAN	
2,78	-0,015	-0,3205	NAN	
2,8	-0,01515	-0,323	NAN	
2,82	-0,0147	-0,3255	NAN	
2,84	-0,01485	-0,3285	NAN	
2,86	-0,015	-0,331	NAN	
2,88	-0,015	-0,3335	NAN	
2,9	-0,01515	-0,336	NAN	
2,92	-0,015	-0,3385	NAN	
2,94	-0,01515	-0,341	NAN	
2,96	-0,015	-0,3435	NAN	
2,98	-0,0153	-0,3465	NAN	
3	-0,01545	-0,349	NAN	
3,02	-0,015	-0,351	NAN	
3,04	-0,0153	-0,354	NAN	
3,06	-0,0153	-0,3565	NAN	
3,08	-0,0153	-0,359	NAN	
3,1	-0,0153	-0,3615	NAN	
3,12	-0,01545	-0,364	NAN	
3,14	-0,0153	-0,366	NAN	
3,16	-0,0153	-0,368	NAN	
3,18	-0,01545	-0,371	NAN	
3,2	-0,0156	-0,3735	NAN	
3,22	-0,01545	-0,3755	NAN	
3,24	-0,0156	-0,378	NAN	
3,26	-0,0156	-0,3805	NAN	
3,28	-0,01575	-0,383	NAN	
3,3	-0,01575	-0,384	NAN	
3,32	-0,0159	-0,387	NAN	
3,34	-0,0159	-0,3895	NAN	
3,36	-0,01575	-0,3915	NAN	
3,38	-0,01575	-0,3935	NAN	
3,4	-0,0159	-0,396	NAN	
3,42	-0,01605	-0,3985	NAN	
3,44	-0,0159	-0,3995	NAN	
3,46	-0,0159	-0,4025	NAN	
3,48	-0,0162	-0,4045	NAN	
3,5	-0,01605	-0,406	NAN	
3,52	-0,01605	-0,4085	NAN	
3,54	-0,01605	-0,411	NAN	
3,56	-0,0162	-0,413	NAN	
3,58	-0,01605	-0,415	NAN	
3,6	-0,01605	-0,4165	NAN	
3,62	-0,01605	-0,419	NAN	
3,64	-0,0162	-0,42	NAN	
3,66	-0,0162	-0,422	NAN	
3,68	-0,01635	-0,425	NAN	
3,7	-0,01635	-0,4265	NAN	
3,72	-0,0162	-0,428	NAN	
3,74	-0,01635	-0,43	NAN	
3,76	-0,01635	-0,432	NAN	
3,78	-0,0162	-0,4335	NAN	
3,8	-0,0165	-0,4355	NAN	
3,82	-0,0162	-0,4375	NAN	
3,84	-0,0165	-0,439	NAN	
3,86	-0,01635	-0,44	NAN	
3,88	-0,01635	-0,442	NAN	
3,9	-0,0165	-0,4445	NAN	
3,92	-0,0165	-0,4455	NAN	
3,94	-0,0165	-0,4475	NAN	
3,96	-0,01665	-0,449	NAN	
3,98	-0,01665	-0,4505	NAN	
4	-0,0165	-0,452	NAN	
4,02	-0,01665	-0,453	NAN	
4,04	-0,01665	-0,455	NAN	
4,06	-0,0165	-0,4565	NAN	
4,08	-0,0165	-0,458	NAN	
4,1	-0,01665	-0,46	NAN	
4,12	-0,0165	-0,461	NAN	
4,14	-0,01665	-0,4625	NAN	
4,16	-0,01665	-0,464	NAN	
4,18	-0,0168	-0,466	NAN	
4,2	-0,01665	-0,4665	NAN	
4,22	-0,01665	-0,468	NAN	
4,24	-0,0168	-0,469	NAN	
4,26	-0,01695	-0,4705	NAN	
4,28	-0,0168	-0,4725	NAN	
4,3	-0,0168	-0,4735	NAN	
4,32	-0,0168	-0,4755	NAN	
4,34	-0,01665	-0,476	NAN	
4,36	-0,01665	-0,477	NAN	
4,38	-0,0168	-0,479	NAN	
4,4	-0,01695	-0,4795	NAN	
4,42	-0,0168	-0,481	NAN	
4,44	-0,01695	-0,4825	NAN	
4,46	-0,0168	-0,483	NAN	
4,48	-0,01695	-0,4845	NAN	
4,5	-0,01665	-0,4855	NAN	
4,52	-0,01665	-0,487	NAN	
4,54	-0,01665	-0,4875	NAN	
4,56	-0,0168	-0,4885	NAN	
4,58	-0,01695	-0,49	NAN	
4,6	-0,01695	-0,491	NAN	
4,62	-0,0168	-0,4915	NAN	
4,64	-0,01695	-0,493	NAN	
4,66	-0,0168	-0,4935	NAN	
4,68	-0,01695	-0,4945	NAN	
4,7	-0,0165	-0,495	NAN	
4,72	-0,01665	-0,4965	NAN	
4,74	-0,0168	-0,498	NAN	
4,76	-0,01665	-0,498	NAN	
4,78	-0,0168	-0,4985	NAN	
4,8	-0,01695	-0,5005	NAN	
4,82	-0,0168	-0,5005	NAN	
4,84	-0,01665	-0,501	NAN	
4,86	-0,0168	-0,5025	NAN	
4,88	-0,01695	-0,5035	NAN	
4,9	-0,01665	-0,5035	NAN	
4,92	-0,0168	-0,5045	NAN	
4,94	-0,0168	-0,505	NAN	
4,96	-0,01665	-0,5055	NAN	
4,98	-0,0165	-0,5065	NAN	
5	-0,01665	-0,5075	NAN	
5,02	-0,01665	-0,508	NAN	
5,04	-0,0165	-0,508	NAN	
5,06	-0,01665	-0,5085	NAN	
5,08	-0,0165	-0,5095	NAN	
5,1	-0,0165	-0,51	NAN	
5,12	-0,0165	-0,51	NAN	
5,14	-0,0165	-0,511	NAN	
5,16	-0,0165	-0,512	NAN	
5,18	-0,01635	-0,5115	NAN	
5,2	-0,01635	-0,5125	NAN	
5,22	-0,0165	-0,513	NAN	
5,24	-0,01635	-0,5125	NAN	
5,26	-0,01635	-0,5135	NAN	
5,28	-0,01635	-0,514	NAN	
5,3	-0,0162	-0,5145	NAN	
5,32	-0,01635	-0,5145	NAN	
5,34	-0,01605	-0,515	NAN	
5,36	-0,0162	-0,515	NAN	
5,38	-0,0162	-0,515	NAN	
5,4	-0,01605	-0,5155	NAN	
5,42	-0,0159	-0,516	NAN	
5,44	-0,0159	-0,516	NAN	
5,46	-0,01575	-0,516	NAN	
5,48	-0,0159	-0,5165	NAN	
5,5	-0,01575	-0,517	NAN	
5,52	-0,0156	-0,517	NAN	
5,54	-0,01575	-0,517	NAN	
5,56	-0,01575	-0,517	NAN	
5,58	-0,01575	-0,517	NAN	
5,6	-0,0156	-0,517	NAN	
5,62	-0,01545	-0,5175	NAN	
5,64	-0,01545	-0,5175	NAN	
5,66	-0,01545	-0,517	NAN	
5,68	-0,0153	-0,5175	NAN	
5,7	-0,0153	-0,5175	NAN	
5,72	-0,01515	-0,517	NAN	
5,74	-0,015	-0,517	NAN	
5,76	-0,01515	-0,517	NAN	
5,78	-0,01515	-0,517	NAN	
5,8	-0,01485	-0,5165	NAN	
5,82	-0,0147	-0,5165	NAN	
5,84	-0,01485	-0,517	NAN	
5,86	-0,0147	-0,5165	NAN	
5,88	-0,01455	-0,516	NAN	
5,9	-0,01455	-0,516	NAN	
5,92	-0,0147	-0,516	NAN	
5,94	-0,0144	-0,5145	NAN	
5,96	-0,0144	-0,5155	NAN	
5,98	-0,0144	-0,515	NAN	
6	-0,0144	-0,5145	NAN	
6,02	-0,0141	-0,514	NAN	
6,04	-0,0141	-0,514	NAN	
6,06	-0,01395	-0,514	NAN	
6,08	-0,0138	-0,5125	NAN	
6,1	-0,01365	-0,513	NAN	
6,12	-0,0138	-0,5125	NAN	
6,14	-0,01365	-0,512	NAN	
6,16	-0,01335	-0,5115	NAN	
6,18	-0,0135	-0,511	NAN	
6,2	-0,01335	-0,5105	NAN	
6,22	-0,0132	-0,51	NAN	
6,24	-0,01335	-0,5095	NAN	
6,26	-0,0132	-0,5095	NAN	
6,28	-0,01305	-0,5085	NAN	
6,3	-0,0126	-0,508	NAN	
6,32	-0,0126	-0,5075	NAN	
6,34	-0,0126	-0,5065	NAN	
6,36	-0,01245	-0,506	NAN	
6,38	-0,0126	-0,5055	NAN	
6,4	-0,01245	-0,505	NAN	
6,42	-0,01215	-0,504	NAN	
6,44	-0,012	-0,503	NAN	
6,46	-0,01215	-0,5025	NAN	
6,48	-0,012	-0,502	NAN	
6,5	-0,01155	-0,501	NAN	
6,52	-0,0114	-0,5005	NAN	
6,54	-0,0114	-0,4995	NAN	
6,56	-0,01125	-0,499	NAN	
6,58	-0,01125	-0,4975	NAN	
6,6	-0,0111	-0,497	NAN	
6,62	-0,01095	-0,496	NAN	
6,64	-0,0108	-0,4945	NAN	
6,66	-0,0108	-0,494	NAN	
6,68	-0,0108	-0,493	NAN	
6,7	-0,0105	-0,492	NAN	
6,72	-0,0102	-0,491	NAN	
6,74	-0,0102	-0,49	NAN	
6,76	-0,01035	-0,489	NAN	
6,78	-0,01005	-0,4875	NAN	
6,8	-0,0099	-0,487	NAN	
6,82	-0,00975	-0,486	NAN	
6,84	-0,0096	-0,4845	NAN	
6,86	-0,0096	-0,4835	NAN	
6,88	-0,00945	-0,4825	NAN	
6,9	-0,00915	-0,4815	NAN	
6,92	-0,009	-0,4795	NAN	
6,94	-0,00885	-0,479	NAN	
6,96	-0,0087	-0,4775	NAN	
6,98	-0,00885	-0,4765	NAN	
7	-0,00855	-0,475	NAN	
7,02	-0,0084	-0,474	NAN	
7,04	-0,00855	-0,472	NAN	
7,06	-0,0081	-0,4705	NAN	
7,08	-0,0081	-0,47	NAN	
7,1	-0,00795	-0,469	NAN	
7,12	-0,0078	-0,467	NAN	
7,14	-0,0075	-0,4655	NAN	
7,16	-0,00765	-0,465	NAN	
7,18	-0,00735	-0,4625	NAN	
7,2	-0,0072	-0,461	NAN	
7,22	-0,0072	-0,46	NAN	
7,24	-0,0072	-0,4585	NAN	
7,26	-0,00705	-0,457	NAN	
7,28	-0,00675	-0,455	NAN	
7,3	-0,00645	-0,4545	NAN	
7,32	-0,00645	-0,4525	NAN	
7,34	-0,00615	-0,45	NAN	
7,36	-0,00615	-0,449	NAN	
7,38	-0,00615	-0,4475	NAN	
7,4	-0,00585	-0,446	NAN	
7,42	-0,00585	-0,4445	NAN	
7,44	-0,00585	-0,443	NAN	
7,46	-0,00585	-0,441	NAN	
7,48	-0,00555	-0,4385	NAN	
7,5	-0,0054	-0,4375	NAN	
7,52	-0,0054	-0,436	NAN	
7,54	-0,0051	-0,434	NAN	
7,56	-0,00495	-0,432	NAN	
7,58	-0,0051	-0,4305	NAN	
7,6	-0,00495	-0,4295	NAN	
7,62	-0,0045	-0,4265	NAN	
7,64	-0,0045	-0,425	NAN	
7,66	-0,00435	-0,423	NAN	
7,68	-0,0042	-0,421	NAN	
7,7	-0,0039	-0,419	NAN	
7,72	-0,00405	-0,4175	NAN	
7,74	-0,0039	-0,416	NAN	
7,76	-0,00375	-0,4135	NAN	
7,78	-0,00375	-0,412	NAN	
7,8	-0,00375	-0,4095	NAN	
7,82	-0,0033	-0,408	NAN	
7,84	-0,00315	-0,406	NAN	
7,86	-0,00315	-0,4035	NAN	
7,88	-0,003	-0,402	NAN	
7,9	-0,00255	-0,3985	NAN	
7,92	-0,00255	-0,3975	NAN	
7,94	-0,0027	-0,3955	NAN	
7,96	-0,00255	-0,393	NAN	
7,98	-0,0024	-0,3905	NAN	
8	-0,0024	-0,389	NAN	
8,02	-0,00225	-0,3865	NAN	
8,04	-0,00195	-0,384	NAN	
8,06	-0,0018	-0,382	NAN	
8,08	-0,0018	-0,38	NAN	
8,1	-0,00135	-0,3775	NAN	
8,12	-0,00135	-0,3755	NAN	
8,14	-0,0012	-0,373	NAN	
8,16	-0,00135	-0,371	NAN	
8,18	-0,0012	-0,3685	NAN	
8,2	-0,00105	-0,366	NAN	
8,22	-0,00075	-0,3635	NAN	
8,24	-0,0009	-0,361	NAN	
8,26	-0,0006	-0,359	NAN	
8,28	-0,00075	-0,357	NAN	
8,3	-0,0003	-0,354	NAN	
8,32	-0,0003	-0,3515	NAN	
8,34	-0,00015	-0,3495	NAN	
8,36	-0,00015	-0,347	NAN	
8,38	0	-0,344	NAN	
8,4	0	-0,3415	NAN	
8,42	0,00015	-0,3395	NAN	
8,44	0,00015	-0,3375	NAN	
8,46	0,0003	-0,334	NAN	
8,48	0,0003	-0,332	NAN	
8,5	0,0006	-0,3295	NAN	
8,52	0,00075	-0,3265	NAN	
8,54	0,00075	-0,3245	NAN	
8,56	0,00075	-0,322	NAN	
8,58	0,00075	-0,319	NAN	
8,6	0,00105	-0,316	NAN	
8,62	0,00135	-0,3135	NAN	
8,64	0,00135	-0,3115	NAN	
8,66	0,00135	-0,3085	NAN	
8,68	0,0015	-0,3055	NAN	
8,7	0,0015	-0,3035	NAN	
8,72	0,00165	-0,3005	NAN	
8,74	0,00195	-0,2965	NAN	
8,76	0,00195	-0,295	NAN	
8,78	0,00195	-0,292	NAN	
8,8	0,0021	-0,289	NAN	
8,82	0,0024	-0,2865	NAN	
8,84	0,0024	-0,2835	NAN	
8,86	0,00225	-0,2815	NAN	
8,88	0,0024	-0,2775	NAN	
8,9	0,00255	-0,275	NAN	
8,92	0,0027	-0,2725	NAN	
8,94	0,00285	-0,269	NAN	
8,96	0,003	-0,2665	NAN	
8,98	0,0027	-0,2635	NAN	
9	0,003	-0,2605	NAN	
9,02	0,00315	-0,2575	NAN	
9,04	0,00315	-0,255	NAN	
9,06	0,00315	-0,252	NAN	
9,08	0,00345	-0,249	NAN	
9,1	0,00345	-0,2465	NAN	
9,12	0,00345	-0,2435	NAN	
9,14	0,00375	-0,2405	NAN	
9,16	0,0039	-0,237	NAN	
9,18	0,00375	-0,234	NAN	
9,2	0,0039	-0,2315	NAN	
9,22	0,00405	-0,2285	NAN	
9,24	0,00405	-0,2255	NAN	
9,26	0,00405	-0,222	NAN	
9,28	0,0042	-0,2195	NAN	
9,3	0,0045	-0,216	NAN	
9,32	0,00435	-0,2135	NAN	
9,34	0,00465	-0,2105	NAN	
9,36	0,0045	-0,2075	NAN	
9,38	0,00465	-0,204	NAN	
9,4	0,00465	-0,201	NAN	
9,42	0,00465	-0,1985	NAN	
9,44	0,00495	-0,1955	NAN	
9,46	0,00495	-0,192	NAN	
9,48	0,0048	-0,189	NAN	
9,5	0,00525	-0,1855	NAN	
9,52	0,00525	-0,1825	NAN	
9,54	0,00525	-0,1795	NAN	
9,56	0,0051	-0,177	NAN	
9,58	0,00525	-0,1735	NAN	
9,6	0,0054	-0,17	NAN	
9,62	0,00555	-0,167	NAN	
9,64	0,00555	-0,164	NAN	
9,66	0,0057	-0,161	NAN	
9,68	0,0057	-0,158	NAN	
9,7	0,00585	-0,155	NAN	
9,72	0,00615	-0,151	NAN	
9,74	0,006	-0,1485	NAN	
9,76	0,006	-0,1455	NAN	
9,78	0,006	-0,142	NAN	
9,8	0,006	-0,139	NAN	
9,82	0,00615	-0,136	NAN	
9,84	0,0063	-0,1325	NAN	
9,86	0,00645	-0,1295	NAN	
9,88	0,00645	-0,1265	NAN	
9,9	0,00645	-0,1225	NAN	
9,92	0,00675	-0,12	NAN	
9,94	0,00675	-0,117	NAN	
9,96	0,0066	-0,114	NAN	
9,98	0,00675	-0,111	NAN	
10	0,00705	-0,107	NAN	
10,02	0,00705	-0,1045	NAN	
10,04	0,0069	-0,1005	NAN	
10,06	0,0069	-0,0975	NAN	
10,08	0,0069	-0,095	NAN	
10,1	0,0072	-0,092	NAN	
10,12	0,00705	-0,0885	NAN	
10,14	0,0072	-0,0855	NAN	
10,16	0,0072	-0,0825	NAN	
10,18	0,0072	-0,079	NAN	
10,2	0,0075	-0,0755	NAN	
10,22	0,00765	-0,0725	NAN	
10,24	0,0075	-0,0695	NAN	
10,26	0,0075	-0,066	NAN	
10,28	0,00765	-0,063	NAN	
10,3	0,0078	-0,06	NAN	
10,32	0,00765	-0,0565	NAN	
10,34	0,0078	-0,0535	NAN	
10,36	0,00765	-0,0505	NAN	
10,38	0,00765	-0,0475	NAN	
10,4	0,0078	-0,044	NAN	
10,42	0,0081	-0,0405	NAN	
10,44	0,00795	-0,038	NAN	
10,46	0,0081	-0,034	NAN	
10,48	0,0081	-0,031	NAN	
10,5	0,00825	-0,028	NAN	
10,52	0,00825	-0,025	NAN	
10,54	0,0084	-0,0215	NAN	
10,56	0,0084	-0,0185	NAN	
10,58	0,0084	-0,015	NAN	
10,6	0,00825	-0,0125	NAN	
10,62	0,00855	-0,0095	NAN	
10,64	0,00855	-0,0055	NAN	
10,66	0,00855	-0,0025	NAN	
10,68	0,00855	0,001	NAN	
10,7	0,00885	0,0035	NAN	
10,72	0,0087	0,0065	NAN	
10,74	0,00885	0,01	NAN	
10,76	0,009	0,013	NAN	
10,78	0,00885	0,016	NAN	
10,8	0,009	0,0195	NAN	
10,82	0,009	0,0225	NAN	
10,84	0,00915	0,026	NAN	
10,86	0,009	0,029	NAN	
10,88	0,00915	0,032	NAN	
10,9	0,0096	0,036	NAN	
10,92	0,00945	0,0385	NAN	
10,94	0,00945	0,042	NAN	
10,96	0,0093	0,045	NAN	
10,98	0,00945	0,048	NAN	
11	0,00945	0,051	NAN	
11,02	0,0096	0,0545	NAN	
11,04	0,0096	0,058	NAN	
11,06	0,00945	0,0605	NAN	
11,08	0,00945	0,064	NAN	
11,1	0,0099	0,068	NAN	
11,12	0,0099	0,0705	NAN	
11,14	0,0099	0,0735	NAN	
11,16	0,0099	0,0765	NAN	
11,18	0,01005	0,08	NAN	
11,2	0,0099	0,083	NAN	
11,22	0,0099	0,086	NAN	
11,24	0,01005	0,0895	NAN	
11,26	0,0102	0,0925	NAN	
11,28	0,0102	0,095	NAN	
11,3	0,01035	0,0985	NAN	
11,32	0,01035	0,102	NAN	
11,34	0,01035	0,1055	NAN	
11,36	0,01035	0,108	NAN	
11,38	0,01035	0,1115	NAN	
11,4	0,01065	0,1145	NAN	
11,42	0,0105	0,117	NAN	
11,44	0,0105	0,121	NAN	
11,46	0,01065	0,1245	NAN	
11,48	0,01065	0,1275	NAN	
11,5	0,0108	0,1305	NAN	
11,52	0,0108	0,1335	NAN	
11,54	0,0111	0,1365	NAN	
11,56	0,01095	0,1395	NAN	
11,58	0,0108	0,1425	NAN	
11,6	0,0111	0,1465	NAN	
11,62	0,01125	0,1495	NAN	
11,64	0,0111	0,152	NAN	
11,66	0,0111	0,156	NAN	
11,68	0,0111	0,159	NAN	
11,7	0,01125	0,1615	NAN	
11,72	0,01125	0,165	NAN	
11,74	0,0114	0,169	NAN	
11,76	0,0114	0,1715	NAN	
11,78	0,01125	0,1745	NAN	
11,8	0,01155	0,1775	NAN	
11,82	0,0117	0,181	NAN	
11,84	0,01155	0,184	NAN	
11,86	0,01155	0,1865	NAN	
11,88	0,0117	0,19	NAN	
11,9	0,0117	0,193	NAN	
11,92	0,0117	0,196	NAN	
11,94	0,012	0,199	NAN	
11,96	0,01185	0,202	NAN	
11,98	0,01185	0,205	NAN	
12	0,012	0,2085	NAN	
12,02	0,0123	0,2115	NAN	
12,04	0,01215	0,2145	NAN	
12,06	0,01215	0,217	NAN	
12,08	0,01215	0,2205	NAN	
12,1	0,01245	0,2235	NAN	
12,12	0,01215	0,2265	NAN	
12,14	0,0123	0,23	NAN	
12,16	0,01245	0,233	NAN	
12,18	0,01215	0,2355	NAN	
12,2	0,01245	0,239	NAN	
12,22	0,0126	0,2415	NAN	
12,24	0,0126	0,2445	NAN	
12,26	0,01245	0,247	NAN	
12,28	0,0126	0,2505	NAN	
12,3	0,0129	0,2535	NAN	
12,32	0,0126	0,2565	NAN	
12,34	0,0126	0,2595	NAN	
12,36	0,0129	0,2625	NAN	
12,38	0,0129	0,265	NAN	
12,4	0,01305	0,268	NAN	
12,42	0,01305	0,2715	NAN	
12,44	0,01305	0,274	NAN	
12,46	0,0129	0,277	NAN	
12,48	0,01305	0,2795	NAN	
12,5	0,01335	0,283	NAN	
12,52	0,01335	0,2855	NAN	
12,54	0,01335	0,2885	NAN	
12,56	0,0132	0,291	NAN	
12,58	0,01335	0,294	NAN	
12,6	0,01335	0,297	NAN	
12,62	0,01335	0,2995	NAN	
12,64	0,0135	0,3025	NAN	
12,66	0,0135	0,305	NAN	
12,68	0,01365	0,308	NAN	
12,7	0,01365	0,3105	NAN	
12,72	0,01365	0,3135	NAN	
12,74	0,0138	0,316	NAN	
12,76	0,01365	0,3185	NAN	
12,78	0,01365	0,322	NAN	
12,8	0,01395	0,324	NAN	
12,82	0,01395	0,3265	NAN	
12,84	0,0138	0,3295	NAN	
12,86	0,01395	0,332	NAN	
12,88	0,0138	0,335	NAN	
12,9	0,0141	0,3375	NAN	
12,92	0,0141	0,34	NAN	
12,94	0,01425	0,3435	NAN	
12,96	0,01395	0,3445	NAN	
12,98	0,0138	0,3475	NAN	
13	0,0141	0,3505	NAN	
13,02	0,0141	0,3525	NAN	
13,04	0,0141	0,3545	NAN	
13,06	0,01425	0,358	NAN	
13,08	0,01425	0,36	NAN	
13,1	0,0144	0,3625	NAN	
13,12	0,0144	0,3645	NAN	
13,14	0,01455	0,368	NAN	
13,16	0,01425	0,37	NAN	
13,18	0,01425	0,372	NAN	
13,2	0,0144	0,375	NAN	
13,22	0,01455	0,377	NAN	
13,24	0,01455	0,379	NAN	
13,26	0,0147	0,3815	NAN	
13,28	0,0147	0,3835	NAN	
13,3	0,0147	0,386	NAN	
13,32	0,0147	0,3885	NAN	
13,34	0,015	0,391	NAN	
13,36	0,01485	0,3925	NAN	
13,38	0,0147	0,3945	NAN	
13,4	0,01485	0,397	NAN	
13,42	0,015	0,3995	NAN	
13,44	0,01485	0,401	NAN	
13,46	0,0147	0,4035	NAN	
13,48	0,01485	0,4055	NAN	
13,5	0,01515	0,407	NAN	
13,52	0,01515	0,4095	NAN	
13,54	0,01515	0,4115	NAN	
13,56	0,015	0,413	NAN	
13,58	0,015	0,4155	NAN	
13,6	0,015	0,4185	NAN	
13,62	0,01515	0,4195	NAN	
13,64	0,01515	0,4215	NAN	
13,66	0,01515	0,423	NAN	
13,68	0,01515	0,425	NAN	
13,7	0,01545	0,4275	NAN	
13,72	0,0153	0,4285	NAN	
13,74	0,0153	0,4315	NAN	
13,76	0,0153	0,433	NAN	
13,78	0,01515	0,434	NAN	
13,8	0,01515	0,436	NAN	
13,82	0,0153	0,4385	NAN	
13,84	0,0153	0,44	NAN	
13,86	0,0153	0,4415	NAN	
13,88	0,0153	0,443	NAN	
13,9	0,0156	0,445	NAN	
13,92	0,0156	0,447	NAN	
13,94	0,01545	0,448	NAN	
13,96	0,0153	0,4505	NAN	
13,98	0,0156	0,4515	NAN	
14	0,01575	0,453	NAN	
14,02	0,01545	0,4545	NAN	
14,04	0,0156	0,4565	NAN	
14,06	0,0156	0,4575	NAN	
14,08	0,01545	0,4585	NAN	
14,1	0,01545	0,461	NAN	
14,12	0,01545	0,463	NAN	
14,14	0,01545	0,4635	NAN	
14,16	0,01545	0,465	NAN	
14,18	0,01575	0,467	NAN	
14,2	0,01575	0,468	NAN	
14,22	0,01575	0,4695	NAN	
14,24	0,01575	0,4705	NAN	
14,26	0,0159	0,472	NAN	
14,28	0,01575	0,4735	NAN	
14,3	0,01575	0,4745	NAN	
14,32	0,01575	0,4765	NAN	
14,34	0,01575	0,4775	NAN	
14,36	0,0156	0,478	NAN	
14,38	0,0159	0,48	NAN	
14,4	0,0159	0,481	NAN	
14,42	0,01575	0,4825	NAN	
14,44	0,01575	0,483	NAN	
14,46	0,01575	0,4845	NAN	
14,48	0,01575	0,486	NAN	
14,5	0,01575	0,4865	NAN	
14,52	0,01575	0,4875	NAN	
14,54	0,0159	0,489	NAN	
14,56	0,0156	0,49	NAN	
14,58	0,0159	0,491	NAN	
14,6	0,0159	0,492	NAN	
14,62	0,0159	0,493	NAN	
14,64	0,01575	0,494	NAN	
14,66	0,01575	0,495	NAN	
14,68	0,0159	0,496	NAN	
14,7	0,01575	0,4965	NAN	
14,72	0,0156	0,497	NAN	
14,74	0,0156	0,499	NAN	
14,76	0,01545	0,499	NAN	
14,78	0,01575	0,4995	NAN	
14,8	0,0159	0,501	NAN	
14,82	0,0159	0,5015	NAN	
14,84	0,0159	0,502	NAN	
14,86	0,0156	0,5035	NAN	
14,88	0,01575	0,504	NAN	
14,9	0,01575	0,505	NAN	
14,92	0,0156	0,505	NAN	
14,94	0,0156	0,506	NAN	
14,96	0,0156	0,506	NAN	
14,98	0,0156	0,507	NAN	
15	0,0156	0,508	NAN	
15,02	0,01575	0,509	NAN	
15,04	0,0156	0,5085	NAN	
15,06	0,0153	0,5095	NAN	
15,08	0,0156	0,51	NAN	
15,1	0,0156	0,511	NAN	
15,12	0,01545	0,511	NAN	
15,14	0,0156	0,5115	NAN	
15,16	0,0156	0,513	NAN	
15,18	0,0156	0,5125	NAN	
15,2	0,0153	0,513	NAN	
15,22	0,0156	0,514	NAN	
15,24	0,0153	0,514	NAN	
15,26	0,0153	0,5145	NAN	
15,28	0,0153	0,515	NAN	
15,3	0,0153	0,515	NAN	
15,32	0,0153	0,5155	NAN	
15,34	0,01515	0,5155	NAN	
15,36	0,0153	0,516	NAN	
15,38	0,015	0,5165	NAN	
15,4	0,01485	0,5165	NAN	
15,42	0,01485	0,517	NAN	
15,44	0,0153	0,517	NAN	
15,46	0,015	0,517	NAN	
15,48	0,01485	0,517	NAN	
15,5	0,01485	0,5175	NAN	
15,52	0,0147	0,518	NAN	
15,54	0,0147	0,5175	NAN	
15,56	0,0144	0,518	NAN	
15,58	0,01455	0,5185	NAN	
15,6	0,0144	0,518	NAN	
15,62	0,01425	0,5175	NAN	
15,64	0,01455	0,518	NAN	
15,66	0,0144	0,518	NAN	
15,68	0,0141	0,518	NAN	
15,7	0,0141	0,518	NAN	
15,72	0,01425	0,5185	NAN	
15,74	0,01425	0,518	NAN	
15,76	0,01425	0,5175	NAN	
15,78	0,0141	0,518	NAN	
15,8	0,01395	0,518	NAN	
15,82	0,0138	0,5175	NAN	
15,84	0,0138	0,5175	NAN	
15,86	0,0138	0,5175	NAN	
15,88	0,0138	0,517	NAN	
15,9	0,0135	0,517	NAN	
15,92	0,01335	0,517	NAN	
15,94	0,0132	0,5165	NAN	
15,96	0,01335	0,516	NAN	
15,98	0,0132	0,516	NAN	
16	0,0132	0,516	NAN	
16,02	0,01305	0,5155	NAN	
16,04	0,01305	0,515	NAN	
16,06	0,01305	0,515	NAN	
16,08	0,0129	0,5145	NAN	
16,1	0,01275	0,514	NAN	
16,12	0,01245	0,5135	NAN	
16,14	0,01275	0,513	NAN	
16,16	0,01245	0,5125	NAN	
16,18	0,0123	0,5115	NAN	
16,2	0,01245	0,5115	NAN	
16,22	0,01215	0,5105	NAN	
16,24	0,01215	0,51	NAN	
16,26	0,012	0,5105	NAN	
16,28	0,01185	0,5095	NAN	
16,3	0,0117	0,5085	NAN	
16,32	0,01155	0,508	NAN	
16,34	0,0117	0,508	NAN	
16,36	0,0114	0,507	NAN	
16,38	0,01125	0,506	NAN	
16,4	0,01125	0,5055	NAN	
16,42	0,0111	0,5045	NAN	
16,44	0,01095	0,5035	NAN	
16,46	0,0108	0,503	NAN	
16,48	0,01065	0,503	NAN	
16,5	0,0105	0,5015	NAN	
16,52	0,01035	0,5005	NAN	
16,54	0,0105	0,5005	NAN	
16,56	0,0105	0,4995	NAN	
16,58	0,0102	0,498	NAN	
16,6	0,0099	0,497	NAN	
16,62	0,0099	0,497	NAN	
16,64	0,00975	0,4955	NAN	
16,66	0,0096	0,4945	NAN	
16,68	0,00945	0,494	NAN	
16,7	0,00945	0,493	NAN	
16,72	0,0093	0,4915	NAN	
16,74	0,00915	0,4905	NAN	
16,76	0,00915	0,4905	NAN	
16,78	0,009	0,489	NAN	
16,8	0,0087	0,4875	NAN	
16,82	0,00855	0,4865	NAN	
16,84	0,0087	0,4855	NAN	
16,86	0,00825	0,484	NAN	
16,88	0,00825	0,483	NAN	
16,9	0,0081	0,482	NAN	
16,92	0,0078	0,481	NAN	
16,94	0,00765	0,4795	NAN	
16,96	0,0078	0,4785	NAN	
16,98	0,00765	0,477	NAN	
17	0,00735	0,4755	NAN	
17,02	0,0072	0,4745	NAN	
17,04	0,00735	0,4735	NAN	
17,06	0,0072	0,472	NAN	
17,08	0,0069	0,4705	NAN	
17,1	0,00675	0,4695	NAN	
17,12	0,0069	0,468	NAN	
17,14	0,0066	0,4665	NAN	
17,16	0,00645	0,4645	NAN	
17,18	0,0063	0,464	NAN	
17,2	0,006	0,462	NAN	
17,22	0,00585	0,4605	NAN	
17,24	0,006	0,4595	NAN	
17,26	0,006	0,4575	NAN	
17,28	0,00585	0,456	NAN	
17,3	0,0054	0,4545	NAN	
17,32	0,00525	0,4525	NAN	
17,34	0,0051	0,4515	NAN	
17,36	0,0051	0,4495	NAN	
17,38	0,00495	0,448	NAN	
17,4	0,00495	0,447	NAN	
17,42	0,00465	0,4445	NAN	
17,44	0,0045	0,443	NAN	
17,46	0,0045	0,442	NAN	
17,48	0,0045	0,44	NAN	
17,5	0,0042	0,438	NAN	
17,52	0,00405	0,437	NAN	
17,54	0,0039	0,435	NAN	
17,56	0,0039	0,433	NAN	
17,58	0,0036	0,431	NAN	
17,6	0,00375	0,4295	NAN	
17,62	0,00345	0,427	NAN	
17,64	0,00345	0,4255	NAN	
17,66	0,00345	0,4245	NAN	
17,68	0,00315	0,422	NAN	
17,7	0,00285	0,42	NAN	
17,72	0,00285	0,4185	NAN	
17,74	0,00285	0,4165	NAN	
17,76	0,0027	0,414	NAN	
17,78	0,0024	0,413	NAN	
17,8	0,0024	0,41	NAN	
17,82	0,0021	0,4085	NAN	
17,84	0,0021	0,4055	NAN	
17,86	0,00195	0,404	NAN	
17,88	0,0021	0,403	NAN	
17,9	0,00165	0,4	NAN	
17,92	0,00135	0,398	NAN	
17,94	0,00135	0,3965	NAN	
17,96	0,00135	0,394	NAN	
17,98	0,00105	0,391	NAN	
18	0,0009	0,389	NAN	
18,02	0,0009	0,387	NAN	
18,04	0,00075	0,385	NAN	
18,06	0,0006	0,383	NAN	
18,08	0,00075	0,381	NAN	
18,1	0,0006	0,3785	NAN	
18,12	0,00015	0,3755	NAN	
18,14	0,00015	0,3735	NAN	
18,16	0,0003	0,3715	NAN	
18,18	0	0,369	NAN	
18,2	-0,00015	0,367	NAN	
18,22	-0,00015	0,365	NAN	
18,24	-0,00015	0,3625	NAN	
18,26	-0,00045	0,36	NAN	
18,28	-0,00045	0,358	NAN	
18,3	-0,00045	0,3555	NAN	
18,32	-0,0009	0,3525	NAN	
18,34	-0,0009	0,35	NAN	
18,36	-0,00075	0,348	NAN	
18,38	-0,00105	0,3455	NAN	
18,4	-0,0012	0,3425	NAN	
18,42	-0,00135	0,3405	NAN	
18,44	-0,0012	0,338	NAN	
18,46	-0,0015	0,3355	NAN	
18,48	-0,00165	0,333	NAN	
18,5	-0,00165	0,33	NAN	
18,52	-0,0018	0,328	NAN	
18,54	-0,00195	0,325	NAN	
18,56	-0,00195	0,3225	NAN	
18,58	-0,00195	0,32	NAN	
18,6	-0,0021	0,3175	NAN	
18,62	-0,00255	0,314	NAN	
18,64	-0,0024	0,3125	NAN	
18,66	-0,00255	0,3095	NAN	
18,68	-0,00255	0,3065	NAN	
18,7	-0,0027	0,304	NAN	
18,72	-0,00285	0,301	NAN	
18,74	-0,003	0,2985	NAN	
18,76	-0,0033	0,2955	NAN	
18,78	-0,00315	0,293	NAN	
18,8	-0,00315	0,2905	NAN	
18,82	-0,0033	0,2875	NAN	
18,84	-0,0033	0,2845	NAN	
18,86	-0,00345	0,2815	NAN	
18,88	-0,0036	0,279	NAN	
18,9	-0,00375	0,276	NAN	
18,92	-0,0039	0,274	NAN	
18,94	-0,00405	0,2705	NAN	
18,96	-0,00405	0,2675	NAN	
18,98	-0,0042	0,265	NAN	
19	-0,00435	0,262	NAN	
19,02	-0,00435	0,259	NAN	
19,04	-0,00435	0,256	NAN	
19,06	-0,0042	0,2535	NAN	
19,08	-0,0045	0,2505	NAN	
19,1	-0,00465	0,247	NAN	
19,12	-0,00465	0,245	NAN	
19,14	-0,00465	0,2415	NAN	
19,16	-0,00495	0,2385	NAN	
19,18	-0,00525	0,235	NAN	
19,2	-0,0051	0,2325	NAN	
19,22	-0,00525	0,229	NAN	
19,24	-0,00525	0,226	NAN	
19,26	-0,0054	0,2235	NAN	
19,28	-0,00525	0,221	NAN	
19,3	-0,00555	0,217	NAN	
19,32	-0,0057	0,214	NAN	
19,34	-0,00555	0,212	NAN	
19,36	-0,0057	0,208	NAN	
19,38	-0,00585	0,205	NAN	
19,4	-0,00585	0,2025	NAN	
19,42	-0,00585	0,199	NAN	
19,44	-0,006	0,196	NAN	
19,46	-0,0063	0,1935	NAN	
19,48	-0,00615	0,1905	NAN	
19,5	-0,00645	0,187	NAN	
19,52	-0,0066	0,1835	NAN	
19,54	-0,00645	0,181	NAN	
19,56	-0,00645	0,178	NAN	
19,58	-0,0066	0,1745	NAN	
19,6	-0,00675	0,1715	NAN	
19,62	-0,00675	0,169	NAN	
19,64	-0,00675	0,1655	NAN	
19,66	-0,00675	0,162	NAN	
19,68	-0,00675	0,1595	NAN	
19,7	-0,0069	0,156	NAN	
19,72	-0,00705	0,1535	NAN	
19,74	-0,0072	0,1495	NAN	
19,76	-0,00705	0,147	NAN	
19,78	-0,0072	0,1435	NAN	
19,8	-0,0075	0,1405	NAN	
19,82	-0,0075	0,1375	NAN	
19,84	-0,00735	0,1345	NAN	
19,86	-0,0075	0,1315	NAN	
19,88	-0,0075	0,1275	NAN	
19,9	-0,00765	0,125	NAN	
19,92	-0,0078	0,122	NAN	
19,94	-0,0078	0,119	NAN	
19,96	-0,0078	0,116	NAN	
19,98	-0,00795	0,1125	NAN	
20	-0,00825	0,109	NAN	
