MIN=0	-0,3	-1	0	
MAX=0,02	0,3	1	25000	
SCALE=1	0,1	0,5	10000	
DEC=5	4	3	0	
DEF="Zeit" t / ms	"Spannung" U_A1 / V	"Spannung" U_B1 / V	"Frequenz" f / Hz	
0	0,10695	1,0235	NAN	
0,02	0,1011	1,0235	NAN	
0,04	0,09555	1,0235	NAN	
0,06	0,09075	1,0235	NAN	
0,08	0,08595	1,0235	NAN	
0,1	0,08145	1,0235	NAN	
0,12	0,07755	1,0235	NAN	
0,14	0,07395	1,0235	NAN	
0,16	0,07035	1,0235	NAN	
0,18	0,0669	1,0235	NAN	
0,2	0,0639	1,0235	NAN	
0,22	0,06105	1,0235	NAN	
0,24	0,05835	1,0235	NAN	
0,26	0,0558	1,0235	NAN	
0,28	0,05355	1,0235	NAN	
0,3	0,05115	1,0235	NAN	
0,32	0,0489	1,0235	NAN	
0,34	0,0471	1,0235	NAN	
0,36	0,045	1,0235	NAN	
0,38	0,04305	1,0235	NAN	
0,4	0,0414	1,0235	NAN	
0,42	0,0399	1,0235	NAN	
0,44	0,03825	1,0235	NAN	
0,46	0,03675	1,0235	NAN	
0,48	0,03525	1,0235	NAN	
0,5	0,03375	1,0235	NAN	
0,52	0,03225	1,0235	NAN	
0,54	0,03105	1,0235	NAN	
0,56	0,02985	1,0235	NAN	
0,58	0,02835	1,0235	NAN	
0,6	0,02715	1,0235	NAN	
0,62	0,02625	1,0235	NAN	
0,64	0,02505	1,0235	NAN	
0,66	0,02385	1,0235	NAN	
0,68	0,0228	1,0235	NAN	
0,7	0,0216	1,0235	NAN	
0,72	0,02055	1,0235	NAN	
0,74	0,01965	1,0235	NAN	
0,76	0,01875	1,0235	NAN	
0,78	0,0177	1,0225	NAN	
0,8	0,0165	1,017	NAN	
0,82	0,0159	1,0125	NAN	
0,84	0,01485	1,007	NAN	
0,86	0,0141	1,001	NAN	
0,88	0,0132	0,996	NAN	
0,9	0,01245	0,9905	NAN	
0,92	0,0117	0,9845	NAN	
0,94	0,01095	0,9785	NAN	
0,96	0,0102	0,9735	NAN	
0,98	0,00945	0,9675	NAN	
1	0,00855	0,961	NAN	
1,02	0,00825	0,956	NAN	
1,04	0,00765	0,9505	NAN	
1,06	0,0069	0,944	NAN	
1,08	0,0063	0,939	NAN	
1,1	0,00585	0,933	NAN	
1,12	0,00525	0,9265	NAN	
1,14	0,00465	0,92	NAN	
1,16	0,0039	0,914	NAN	
1,18	0,0036	0,908	NAN	
1,2	0,003	0,902	NAN	
1,22	0,00255	0,896	NAN	
1,24	0,00225	0,89	NAN	
1,26	0,00165	0,8835	NAN	
1,28	0,00105	0,8765	NAN	
1,3	0,00075	0,8705	NAN	
1,32	0,0006	0,8645	NAN	
1,34	0,00015	0,8575	NAN	
1,36	-0,00045	0,8515	NAN	
1,38	-0,00075	0,845	NAN	
1,4	-0,00135	0,838	NAN	
1,42	-0,0015	0,8315	NAN	
1,44	-0,0018	0,825	NAN	
1,46	-0,0021	0,8185	NAN	
1,48	-0,00255	0,812	NAN	
1,5	-0,00285	0,805	NAN	
1,52	-0,003	0,7985	NAN	
1,54	-0,00345	0,7915	NAN	
1,56	-0,00375	0,785	NAN	
1,58	-0,00405	0,778	NAN	
1,6	-0,0042	0,771	NAN	
1,62	-0,0045	0,7635	NAN	
1,64	-0,00495	0,7565	NAN	
1,66	-0,00495	0,75	NAN	
1,68	-0,0054	0,7425	NAN	
1,7	-0,0057	0,7355	NAN	
1,72	-0,00585	0,7285	NAN	
1,74	-0,006	0,721	NAN	
1,76	-0,0066	0,714	NAN	
1,78	-0,00675	0,707	NAN	
1,8	-0,00675	0,7	NAN	
1,82	-0,00705	0,6925	NAN	
1,84	-0,0072	0,6845	NAN	
1,86	-0,00735	0,6775	NAN	
1,88	-0,0078	0,67	NAN	
1,9	-0,00795	0,663	NAN	
1,92	-0,0081	0,6555	NAN	
1,94	-0,0081	0,648	NAN	
1,96	-0,00855	0,6405	NAN	
1,98	-0,0087	0,6325	NAN	
2	-0,00885	0,625	NAN	
2,02	-0,00885	0,618	NAN	
2,04	-0,00915	0,6095	NAN	
2,06	-0,0093	0,602	NAN	
2,08	-0,00945	0,5955	NAN	
2,1	-0,00975	0,587	NAN	
2,12	-0,01005	0,5795	NAN	
2,14	-0,0099	0,5725	NAN	
2,16	-0,01035	0,564	NAN	
2,18	-0,01035	0,5565	NAN	
2,2	-0,0105	0,549	NAN	
2,22	-0,0102	0,5405	NAN	
2,24	-0,0108	0,533	NAN	
2,26	-0,0111	0,5265	NAN	
2,28	-0,01095	0,518	NAN	
2,3	-0,01095	0,51	NAN	
2,32	-0,01125	0,5015	NAN	
2,34	-0,0114	0,494	NAN	
2,36	-0,0114	0,4865	NAN	
2,38	-0,01185	0,478	NAN	
2,4	-0,0117	0,471	NAN	
2,42	-0,0117	0,4625	NAN	
2,44	-0,012	0,455	NAN	
2,46	-0,01215	0,4465	NAN	
2,48	-0,01245	0,4385	NAN	
2,5	-0,0123	0,431	NAN	
2,52	-0,01275	0,423	NAN	
2,54	-0,01275	0,4145	NAN	
2,56	-0,01275	0,407	NAN	
2,58	-0,01305	0,399	NAN	
2,6	-0,0132	0,3905	NAN	
2,62	-0,01305	0,383	NAN	
2,64	-0,0132	0,375	NAN	
2,66	-0,01335	0,3665	NAN	
2,68	-0,01365	0,3585	NAN	
2,7	-0,01365	0,3505	NAN	
2,72	-0,0138	0,3425	NAN	
2,74	-0,0138	0,3345	NAN	
2,76	-0,01395	0,3265	NAN	
2,78	-0,01395	0,318	NAN	
2,8	-0,01425	0,31	NAN	
2,82	-0,01425	0,302	NAN	
2,84	-0,0141	0,2945	NAN	
2,86	-0,01455	0,2865	NAN	
2,88	-0,0144	0,278	NAN	
2,9	-0,0147	0,27	NAN	
2,92	-0,01455	0,262	NAN	
2,94	-0,01485	0,2535	NAN	
2,96	-0,015	0,245	NAN	
2,98	-0,015	0,238	NAN	
3	-0,0153	0,2295	NAN	
3,02	-0,01515	0,221	NAN	
3,04	-0,0153	0,2135	NAN	
3,06	-0,0153	0,205	NAN	
3,08	-0,0156	0,197	NAN	
3,1	-0,01575	0,189	NAN	
3,12	-0,01575	0,1815	NAN	
3,14	-0,01575	0,1725	NAN	
3,16	-0,0159	0,1645	NAN	
3,18	-0,0159	0,157	NAN	
3,2	-0,0162	0,1485	NAN	
3,22	-0,01635	0,14	NAN	
3,24	-0,0165	0,132	NAN	
3,26	-0,01635	0,1245	NAN	
3,28	-0,0165	0,1155	NAN	
3,3	-0,01695	0,107	NAN	
3,32	-0,01665	0,1	NAN	
3,34	-0,0165	0,092	NAN	
3,36	-0,01695	0,0825	NAN	
3,38	-0,01725	0,0745	NAN	
3,4	-0,0171	0,0675	NAN	
3,42	-0,01725	0,0585	NAN	
3,44	-0,0174	0,0505	NAN	
3,46	-0,0174	0,0425	NAN	
3,48	-0,01755	0,034	NAN	
3,5	-0,0177	0,026	NAN	
3,52	-0,01785	0,0175	NAN	
3,54	-0,0177	0,01	NAN	
3,56	-0,018	0,0015	NAN	
3,58	-0,0183	-0,0075	NAN	
3,6	-0,01815	-0,015	NAN	
3,62	-0,01815	-0,023	NAN	
3,64	-0,0186	-0,0315	NAN	
3,66	-0,0186	-0,0395	NAN	
3,68	-0,01845	-0,0475	NAN	
3,7	-0,01875	-0,0555	NAN	
3,72	-0,0189	-0,0645	NAN	
3,74	-0,0189	-0,0725	NAN	
3,76	-0,01905	-0,081	NAN	
3,78	-0,0192	-0,089	NAN	
3,8	-0,01935	-0,0975	NAN	
3,82	-0,01935	-0,105	NAN	
3,84	-0,01965	-0,1135	NAN	
3,86	-0,01995	-0,121	NAN	
3,88	-0,01995	-0,1295	NAN	
3,9	-0,02025	-0,1385	NAN	
3,92	-0,0204	-0,1465	NAN	
3,94	-0,02025	-0,1545	NAN	
3,96	-0,02025	-0,1625	NAN	
3,98	-0,02055	-0,1715	NAN	
4	-0,02085	-0,1795	NAN	
4,02	-0,02055	-0,1875	NAN	
4,04	-0,0207	-0,1955	NAN	
4,06	-0,021	-0,204	NAN	
4,08	-0,02115	-0,212	NAN	
4,1	-0,02115	-0,22	NAN	
4,12	-0,02145	-0,2285	NAN	
4,14	-0,0216	-0,236	NAN	
4,16	-0,02175	-0,245	NAN	
4,18	-0,02175	-0,2535	NAN	
4,2	-0,02205	-0,262	NAN	
4,22	-0,0222	-0,2695	NAN	
4,24	-0,02235	-0,2775	NAN	
4,26	-0,0225	-0,286	NAN	
4,28	-0,0228	-0,294	NAN	
4,3	-0,02295	-0,302	NAN	
4,32	-0,02295	-0,3105	NAN	
4,34	-0,0231	-0,319	NAN	
4,36	-0,02325	-0,3265	NAN	
4,38	-0,02325	-0,3345	NAN	
4,4	-0,02385	-0,343	NAN	
4,42	-0,0237	-0,351	NAN	
4,44	-0,024	-0,3595	NAN	
4,46	-0,02415	-0,368	NAN	
4,48	-0,02445	-0,376	NAN	
4,5	-0,0246	-0,384	NAN	
4,52	-0,02475	-0,392	NAN	
4,54	-0,0249	-0,4005	NAN	
4,56	-0,0252	-0,4085	NAN	
4,58	-0,02535	-0,416	NAN	
4,6	-0,02565	-0,4245	NAN	
4,62	-0,0258	-0,433	NAN	
4,64	-0,0261	-0,441	NAN	
4,66	-0,0261	-0,4485	NAN	
4,68	-0,0264	-0,4575	NAN	
4,7	-0,02685	-0,466	NAN	
4,72	-0,02685	-0,473	NAN	
4,74	-0,02715	-0,4815	NAN	
4,76	-0,0276	-0,49	NAN	
4,78	-0,0279	-0,4975	NAN	
4,8	-0,02805	-0,506	NAN	
4,82	-0,0282	-0,514	NAN	
4,84	-0,02865	-0,5225	NAN	
4,86	-0,02865	-0,5295	NAN	
4,88	-0,02895	-0,538	NAN	
4,9	-0,0294	-0,546	NAN	
4,92	-0,0297	-0,554	NAN	
4,94	-0,0297	-0,5615	NAN	
4,96	-0,03015	-0,57	NAN	
4,98	-0,03045	-0,5775	NAN	
5	-0,03075	-0,585	NAN	
5,02	-0,03105	-0,5935	NAN	
5,04	-0,03135	-0,6015	NAN	
5,06	-0,0318	-0,6095	NAN	
5,08	-0,03195	-0,6165	NAN	
5,1	-0,0324	-0,625	NAN	
5,12	-0,03285	-0,6325	NAN	
5,14	-0,03315	-0,64	NAN	
5,16	-0,0336	-0,648	NAN	
5,18	-0,0342	-0,6555	NAN	
5,2	-0,0345	-0,663	NAN	
5,22	-0,0348	-0,6705	NAN	
5,24	-0,03525	-0,6785	NAN	
5,26	-0,0357	-0,686	NAN	
5,28	-0,03615	-0,6935	NAN	
5,3	-0,03645	-0,701	NAN	
5,32	-0,0369	-0,7085	NAN	
5,34	-0,03765	-0,7155	NAN	
5,36	-0,03795	-0,7235	NAN	
5,38	-0,0384	-0,731	NAN	
5,4	-0,039	-0,738	NAN	
5,42	-0,03945	-0,7455	NAN	
5,44	-0,0399	-0,753	NAN	
5,46	-0,0405	-0,76	NAN	
5,48	-0,0411	-0,7675	NAN	
5,5	-0,0414	-0,775	NAN	
5,52	-0,04215	-0,7825	NAN	
5,54	-0,04275	-0,7895	NAN	
5,56	-0,04335	-0,796	NAN	
5,58	-0,04425	-0,804	NAN	
5,6	-0,04485	-0,811	NAN	
5,62	-0,04545	-0,8175	NAN	
5,64	-0,04605	-0,8245	NAN	
5,66	-0,04695	-0,832	NAN	
5,68	-0,0477	-0,839	NAN	
5,7	-0,048	-0,8455	NAN	
5,72	-0,04905	-0,853	NAN	
5,74	-0,0498	-0,86	NAN	
5,76	-0,05055	-0,866	NAN	
5,78	-0,0516	-0,8735	NAN	
5,8	-0,0525	-0,88	NAN	
5,82	-0,05325	-0,8865	NAN	
5,84	-0,054	-0,893	NAN	
5,86	-0,0552	-0,8995	NAN	
5,88	-0,05625	-0,907	NAN	
5,9	-0,05685	-0,913	NAN	
5,92	-0,05775	-0,919	NAN	
5,94	-0,05895	-0,926	NAN	
5,96	-0,06	-0,9325	NAN	
5,98	-0,06105	-0,9385	NAN	
6	-0,0621	-0,945	NAN	
6,02	-0,06345	-0,9515	NAN	
6,04	-0,0645	-0,957	NAN	
6,06	-0,06585	-0,964	NAN	
6,08	-0,06735	-0,97	NAN	
6,1	-0,0684	-0,976	NAN	
6,12	-0,06975	-0,9815	NAN	
6,14	-0,0711	-0,9875	NAN	
6,16	-0,0726	-0,994	NAN	
6,18	-0,07395	-1	NAN	
6,2	-0,0753	-1,006	NAN	
6,22	-0,0771	-1,012	NAN	
6,24	-0,0786	-1,0175	NAN	
6,26	-0,08025	-1,0225	NAN	
6,28	-0,0819	-1,024	NAN	
6,3	-0,08355	-1,024	NAN	
6,32	-0,08535	-1,024	NAN	
6,34	-0,0873	-1,024	NAN	
6,36	-0,0891	-1,024	NAN	
6,38	-0,0912	-1,024	NAN	
6,4	-0,093	-1,024	NAN	
6,42	-0,09495	-1,024	NAN	
6,44	-0,0972	-1,024	NAN	
6,46	-0,0993	-1,024	NAN	
6,48	-0,10155	-1,024	NAN	
6,5	-0,1038	-1,024	NAN	
6,52	-0,10635	-1,024	NAN	
6,54	-0,10875	-1,024	NAN	
6,56	-0,11115	-1,024	NAN	
6,58	-0,1143	-1,024	NAN	
6,6	-0,1167	-1,024	NAN	
6,62	-0,1194	-1,024	NAN	
6,64	-0,1227	-1,024	NAN	
6,66	-0,12555	-1,024	NAN	
6,68	-0,1284	-1,024	NAN	
6,7	-0,132	-1,024	NAN	
6,72	-0,13545	-1,024	NAN	
6,74	-0,13875	-1,024	NAN	
6,76	-0,1422	-1,024	NAN	
6,78	-0,14625	-1,024	NAN	
6,8	-0,15015	-1,024	NAN	
6,82	-0,15435	-1,024	NAN	
6,84	-0,15885	-1,024	NAN	
6,86	-0,16335	-1,024	NAN	
6,88	-0,16785	-1,024	NAN	
6,9	-0,17295	-1,024	NAN	
6,92	-0,17835	-1,024	NAN	
6,94	-0,18375	-1,024	NAN	
6,96	-0,189	-1,024	NAN	
6,98	-0,19515	-1,024	NAN	
7	-0,2016	-1,024	NAN	
7,02	-0,20805	-1,024	NAN	
7,04	-0,2151	-1,024	NAN	
7,06	-0,22245	-1,024	NAN	
7,08	-0,22995	-1,024	NAN	
7,1	-0,2382	-1,024	NAN	
7,12	-0,24675	-1,024	NAN	
7,14	-0,25605	-1,024	NAN	
7,16	-0,2652	-1,024	NAN	
7,18	-0,27525	-1,024	NAN	
7,2	-0,28575	-1,024	NAN	
7,22	-0,2967	-1,024	NAN	
7,24	-0,30705	-1,024	NAN	
7,26	-0,30705	-1,024	NAN	
7,28	-0,30705	-1,024	NAN	
7,3	-0,30705	-1,024	NAN	
7,32	-0,30705	-1,024	NAN	
7,34	-0,30705	-1,024	NAN	
7,36	-0,30705	-1,024	NAN	
7,38	-0,30705	-1,024	NAN	
7,4	-0,30705	-1,024	NAN	
7,42	-0,30705	-1,024	NAN	
7,44	-0,30705	-1,024	NAN	
7,46	-0,30705	-1,024	NAN	
7,48	-0,30705	-1,024	NAN	
7,5	-0,30705	-1,024	NAN	
7,52	-0,30705	-1,024	NAN	
7,54	-0,30705	-1,024	NAN	
7,56	-0,30705	-1,024	NAN	
7,58	-0,30705	-1,024	NAN	
7,6	-0,30705	-1,024	NAN	
7,62	-0,30705	-1,024	NAN	
7,64	-0,30705	-1,024	NAN	
7,66	-0,30705	-1,024	NAN	
7,68	-0,30705	-1,024	NAN	
7,7	-0,30705	-1,024	NAN	
7,72	-0,30705	-1,024	NAN	
7,74	-0,30705	-1,024	NAN	
7,76	-0,30705	-1,024	NAN	
7,78	-0,30705	-1,024	NAN	
7,8	-0,30705	-1,024	NAN	
7,82	-0,30705	-1,024	NAN	
7,84	-0,30705	-1,024	NAN	
7,86	-0,30705	-1,024	NAN	
7,88	-0,30705	-1,024	NAN	
7,9	-0,30705	-1,024	NAN	
7,92	-0,30705	-1,024	NAN	
7,94	-0,30705	-1,024	NAN	
7,96	-0,30705	-1,024	NAN	
7,98	-0,30705	-1,024	NAN	
8	-0,30705	-1,024	NAN	
8,02	-0,30705	-1,024	NAN	
8,04	-0,30705	-1,024	NAN	
8,06	-0,30705	-1,024	NAN	
8,08	-0,30705	-1,024	NAN	
8,1	-0,30705	-1,024	NAN	
8,12	-0,30705	-1,024	NAN	
8,14	-0,30705	-1,024	NAN	
8,16	-0,30705	-1,024	NAN	
8,18	-0,30705	-1,024	NAN	
8,2	-0,30705	-1,024	NAN	
8,22	-0,30705	-1,024	NAN	
8,24	-0,30705	-1,024	NAN	
8,26	-0,30705	-1,024	NAN	
8,28	-0,30705	-1,024	NAN	
8,3	-0,30705	-1,024	NAN	
8,32	-0,30705	-1,024	NAN	
8,34	-0,30705	-1,024	NAN	
8,36	-0,30705	-1,024	NAN	
8,38	-0,30705	-1,024	NAN	
8,4	-0,30705	-1,024	NAN	
8,42	-0,30705	-1,024	NAN	
8,44	-0,30705	-1,024	NAN	
8,46	-0,30705	-1,024	NAN	
8,48	-0,30705	-1,024	NAN	
8,5	-0,30705	-1,024	NAN	
8,52	-0,30705	-1,024	NAN	
8,54	-0,30705	-1,024	NAN	
8,56	-0,30705	-1,024	NAN	
8,58	-0,30705	-1,024	NAN	
8,6	-0,30705	-1,024	NAN	
8,62	-0,30705	-1,024	NAN	
8,64	-0,30705	-1,024	NAN	
8,66	-0,30705	-1,024	NAN	
8,68	-0,30705	-1,024	NAN	
8,7	-0,30705	-1,024	NAN	
8,72	-0,30705	-1,024	NAN	
8,74	-0,30705	-1,024	NAN	
8,76	-0,30705	-1,024	NAN	
8,78	-0,30705	-1,024	NAN	
8,8	-0,30705	-1,024	NAN	
8,82	-0,30705	-1,024	NAN	
8,84	-0,30705	-1,024	NAN	
8,86	-0,30705	-1,024	NAN	
8,88	-0,30705	-1,024	NAN	
8,9	-0,30705	-1,024	NAN	
8,92	-0,30705	-1,024	NAN	
8,94	-0,30705	-1,024	NAN	
8,96	-0,30705	-1,024	NAN	
8,98	-0,30705	-1,024	NAN	
9	-0,30705	-1,024	NAN	
9,02	-0,30705	-1,024	NAN	
9,04	-0,30705	-1,024	NAN	
9,06	-0,30705	-1,024	NAN	
9,08	-0,30705	-1,024	NAN	
9,1	-0,30705	-1,024	NAN	
9,12	-0,30705	-1,024	NAN	
9,14	-0,30705	-1,024	NAN	
9,16	-0,30705	-1,024	NAN	
9,18	-0,30705	-1,024	NAN	
9,2	-0,30705	-1,024	NAN	
9,22	-0,30705	-1,024	NAN	
9,24	-0,30705	-1,024	NAN	
9,26	-0,30705	-1,024	NAN	
9,28	-0,30705	-1,024	NAN	
9,3	-0,30705	-1,024	NAN	
9,32	-0,30705	-1,024	NAN	
9,34	-0,30705	-1,024	NAN	
9,36	-0,30705	-1,024	NAN	
9,38	-0,30705	-1,024	NAN	
9,4	-0,30705	-1,024	NAN	
9,42	-0,30705	-1,024	NAN	
9,44	-0,30705	-1,024	NAN	
9,46	-0,30705	-1,024	NAN	
9,48	-0,30705	-1,024	NAN	
9,5	-0,30705	-1,024	NAN	
9,52	-0,30705	-1,024	NAN	
9,54	-0,30705	-1,024	NAN	
9,56	-0,30705	-1,024	NAN	
9,58	-0,30705	-1,024	NAN	
9,6	-0,30705	-1,024	NAN	
9,62	-0,30375	-1,024	NAN	
9,64	-0,28995	-1,024	NAN	
9,66	-0,2766	-1,024	NAN	
9,68	-0,2634	-1,024	NAN	
9,7	-0,2508	-1,024	NAN	
9,72	-0,2382	-1,024	NAN	
9,74	-0,2262	-1,024	NAN	
9,76	-0,21435	-1,024	NAN	
9,78	-0,20295	-1,024	NAN	
9,8	-0,1917	-1,024	NAN	
9,82	-0,1812	-1,024	NAN	
9,84	-0,1713	-1,024	NAN	
9,86	-0,1614	-1,024	NAN	
9,88	-0,15225	-1,024	NAN	
9,9	-0,1437	-1,024	NAN	
9,92	-0,13575	-1,024	NAN	
9,94	-0,12795	-1,024	NAN	
9,96	-0,12045	-1,024	NAN	
9,98	-0,114	-1,024	NAN	
10	-0,10755	-1,024	NAN	
10,02	-0,10185	-1,024	NAN	
10,04	-0,09645	-1,024	NAN	
10,06	-0,09165	-1,024	NAN	
10,08	-0,0867	-1,024	NAN	
10,1	-0,08265	-1,024	NAN	
10,12	-0,07875	-1,024	NAN	
10,14	-0,0747	-1,024	NAN	
10,16	-0,0711	-1,024	NAN	
10,18	-0,06795	-1,024	NAN	
10,2	-0,06495	-1,024	NAN	
10,22	-0,0621	-1,024	NAN	
10,24	-0,05925	-1,024	NAN	
10,26	-0,0567	-1,024	NAN	
10,28	-0,0543	-1,024	NAN	
10,3	-0,0522	-1,024	NAN	
10,32	-0,05025	-1,024	NAN	
10,34	-0,04785	-1,024	NAN	
10,36	-0,0456	-1,024	NAN	
10,38	-0,04395	-1,024	NAN	
10,4	-0,04215	-1,024	NAN	
10,42	-0,04035	-1,024	NAN	
10,44	-0,039	-1,024	NAN	
10,46	-0,03735	-1,024	NAN	
10,48	-0,036	-1,024	NAN	
10,5	-0,0345	-1,024	NAN	
10,52	-0,03315	-1,024	NAN	
10,54	-0,03195	-1,024	NAN	
10,56	-0,0303	-1,024	NAN	
10,58	-0,02925	-1,024	NAN	
10,6	-0,02805	-1,024	NAN	
10,62	-0,02655	-1,024	NAN	
10,64	-0,02535	-1,024	NAN	
10,66	-0,02445	-1,024	NAN	
10,68	-0,02355	-1,024	NAN	
10,7	-0,0222	-1,024	NAN	
10,72	-0,0213	-1,024	NAN	
10,74	-0,02025	-1,024	NAN	
10,76	-0,0192	-1,024	NAN	
10,78	-0,01845	-1,024	NAN	
10,8	-0,01755	-1,02	NAN	
10,82	-0,01665	-1,015	NAN	
10,84	-0,01575	-1,009	NAN	
10,86	-0,015	-1,004	NAN	
10,88	-0,0141	-0,9985	NAN	
10,9	-0,0132	-0,993	NAN	
10,92	-0,01245	-0,987	NAN	
10,94	-0,0117	-0,982	NAN	
10,96	-0,01095	-0,9765	NAN	
10,98	-0,01035	-0,97	NAN	
11	-0,0096	-0,9645	NAN	
11,02	-0,00915	-0,9595	NAN	
11,04	-0,00825	-0,9525	NAN	
11,06	-0,00765	-0,947	NAN	
11,08	-0,00705	-0,9415	NAN	
11,1	-0,0066	-0,9355	NAN	
11,12	-0,00615	-0,929	NAN	
11,14	-0,00555	-0,9235	NAN	
11,16	-0,00495	-0,9165	NAN	
11,18	-0,00435	-0,911	NAN	
11,2	-0,00375	-0,905	NAN	
11,22	-0,00345	-0,8985	NAN	
11,24	-0,00315	-0,893	NAN	
11,26	-0,0024	-0,886	NAN	
11,28	-0,0021	-0,88	NAN	
11,3	-0,0018	-0,874	NAN	
11,32	-0,0012	-0,867	NAN	
11,34	-0,0006	-0,861	NAN	
11,36	-0,0003	-0,854	NAN	
11,38	0	-0,8475	NAN	
11,4	0,00045	-0,841	NAN	
11,42	0,0006	-0,8345	NAN	
11,44	0,0009	-0,8285	NAN	
11,46	0,00135	-0,821	NAN	
11,48	0,0018	-0,815	NAN	
11,5	0,00195	-0,8085	NAN	
11,52	0,00225	-0,801	NAN	
11,54	0,00255	-0,794	NAN	
11,56	0,003	-0,7875	NAN	
11,58	0,00315	-0,781	NAN	
11,6	0,00375	-0,773	NAN	
11,62	0,00375	-0,7665	NAN	
11,64	0,00405	-0,76	NAN	
11,66	0,0042	-0,7525	NAN	
11,68	0,00465	-0,745	NAN	
11,7	0,0048	-0,7385	NAN	
11,72	0,0051	-0,731	NAN	
11,74	0,0054	-0,7235	NAN	
11,76	0,0057	-0,717	NAN	
11,78	0,0057	-0,7095	NAN	
11,8	0,006	-0,702	NAN	
11,82	0,0063	-0,6945	NAN	
11,84	0,00645	-0,688	NAN	
11,86	0,0066	-0,6795	NAN	
11,88	0,0069	-0,6725	NAN	
11,9	0,00705	-0,6655	NAN	
11,92	0,0072	-0,658	NAN	
11,94	0,00735	-0,651	NAN	
11,96	0,0078	-0,6435	NAN	
11,98	0,0078	-0,636	NAN	
12	0,0081	-0,6285	NAN	
12,02	0,00825	-0,621	NAN	
12,04	0,0084	-0,613	NAN	
12,06	0,00855	-0,606	NAN	
12,08	0,00885	-0,598	NAN	
12,1	0,009	-0,5905	NAN	
12,12	0,009	-0,5825	NAN	
12,14	0,009	-0,5755	NAN	
12,16	0,00945	-0,567	NAN	
12,18	0,00945	-0,56	NAN	
12,2	0,0096	-0,5515	NAN	
12,22	0,0099	-0,544	NAN	
12,24	0,01005	-0,5365	NAN	
12,26	0,0102	-0,5285	NAN	
12,28	0,0102	-0,5215	NAN	
12,3	0,0105	-0,513	NAN	
12,32	0,01065	-0,505	NAN	
12,34	0,01065	-0,4975	NAN	
12,36	0,01095	-0,4895	NAN	
12,38	0,0111	-0,4815	NAN	
12,4	0,0111	-0,4735	NAN	
12,42	0,0111	-0,466	NAN	
12,44	0,01125	-0,4575	NAN	
12,46	0,0114	-0,45	NAN	
12,48	0,01155	-0,4425	NAN	
12,5	0,01155	-0,434	NAN	
12,52	0,01185	-0,426	NAN	
12,54	0,01185	-0,418	NAN	
12,56	0,01215	-0,41	NAN	
12,58	0,01245	-0,4015	NAN	
12,6	0,01245	-0,394	NAN	
12,62	0,01245	-0,386	NAN	
12,64	0,01245	-0,3775	NAN	
12,66	0,01275	-0,3705	NAN	
12,68	0,0129	-0,362	NAN	
12,7	0,01275	-0,3535	NAN	
12,72	0,0129	-0,3455	NAN	
12,74	0,0129	-0,3375	NAN	
12,76	0,0132	-0,33	NAN	
12,78	0,01335	-0,3215	NAN	
12,8	0,01365	-0,313	NAN	
12,82	0,0135	-0,3055	NAN	
12,84	0,0135	-0,2975	NAN	
12,86	0,01395	-0,289	NAN	
12,88	0,01395	-0,281	NAN	
12,9	0,01395	-0,273	NAN	
12,92	0,0141	-0,2645	NAN	
12,94	0,0141	-0,257	NAN	
12,96	0,0144	-0,2485	NAN	
12,98	0,01425	-0,2405	NAN	
13	0,01455	-0,232	NAN	
13,02	0,01455	-0,224	NAN	
13,04	0,01455	-0,216	NAN	
13,06	0,0147	-0,2075	NAN	
13,08	0,015	-0,2	NAN	
13,1	0,01485	-0,192	NAN	
13,12	0,015	-0,1835	NAN	
13,14	0,01515	-0,175	NAN	
13,16	0,01545	-0,167	NAN	
13,18	0,0153	-0,159	NAN	
13,2	0,01545	-0,1505	NAN	
13,22	0,0156	-0,1425	NAN	
13,24	0,0156	-0,1345	NAN	
13,26	0,0156	-0,126	NAN	
13,28	0,01605	-0,1175	NAN	
13,3	0,01605	-0,11	NAN	
13,32	0,01605	-0,102	NAN	
13,34	0,0162	-0,0935	NAN	
13,36	0,01635	-0,085	NAN	
13,38	0,0162	-0,077	NAN	
13,4	0,0165	-0,069	NAN	
13,42	0,01665	-0,06	NAN	
13,44	0,0165	-0,052	NAN	
13,46	0,01665	-0,0445	NAN	
13,48	0,01695	-0,036	NAN	
13,5	0,0171	-0,0275	NAN	
13,52	0,0168	-0,019	NAN	
13,54	0,01695	-0,0115	NAN	
13,56	0,01755	-0,003	NAN	
13,58	0,01755	0,0055	NAN	
13,6	0,01755	0,014	NAN	
13,62	0,0177	0,022	NAN	
13,64	0,01755	0,03	NAN	
13,66	0,0177	0,038	NAN	
13,68	0,018	0,0465	NAN	
13,7	0,018	0,0545	NAN	
13,72	0,018	0,0625	NAN	
13,74	0,01815	0,0705	NAN	
13,76	0,0186	0,079	NAN	
13,78	0,01875	0,087	NAN	
13,8	0,0186	0,095	NAN	
13,82	0,01875	0,1035	NAN	
13,84	0,01905	0,1115	NAN	
13,86	0,0189	0,1195	NAN	
13,88	0,0192	0,128	NAN	
13,9	0,01935	0,1365	NAN	
13,92	0,0195	0,144	NAN	
13,94	0,0195	0,152	NAN	
13,96	0,0198	0,161	NAN	
13,98	0,0198	0,1685	NAN	
14	0,01995	0,177	NAN	
14,02	0,01995	0,185	NAN	
14,04	0,0201	0,1935	NAN	
14,06	0,02025	0,2015	NAN	
14,08	0,02025	0,209	NAN	
14,1	0,02055	0,2185	NAN	
14,12	0,0207	0,226	NAN	
14,14	0,02055	0,234	NAN	
14,16	0,021	0,2425	NAN	
14,18	0,0213	0,2505	NAN	
14,2	0,0213	0,2585	NAN	
14,22	0,02145	0,2665	NAN	
14,24	0,02145	0,275	NAN	
14,26	0,02175	0,2835	NAN	
14,28	0,02175	0,291	NAN	
14,3	0,0219	0,299	NAN	
14,32	0,02235	0,308	NAN	
14,34	0,0225	0,316	NAN	
14,36	0,0225	0,3235	NAN	
14,38	0,02265	0,332	NAN	
14,4	0,0231	0,3405	NAN	
14,42	0,0231	0,3485	NAN	
14,44	0,0231	0,3565	NAN	
14,46	0,0234	0,365	NAN	
14,48	0,0237	0,373	NAN	
14,5	0,0237	0,381	NAN	
14,52	0,024	0,389	NAN	
14,54	0,02445	0,3975	NAN	
14,56	0,0246	0,405	NAN	
14,58	0,02475	0,413	NAN	
14,6	0,0249	0,422	NAN	
14,62	0,02505	0,43	NAN	
14,64	0,02535	0,4375	NAN	
14,66	0,0255	0,446	NAN	
14,68	0,02595	0,4545	NAN	
14,7	0,02595	0,4625	NAN	
14,72	0,02595	0,47	NAN	
14,74	0,0264	0,479	NAN	
14,76	0,02685	0,4865	NAN	
14,78	0,02685	0,4945	NAN	
14,8	0,0273	0,5025	NAN	
14,82	0,02745	0,5105	NAN	
14,84	0,0276	0,519	NAN	
14,86	0,0279	0,5265	NAN	
14,88	0,0282	0,535	NAN	
14,9	0,02835	0,5425	NAN	
14,92	0,02865	0,5505	NAN	
14,94	0,02895	0,5585	NAN	
14,96	0,02955	0,5665	NAN	
14,98	0,02985	0,574	NAN	
15	0,03015	0,582	NAN	
15,02	0,03045	0,59	NAN	
15,04	0,0306	0,5975	NAN	
15,06	0,0309	0,605	NAN	
15,08	0,03135	0,613	NAN	
15,1	0,0318	0,621	NAN	
15,12	0,03195	0,6285	NAN	
15,14	0,03225	0,637	NAN	
15,16	0,0327	0,6445	NAN	
15,18	0,03315	0,6515	NAN	
15,2	0,03345	0,6595	NAN	
15,22	0,0339	0,667	NAN	
15,24	0,0345	0,6745	NAN	
15,26	0,03465	0,682	NAN	
15,28	0,03525	0,6895	NAN	
15,3	0,03585	0,6975	NAN	
15,32	0,036	0,7045	NAN	
15,34	0,03645	0,712	NAN	
15,36	0,03705	0,72	NAN	
15,38	0,0375	0,727	NAN	
15,4	0,0381	0,734	NAN	
15,42	0,0384	0,742	NAN	
15,44	0,03915	0,7495	NAN	
15,46	0,03975	0,756	NAN	
15,48	0,0402	0,7635	NAN	
15,5	0,0408	0,771	NAN	
15,52	0,0414	0,778	NAN	
15,54	0,04185	0,785	NAN	
15,56	0,0426	0,7925	NAN	
15,58	0,0432	0,8	NAN	
15,6	0,04395	0,8065	NAN	
15,62	0,04455	0,8135	NAN	
15,64	0,04545	0,821	NAN	
15,66	0,04605	0,8285	NAN	
15,68	0,0468	0,8345	NAN	
15,7	0,04725	0,8415	NAN	
15,72	0,04815	0,849	NAN	
15,74	0,0489	0,8555	NAN	
15,76	0,04965	0,862	NAN	
15,78	0,05055	0,8695	NAN	
15,8	0,05145	0,876	NAN	
15,82	0,05205	0,8825	NAN	
15,84	0,0531	0,8895	NAN	
15,86	0,05415	0,8955	NAN	
15,88	0,05505	0,9025	NAN	
15,9	0,05595	0,9085	NAN	
15,92	0,05685	0,9155	NAN	
15,94	0,0579	0,9215	NAN	
15,96	0,0588	0,928	NAN	
15,98	0,05985	0,9345	NAN	
16	0,0612	0,9415	NAN	
16,02	0,0621	0,9465	NAN	
16,04	0,06345	0,954	NAN	
16,06	0,06465	0,9595	NAN	
16,08	0,06585	0,9655	NAN	
16,1	0,06705	0,9715	NAN	
16,12	0,0684	0,9775	NAN	
16,14	0,0699	0,984	NAN	
16,16	0,07125	0,9895	NAN	
16,18	0,0726	0,995	NAN	
16,2	0,07395	1,0015	NAN	
16,22	0,0753	1,007	NAN	
16,24	0,0771	1,0125	NAN	
16,26	0,07875	1,0185	NAN	
16,28	0,08055	1,0235	NAN	
16,3	0,08205	1,0235	NAN	
16,32	0,08355	1,0235	NAN	
16,34	0,0855	1,0235	NAN	
16,36	0,08745	1,0235	NAN	
16,38	0,08925	1,0235	NAN	
16,4	0,09135	1,0235	NAN	
16,42	0,09345	1,0235	NAN	
16,44	0,09555	1,0235	NAN	
16,46	0,09765	1,0235	NAN	
16,48	0,10005	1,0235	NAN	
16,5	0,1023	1,0235	NAN	
16,52	0,10455	1,0235	NAN	
16,54	0,1071	1,0235	NAN	
16,56	0,10965	1,0235	NAN	
16,58	0,11205	1,0235	NAN	
16,6	0,11475	1,0235	NAN	
16,62	0,1176	1,0235	NAN	
16,64	0,12045	1,0235	NAN	
16,66	0,12345	1,0235	NAN	
16,68	0,1266	1,0235	NAN	
16,7	0,12975	1,0235	NAN	
16,72	0,1329	1,0235	NAN	
16,74	0,1365	1,0235	NAN	
16,76	0,1401	1,0235	NAN	
16,78	0,14385	1,0235	NAN	
16,8	0,14745	1,0235	NAN	
16,82	0,15165	1,0235	NAN	
16,84	0,15615	1,0235	NAN	
16,86	0,1605	1,0235	NAN	
16,88	0,165	1,0235	NAN	
16,9	0,16995	1,0235	NAN	
16,92	0,17475	1,0235	NAN	
16,94	0,18	1,0235	NAN	
16,96	0,1857	1,0235	NAN	
16,98	0,19155	1,0235	NAN	
17	0,19755	1,0235	NAN	
17,02	0,2037	1,0235	NAN	
17,04	0,21075	1,0235	NAN	
17,06	0,21765	1,0235	NAN	
17,08	0,22515	1,0235	NAN	
17,1	0,2331	1,0235	NAN	
17,12	0,2415	1,0235	NAN	
17,14	0,2499	1,0235	NAN	
17,16	0,25935	1,0235	NAN	
17,18	0,2691	1,0235	NAN	
17,2	0,279	1,0235	NAN	
17,22	0,28965	1,0235	NAN	
17,24	0,3009	1,0235	NAN	
17,26	0,3072	1,0235	NAN	
17,28	0,3072	1,0235	NAN	
17,3	0,3072	1,0235	NAN	
17,32	0,3072	1,0235	NAN	
17,34	0,3072	1,0235	NAN	
17,36	0,3072	1,0235	NAN	
17,38	0,3072	1,0235	NAN	
17,4	0,3072	1,0235	NAN	
17,42	0,3072	1,0235	NAN	
17,44	0,3072	1,0235	NAN	
17,46	0,3072	1,0235	NAN	
17,48	0,3072	1,0235	NAN	
17,5	0,3072	1,0235	NAN	
17,52	0,3072	1,0235	NAN	
17,54	0,3072	1,0235	NAN	
17,56	0,3072	1,0235	NAN	
17,58	0,3072	1,0235	NAN	
17,6	0,3072	1,0235	NAN	
17,62	0,3072	1,0235	NAN	
17,64	0,3072	1,0235	NAN	
17,66	0,3072	1,0235	NAN	
17,68	0,3072	1,0235	NAN	
17,7	0,3072	1,0235	NAN	
17,72	0,3072	1,0235	NAN	
17,74	0,3072	1,0235	NAN	
17,76	0,3072	1,0235	NAN	
17,78	0,3072	1,0235	NAN	
17,8	0,3072	1,0235	NAN	
17,82	0,3072	1,0235	NAN	
17,84	0,3072	1,0235	NAN	
17,86	0,3072	1,0235	NAN	
17,88	0,3072	1,0235	NAN	
17,9	0,3072	1,0235	NAN	
17,92	0,3072	1,0235	NAN	
17,94	0,3072	1,0235	NAN	
17,96	0,3072	1,0235	NAN	
17,98	0,3072	1,0235	NAN	
18	0,3072	1,0235	NAN	
18,02	0,3072	1,0235	NAN	
18,04	0,3072	1,0235	NAN	
18,06	0,3072	1,0235	NAN	
18,08	0,3072	1,0235	NAN	
18,1	0,3072	1,0235	NAN	
18,12	0,3072	1,0235	NAN	
18,14	0,3072	1,0235	NAN	
18,16	0,3072	1,0235	NAN	
18,18	0,3072	1,0235	NAN	
18,2	0,3072	1,0235	NAN	
18,22	0,3072	1,0235	NAN	
18,24	0,3072	1,0235	NAN	
18,26	0,3072	1,0235	NAN	
18,28	0,3072	1,0235	NAN	
18,3	0,3072	1,0235	NAN	
18,32	0,3072	1,0235	NAN	
18,34	0,3072	1,0235	NAN	
18,36	0,3072	1,0235	NAN	
18,38	0,3072	1,0235	NAN	
18,4	0,3072	1,0235	NAN	
18,42	0,3072	1,0235	NAN	
18,44	0,3072	1,0235	NAN	
18,46	0,3072	1,0235	NAN	
18,48	0,3072	1,0235	NAN	
18,5	0,3072	1,0235	NAN	
18,52	0,3072	1,0235	NAN	
18,54	0,3072	1,0235	NAN	
18,56	0,3072	1,0235	NAN	
18,58	0,3072	1,0235	NAN	
18,6	0,3072	1,0235	NAN	
18,62	0,3072	1,0235	NAN	
18,64	0,3072	1,0235	NAN	
18,66	0,3072	1,0235	NAN	
18,68	0,3072	1,0235	NAN	
18,7	0,3072	1,0235	NAN	
18,72	0,3072	1,0235	NAN	
18,74	0,3072	1,0235	NAN	
18,76	0,3072	1,0235	NAN	
18,78	0,3072	1,0235	NAN	
18,8	0,3072	1,0235	NAN	
18,82	0,3072	1,0235	NAN	
18,84	0,3072	1,0235	NAN	
18,86	0,3072	1,0235	NAN	
18,88	0,3072	1,0235	NAN	
18,9	0,3072	1,0235	NAN	
18,92	0,3072	1,0235	NAN	
18,94	0,3072	1,0235	NAN	
18,96	0,3072	1,0235	NAN	
18,98	0,3072	1,0235	NAN	
19	0,3072	1,0235	NAN	
19,02	0,3072	1,0235	NAN	
19,04	0,3072	1,0235	NAN	
19,06	0,3072	1,0235	NAN	
19,08	0,3072	1,0235	NAN	
19,1	0,3072	1,0235	NAN	
19,12	0,3072	1,0235	NAN	
19,14	0,3072	1,0235	NAN	
19,16	0,3072	1,0235	NAN	
19,18	0,3072	1,0235	NAN	
19,2	0,3072	1,0235	NAN	
19,22	0,3072	1,0235	NAN	
19,24	0,3072	1,0235	NAN	
19,26	0,3072	1,0235	NAN	
19,28	0,3072	1,0235	NAN	
19,3	0,3072	1,0235	NAN	
19,32	0,3072	1,0235	NAN	
19,34	0,3072	1,0235	NAN	
19,36	0,3072	1,0235	NAN	
19,38	0,3072	1,0235	NAN	
19,4	0,3072	1,0235	NAN	
19,42	0,3072	1,0235	NAN	
19,44	0,3072	1,0235	NAN	
19,46	0,3072	1,0235	NAN	
19,48	0,3072	1,0235	NAN	
19,5	0,3072	1,0235	NAN	
19,52	0,3072	1,0235	NAN	
19,54	0,3072	1,0235	NAN	
19,56	0,3072	1,0235	NAN	
19,58	0,3072	1,0235	NAN	
19,6	0,3072	1,0235	NAN	
19,62	0,3051	1,0235	NAN	
19,64	0,2919	1,0235	NAN	
19,66	0,27885	1,0235	NAN	
19,68	0,26565	1,0235	NAN	
19,7	0,2529	1,0235	NAN	
19,72	0,2403	1,0235	NAN	
19,74	0,2283	1,0235	NAN	
19,76	0,21645	1,0235	NAN	
19,78	0,2049	1,0235	NAN	
19,8	0,1938	1,0235	NAN	
19,82	0,18315	1,0235	NAN	
19,84	0,1731	1,0235	NAN	
19,86	0,1635	1,0235	NAN	
19,88	0,15435	1,0235	NAN	
19,9	0,14535	1,0235	NAN	
19,92	0,13695	1,0235	NAN	
19,94	0,1293	1,0235	NAN	
19,96	0,12195	1,0235	NAN	
19,98	0,11505	1,0235	NAN	
20	0,1086	1,0235	NAN	
