MIN=0	-0,3	-1	0	
MAX=0,02	0,3	1	25000	
SCALE=1	0,1	0,5	10000	
DEC=5	4	3	0	
DEF="Zeit" t / ms	"Spannung" U_A1 / V	"Spannung" U_B1 / V	"Frequenz" f / Hz	
0	0,0042	0,1895	NAN	
0,02	0,00435	0,19	NAN	
0,04	0,00405	0,19	NAN	
0,06	0,0042	0,1895	NAN	
0,08	0,00405	0,189	NAN	
0,1	0,00405	0,189	NAN	
0,12	0,00405	0,1885	NAN	
0,14	0,00405	0,1885	NAN	
0,16	0,0039	0,1875	NAN	
0,18	0,0039	0,187	NAN	
0,2	0,00375	0,187	NAN	
0,22	0,00405	0,1865	NAN	
0,24	0,00405	0,1865	NAN	
0,26	0,0039	0,1855	NAN	
0,28	0,0036	0,1855	NAN	
0,3	0,0036	0,185	NAN	
0,32	0,0036	0,1845	NAN	
0,34	0,00375	0,1835	NAN	
0,36	0,00345	0,183	NAN	
0,38	0,0036	0,182	NAN	
0,4	0,0033	0,182	NAN	
0,42	0,0036	0,1815	NAN	
0,44	0,00345	0,1815	NAN	
0,46	0,00345	0,181	NAN	
0,48	0,0033	0,18	NAN	
0,5	0,00315	0,18	NAN	
0,52	0,0033	0,179	NAN	
0,54	0,00315	0,1785	NAN	
0,56	0,00315	0,1785	NAN	
0,58	0,00315	0,178	NAN	
0,6	0,003	0,177	NAN	
0,62	0,00285	0,1765	NAN	
0,64	0,003	0,176	NAN	
0,66	0,003	0,1755	NAN	
0,68	0,00285	0,1745	NAN	
0,7	0,0027	0,174	NAN	
0,72	0,00285	0,174	NAN	
0,74	0,0027	0,173	NAN	
0,76	0,0024	0,172	NAN	
0,78	0,0024	0,172	NAN	
0,8	0,00255	0,1715	NAN	
0,82	0,0027	0,17	NAN	
0,84	0,0024	0,1695	NAN	
0,86	0,0024	0,1695	NAN	
0,88	0,0024	0,1685	NAN	
0,9	0,0021	0,1675	NAN	
0,92	0,00225	0,1675	NAN	
0,94	0,00225	0,167	NAN	
0,96	0,0021	0,1655	NAN	
0,98	0,00195	0,165	NAN	
1	0,0021	0,165	NAN	
1,02	0,00195	0,1635	NAN	
1,04	0,00195	0,163	NAN	
1,06	0,00195	0,1625	NAN	
1,08	0,00195	0,1615	NAN	
1,1	0,00165	0,1605	NAN	
1,12	0,00165	0,16	NAN	
1,14	0,00165	0,1605	NAN	
1,16	0,0015	0,159	NAN	
1,18	0,00135	0,1575	NAN	
1,2	0,0015	0,1575	NAN	
1,22	0,0015	0,1565	NAN	
1,24	0,0015	0,156	NAN	
1,26	0,00135	0,155	NAN	
1,28	0,00135	0,1545	NAN	
1,3	0,0015	0,1535	NAN	
1,32	0,0012	0,1525	NAN	
1,34	0,00105	0,152	NAN	
1,36	0,0012	0,1515	NAN	
1,38	0,0009	0,15	NAN	
1,4	0,0009	0,149	NAN	
1,42	0,00105	0,149	NAN	
1,44	0,00105	0,1475	NAN	
1,46	0,0009	0,1465	NAN	
1,48	0,00075	0,146	NAN	
1,5	0,0009	0,1455	NAN	
1,52	0,00075	0,1445	NAN	
1,54	0,0006	0,143	NAN	
1,56	0,00045	0,1425	NAN	
1,58	0,00045	0,1415	NAN	
1,6	0,00045	0,1405	NAN	
1,62	0,00045	0,14	NAN	
1,64	0,00045	0,1395	NAN	
1,66	0,00015	0,138	NAN	
1,68	0	0,137	NAN	
1,7	0,00045	0,1365	NAN	
1,72	0,00015	0,135	NAN	
1,74	0,0003	0,1345	NAN	
1,76	0,00015	0,1335	NAN	
1,78	0,00015	0,132	NAN	
1,8	0	0,1315	NAN	
1,82	0	0,1305	NAN	
1,84	0	0,13	NAN	
1,86	-0,00015	0,129	NAN	
1,88	-0,0003	0,128	NAN	
1,9	-0,00015	0,127	NAN	
1,92	-0,00045	0,126	NAN	
1,94	-0,0003	0,125	NAN	
1,96	-0,0003	0,1245	NAN	
1,98	-0,0003	0,1235	NAN	
2	-0,00045	0,1215	NAN	
2,02	-0,00045	0,121	NAN	
2,04	-0,00045	0,1205	NAN	
2,06	-0,0006	0,119	NAN	
2,08	-0,00075	0,118	NAN	
2,1	-0,0006	0,117	NAN	
2,12	-0,0006	0,1165	NAN	
2,14	-0,00075	0,1145	NAN	
2,16	-0,0009	0,1135	NAN	
2,18	-0,0009	0,1135	NAN	
2,2	-0,00105	0,112	NAN	
2,22	-0,0009	0,111	NAN	
2,24	-0,0012	0,1095	NAN	
2,26	-0,0012	0,1085	NAN	
2,28	-0,00135	0,1075	NAN	
2,3	-0,0012	0,106	NAN	
2,32	-0,0012	0,1055	NAN	
2,34	-0,00135	0,1045	NAN	
2,36	-0,00135	0,1025	NAN	
2,38	-0,0015	0,102	NAN	
2,4	-0,00135	0,1015	NAN	
2,42	-0,0015	0,1	NAN	
2,44	-0,00165	0,099	NAN	
2,46	-0,00165	0,098	NAN	
2,48	-0,0018	0,097	NAN	
2,5	-0,00165	0,0955	NAN	
2,52	-0,00195	0,094	NAN	
2,54	-0,00165	0,094	NAN	
2,56	-0,00195	0,0925	NAN	
2,58	-0,0021	0,0905	NAN	
2,6	-0,0018	0,09	NAN	
2,62	-0,00195	0,0885	NAN	
2,64	-0,0021	0,0875	NAN	
2,66	-0,0021	0,086	NAN	
2,68	-0,0021	0,0855	NAN	
2,7	-0,0021	0,084	NAN	
2,72	-0,0024	0,0835	NAN	
2,74	-0,00225	0,082	NAN	
2,76	-0,00225	0,081	NAN	
2,78	-0,0024	0,0795	NAN	
2,8	-0,0024	0,078	NAN	
2,82	-0,0021	0,0775	NAN	
2,84	-0,00225	0,076	NAN	
2,86	-0,00255	0,076	NAN	
2,88	-0,00255	0,074	NAN	
2,9	-0,00255	0,073	NAN	
2,92	-0,00255	0,0715	NAN	
2,94	-0,00285	0,07	NAN	
2,96	-0,0027	0,069	NAN	
2,98	-0,00285	0,068	NAN	
3	-0,00285	0,068	NAN	
3,02	-0,0027	0,066	NAN	
3,04	-0,00285	0,0645	NAN	
3,06	-0,003	0,063	NAN	
3,08	-0,00315	0,062	NAN	
3,1	-0,00285	0,0605	NAN	
3,12	-0,003	0,0595	NAN	
3,14	-0,003	0,0585	NAN	
3,16	-0,00315	0,057	NAN	
3,18	-0,00315	0,0555	NAN	
3,2	-0,00315	0,0545	NAN	
3,22	-0,0033	0,0535	NAN	
3,24	-0,0033	0,052	NAN	
3,26	-0,00345	0,051	NAN	
3,28	-0,0036	0,051	NAN	
3,3	-0,00345	0,049	NAN	
3,32	-0,00345	0,0475	NAN	
3,34	-0,00345	0,046	NAN	
3,36	-0,0036	0,045	NAN	
3,38	-0,0036	0,044	NAN	
3,4	-0,00375	0,0425	NAN	
3,42	-0,00375	0,0425	NAN	
3,44	-0,00375	0,0405	NAN	
3,46	-0,0039	0,039	NAN	
3,48	-0,0039	0,0375	NAN	
3,5	-0,00375	0,0365	NAN	
3,52	-0,00375	0,0355	NAN	
3,54	-0,00375	0,034	NAN	
3,56	-0,00405	0,033	NAN	
3,58	-0,00375	0,0325	NAN	
3,6	-0,0039	0,0305	NAN	
3,62	-0,0039	0,029	NAN	
3,64	-0,00405	0,028	NAN	
3,66	-0,00405	0,0275	NAN	
3,68	-0,0042	0,025	NAN	
3,7	-0,00405	0,025	NAN	
3,72	-0,00405	0,024	NAN	
3,74	-0,00405	0,0225	NAN	
3,76	-0,00435	0,0205	NAN	
3,78	-0,00435	0,0195	NAN	
3,8	-0,0039	0,0185	NAN	
3,82	-0,00435	0,017	NAN	
3,84	-0,0045	0,016	NAN	
3,86	-0,00435	0,0155	NAN	
3,88	-0,00435	0,0135	NAN	
3,9	-0,0045	0,012	NAN	
3,92	-0,0045	0,011	NAN	
3,94	-0,0045	0,01	NAN	
3,96	-0,0045	0,009	NAN	
3,98	-0,00465	0,008	NAN	
4	-0,00465	0,007	NAN	
4,02	-0,0048	0,0055	NAN	
4,04	-0,0051	0,004	NAN	
4,06	-0,0048	0,003	NAN	
4,08	-0,00465	0,002	NAN	
4,1	-0,0048	0,0005	NAN	
4,12	-0,00495	-0,0005	NAN	
4,14	-0,00495	-0,002	NAN	
4,16	-0,0048	-0,003	NAN	
4,18	-0,00495	-0,004	NAN	
4,2	-0,00495	-0,005	NAN	
4,22	-0,0048	-0,0065	NAN	
4,24	-0,00495	-0,0075	NAN	
4,26	-0,0051	-0,009	NAN	
4,28	-0,0048	-0,01	NAN	
4,3	-0,0051	-0,0115	NAN	
4,32	-0,0051	-0,013	NAN	
4,34	-0,00525	-0,014	NAN	
4,36	-0,00495	-0,015	NAN	
4,38	-0,00525	-0,0165	NAN	
4,4	-0,00525	-0,017	NAN	
4,42	-0,00525	-0,0185	NAN	
4,44	-0,00555	-0,02	NAN	
4,46	-0,00555	-0,021	NAN	
4,48	-0,0054	-0,022	NAN	
4,5	-0,0054	-0,024	NAN	
4,52	-0,00555	-0,025	NAN	
4,54	-0,0054	-0,026	NAN	
4,56	-0,0054	-0,0265	NAN	
4,58	-0,00555	-0,0285	NAN	
4,6	-0,00555	-0,0295	NAN	
4,62	-0,0057	-0,031	NAN	
4,64	-0,0057	-0,032	NAN	
4,66	-0,0057	-0,0335	NAN	
4,68	-0,00555	-0,035	NAN	
4,7	-0,0057	-0,0355	NAN	
4,72	-0,00585	-0,037	NAN	
4,74	-0,006	-0,0385	NAN	
4,76	-0,00585	-0,0395	NAN	
4,78	-0,0057	-0,0405	NAN	
4,8	-0,0057	-0,042	NAN	
4,82	-0,00585	-0,0435	NAN	
4,84	-0,00585	-0,044	NAN	
4,86	-0,00585	-0,0455	NAN	
4,88	-0,00585	-0,047	NAN	
4,9	-0,00615	-0,048	NAN	
4,92	-0,006	-0,049	NAN	
4,94	-0,00615	-0,0505	NAN	
4,96	-0,00615	-0,052	NAN	
4,98	-0,006	-0,0525	NAN	
5	-0,00615	-0,054	NAN	
5,02	-0,0063	-0,0555	NAN	
5,04	-0,0063	-0,0565	NAN	
5,06	-0,00615	-0,0575	NAN	
5,08	-0,0063	-0,0595	NAN	
5,1	-0,00645	-0,06	NAN	
5,12	-0,00615	-0,061	NAN	
5,14	-0,0063	-0,0625	NAN	
5,16	-0,0063	-0,064	NAN	
5,18	-0,0066	-0,065	NAN	
5,2	-0,0063	-0,0655	NAN	
5,22	-0,00645	-0,0675	NAN	
5,24	-0,0066	-0,069	NAN	
5,26	-0,00645	-0,069	NAN	
5,28	-0,00645	-0,0705	NAN	
5,3	-0,0066	-0,0725	NAN	
5,32	-0,0066	-0,073	NAN	
5,34	-0,0066	-0,0745	NAN	
5,36	-0,0066	-0,0755	NAN	
5,38	-0,00675	-0,077	NAN	
5,4	-0,00645	-0,078	NAN	
5,42	-0,0066	-0,079	NAN	
5,44	-0,0069	-0,0805	NAN	
5,46	-0,0069	-0,0815	NAN	
5,48	-0,00675	-0,0825	NAN	
5,5	-0,0069	-0,084	NAN	
5,52	-0,00705	-0,085	NAN	
5,54	-0,00675	-0,086	NAN	
5,56	-0,0069	-0,0875	NAN	
5,58	-0,00705	-0,0885	NAN	
5,6	-0,0069	-0,0895	NAN	
5,62	-0,00675	-0,091	NAN	
5,64	-0,00705	-0,092	NAN	
5,66	-0,0069	-0,0935	NAN	
5,68	-0,0069	-0,094	NAN	
5,7	-0,00705	-0,095	NAN	
5,72	-0,00705	-0,0965	NAN	
5,74	-0,0072	-0,098	NAN	
5,76	-0,0069	-0,099	NAN	
5,78	-0,00705	-0,1	NAN	
5,8	-0,00705	-0,101	NAN	
5,82	-0,00705	-0,102	NAN	
5,84	-0,0072	-0,1035	NAN	
5,86	-0,00735	-0,104	NAN	
5,88	-0,0072	-0,1055	NAN	
5,9	-0,00705	-0,107	NAN	
5,92	-0,00735	-0,108	NAN	
5,94	-0,00735	-0,109	NAN	
5,96	-0,00705	-0,1095	NAN	
5,98	-0,00735	-0,111	NAN	
6	-0,0072	-0,112	NAN	
6,02	-0,00735	-0,1125	NAN	
6,04	-0,00735	-0,1145	NAN	
6,06	-0,00735	-0,116	NAN	
6,08	-0,0075	-0,1165	NAN	
6,1	-0,00735	-0,1175	NAN	
6,12	-0,0075	-0,119	NAN	
6,14	-0,00765	-0,12	NAN	
6,16	-0,0072	-0,1205	NAN	
6,18	-0,00735	-0,122	NAN	
6,2	-0,0075	-0,123	NAN	
6,22	-0,00765	-0,124	NAN	
6,24	-0,0075	-0,1245	NAN	
6,26	-0,0075	-0,126	NAN	
6,28	-0,0075	-0,127	NAN	
6,3	-0,0075	-0,1275	NAN	
6,32	-0,0075	-0,129	NAN	
6,34	-0,0075	-0,13	NAN	
6,36	-0,0075	-0,131	NAN	
6,38	-0,0075	-0,1315	NAN	
6,4	-0,0075	-0,133	NAN	
6,42	-0,0078	-0,134	NAN	
6,44	-0,0078	-0,134	NAN	
6,46	-0,00765	-0,1355	NAN	
6,48	-0,00765	-0,137	NAN	
6,5	-0,0078	-0,1375	NAN	
6,52	-0,00765	-0,138	NAN	
6,54	-0,0078	-0,1395	NAN	
6,56	-0,0078	-0,141	NAN	
6,58	-0,00765	-0,1415	NAN	
6,6	-0,0075	-0,142	NAN	
6,62	-0,0078	-0,1435	NAN	
6,64	-0,0078	-0,144	NAN	
6,66	-0,00765	-0,144	NAN	
6,68	-0,00765	-0,1455	NAN	
6,7	-0,0078	-0,147	NAN	
6,72	-0,0078	-0,147	NAN	
6,74	-0,0078	-0,148	NAN	
6,76	-0,00765	-0,149	NAN	
6,78	-0,0078	-0,15	NAN	
6,8	-0,0078	-0,15	NAN	
6,82	-0,0078	-0,1515	NAN	
6,84	-0,00795	-0,1525	NAN	
6,86	-0,00795	-0,153	NAN	
6,88	-0,00795	-0,154	NAN	
6,9	-0,00795	-0,155	NAN	
6,92	-0,00795	-0,156	NAN	
6,94	-0,0078	-0,1565	NAN	
6,96	-0,0078	-0,1575	NAN	
6,98	-0,00795	-0,158	NAN	
7	-0,00795	-0,1585	NAN	
7,02	-0,0078	-0,1595	NAN	
7,04	-0,00795	-0,1605	NAN	
7,06	-0,00795	-0,161	NAN	
7,08	-0,00765	-0,1615	NAN	
7,1	-0,0078	-0,163	NAN	
7,12	-0,00795	-0,1635	NAN	
7,14	-0,00795	-0,1635	NAN	
7,16	-0,0078	-0,165	NAN	
7,18	-0,00795	-0,1655	NAN	
7,2	-0,00795	-0,1655	NAN	
7,22	-0,0078	-0,167	NAN	
7,24	-0,00795	-0,1675	NAN	
7,26	-0,00795	-0,168	NAN	
7,28	-0,0078	-0,1685	NAN	
7,3	-0,0078	-0,1695	NAN	
7,32	-0,00795	-0,1705	NAN	
7,34	-0,0081	-0,1705	NAN	
7,36	-0,0078	-0,1715	NAN	
7,38	-0,00795	-0,1725	NAN	
7,4	-0,00765	-0,173	NAN	
7,42	-0,0078	-0,173	NAN	
7,44	-0,00795	-0,174	NAN	
7,46	-0,00795	-0,175	NAN	
7,48	-0,0078	-0,175	NAN	
7,5	-0,00795	-0,1755	NAN	
7,52	-0,00795	-0,1765	NAN	
7,54	-0,00795	-0,1765	NAN	
7,56	-0,00765	-0,1765	NAN	
7,58	-0,0078	-0,178	NAN	
7,6	-0,00795	-0,1785	NAN	
7,62	-0,00795	-0,179	NAN	
7,64	-0,0078	-0,1795	NAN	
7,66	-0,0078	-0,18	NAN	
7,68	-0,0078	-0,1805	NAN	
7,7	-0,0078	-0,181	NAN	
7,72	-0,0078	-0,1815	NAN	
7,74	-0,0078	-0,183	NAN	
7,76	-0,00795	-0,1825	NAN	
7,78	-0,0078	-0,183	NAN	
7,8	-0,0078	-0,1835	NAN	
7,82	-0,0078	-0,1845	NAN	
7,84	-0,0078	-0,1845	NAN	
7,86	-0,0078	-0,185	NAN	
7,88	-0,0078	-0,186	NAN	
7,9	-0,0078	-0,186	NAN	
7,92	-0,0075	-0,186	NAN	
7,94	-0,0078	-0,187	NAN	
7,96	-0,00765	-0,1875	NAN	
7,98	-0,00765	-0,187	NAN	
8	-0,00765	-0,188	NAN	
8,02	-0,0078	-0,189	NAN	
8,04	-0,00795	-0,189	NAN	
8,06	-0,00765	-0,189	NAN	
8,08	-0,0075	-0,189	NAN	
8,1	-0,0078	-0,19	NAN	
8,12	-0,0078	-0,19	NAN	
8,14	-0,00765	-0,1905	NAN	
8,16	-0,0075	-0,191	NAN	
8,18	-0,0075	-0,191	NAN	
8,2	-0,00735	-0,191	NAN	
8,22	-0,00765	-0,192	NAN	
8,24	-0,00765	-0,192	NAN	
8,26	-0,00765	-0,1925	NAN	
8,28	-0,0075	-0,1925	NAN	
8,3	-0,0075	-0,193	NAN	
8,32	-0,0075	-0,193	NAN	
8,34	-0,0075	-0,1935	NAN	
8,36	-0,00735	-0,194	NAN	
8,38	-0,0075	-0,194	NAN	
8,4	-0,00735	-0,1935	NAN	
8,42	-0,0075	-0,1945	NAN	
8,44	-0,0075	-0,195	NAN	
8,46	-0,00765	-0,1945	NAN	
8,48	-0,00735	-0,195	NAN	
8,5	-0,0075	-0,1955	NAN	
8,52	-0,0075	-0,196	NAN	
8,54	-0,00735	-0,1955	NAN	
8,56	-0,00735	-0,196	NAN	
8,58	-0,00735	-0,196	NAN	
8,6	-0,00735	-0,196	NAN	
8,62	-0,0072	-0,1965	NAN	
8,64	-0,00735	-0,197	NAN	
8,66	-0,00735	-0,1965	NAN	
8,68	-0,0072	-0,197	NAN	
8,7	-0,0072	-0,197	NAN	
8,72	-0,0072	-0,197	NAN	
8,74	-0,0072	-0,1975	NAN	
8,76	-0,00705	-0,197	NAN	
8,78	-0,0072	-0,1975	NAN	
8,8	-0,0072	-0,1975	NAN	
8,82	-0,00705	-0,197	NAN	
8,84	-0,00705	-0,198	NAN	
8,86	-0,00705	-0,198	NAN	
8,88	-0,00705	-0,198	NAN	
8,9	-0,0069	-0,198	NAN	
8,92	-0,00705	-0,1985	NAN	
8,94	-0,00705	-0,1985	NAN	
8,96	-0,00675	-0,198	NAN	
8,98	-0,0069	-0,1985	NAN	
9	-0,0069	-0,1985	NAN	
9,02	-0,0069	-0,198	NAN	
9,04	-0,00675	-0,1985	NAN	
9,06	-0,00675	-0,199	NAN	
9,08	-0,0069	-0,1985	NAN	
9,1	-0,00675	-0,198	NAN	
9,12	-0,0069	-0,199	NAN	
9,14	-0,00705	-0,1985	NAN	
9,16	-0,0066	-0,1985	NAN	
9,18	-0,0066	-0,198	NAN	
9,2	-0,0069	-0,1985	NAN	
9,22	-0,00675	-0,1985	NAN	
9,24	-0,0066	-0,198	NAN	
9,26	-0,00675	-0,1975	NAN	
9,28	-0,0066	-0,1985	NAN	
9,3	-0,00645	-0,1975	NAN	
9,32	-0,0066	-0,198	NAN	
9,34	-0,00675	-0,1975	NAN	
9,36	-0,00645	-0,198	NAN	
9,38	-0,00645	-0,1975	NAN	
9,4	-0,0063	-0,1975	NAN	
9,42	-0,00645	-0,1975	NAN	
9,44	-0,00645	-0,197	NAN	
9,46	-0,0063	-0,197	NAN	
9,48	-0,0063	-0,197	NAN	
9,5	-0,0063	-0,197	NAN	
9,52	-0,0063	-0,1965	NAN	
9,54	-0,0063	-0,197	NAN	
9,56	-0,00615	-0,1965	NAN	
9,58	-0,006	-0,196	NAN	
9,6	-0,006	-0,1955	NAN	
9,62	-0,00615	-0,196	NAN	
9,64	-0,00615	-0,195	NAN	
9,66	-0,00615	-0,195	NAN	
9,68	-0,006	-0,195	NAN	
9,7	-0,00585	-0,195	NAN	
9,72	-0,0057	-0,1945	NAN	
9,74	-0,006	-0,1945	NAN	
9,76	-0,00585	-0,194	NAN	
9,78	-0,00585	-0,1935	NAN	
9,8	-0,00555	-0,1935	NAN	
9,82	-0,00555	-0,1935	NAN	
9,84	-0,00585	-0,193	NAN	
9,86	-0,00555	-0,1925	NAN	
9,88	-0,0057	-0,193	NAN	
9,9	-0,0057	-0,1925	NAN	
9,92	-0,00555	-0,192	NAN	
9,94	-0,0054	-0,1915	NAN	
9,96	-0,0054	-0,192	NAN	
9,98	-0,0054	-0,191	NAN	
10	-0,0054	-0,1905	NAN	
10,02	-0,00555	-0,1905	NAN	
10,04	-0,00555	-0,1905	NAN	
10,06	-0,0054	-0,1895	NAN	
10,08	-0,00525	-0,1895	NAN	
10,1	-0,00525	-0,1895	NAN	
10,12	-0,00525	-0,189	NAN	
10,14	-0,00525	-0,1885	NAN	
10,16	-0,0051	-0,188	NAN	
10,18	-0,0051	-0,1875	NAN	
10,2	-0,00495	-0,187	NAN	
10,22	-0,00495	-0,186	NAN	
10,24	-0,00495	-0,1865	NAN	
10,26	-0,0051	-0,1865	NAN	
10,28	-0,0048	-0,185	NAN	
10,3	-0,0048	-0,185	NAN	
10,32	-0,0048	-0,1855	NAN	
10,34	-0,0048	-0,184	NAN	
10,36	-0,00435	-0,1835	NAN	
10,38	-0,0045	-0,1835	NAN	
10,4	-0,0045	-0,183	NAN	
10,42	-0,00435	-0,182	NAN	
10,44	-0,0045	-0,1815	NAN	
10,46	-0,0045	-0,1815	NAN	
10,48	-0,00435	-0,181	NAN	
10,5	-0,0042	-0,1805	NAN	
10,52	-0,0042	-0,18	NAN	
10,54	-0,0042	-0,1795	NAN	
10,56	-0,0039	-0,1785	NAN	
10,58	-0,0042	-0,178	NAN	
10,6	-0,0042	-0,178	NAN	
10,62	-0,0042	-0,177	NAN	
10,64	-0,00405	-0,176	NAN	
10,66	-0,0039	-0,176	NAN	
10,68	-0,0039	-0,175	NAN	
10,7	-0,00375	-0,175	NAN	
10,72	-0,0039	-0,1745	NAN	
10,74	-0,0039	-0,1745	NAN	
10,76	-0,00375	-0,173	NAN	
10,78	-0,0036	-0,1725	NAN	
10,8	-0,00345	-0,1715	NAN	
10,82	-0,00345	-0,171	NAN	
10,84	-0,0036	-0,1705	NAN	
10,86	-0,00375	-0,17	NAN	
10,88	-0,0033	-0,169	NAN	
10,9	-0,00345	-0,169	NAN	
10,92	-0,00315	-0,168	NAN	
10,94	-0,0033	-0,167	NAN	
10,96	-0,0033	-0,167	NAN	
10,98	-0,00315	-0,1655	NAN	
11	-0,00315	-0,165	NAN	
11,02	-0,00315	-0,1645	NAN	
11,04	-0,00315	-0,164	NAN	
11,06	-0,00285	-0,1635	NAN	
11,08	-0,003	-0,1625	NAN	
11,1	-0,00285	-0,162	NAN	
11,12	-0,00285	-0,1605	NAN	
11,14	-0,0027	-0,1605	NAN	
11,16	-0,0027	-0,16	NAN	
11,18	-0,0027	-0,159	NAN	
11,2	-0,00255	-0,158	NAN	
11,22	-0,0027	-0,157	NAN	
11,24	-0,00255	-0,1565	NAN	
11,26	-0,00225	-0,1555	NAN	
11,28	-0,00225	-0,155	NAN	
11,3	-0,0021	-0,154	NAN	
11,32	-0,00225	-0,153	NAN	
11,34	-0,0021	-0,152	NAN	
11,36	-0,00225	-0,1515	NAN	
11,38	-0,0021	-0,151	NAN	
11,4	-0,00195	-0,1495	NAN	
11,42	-0,00225	-0,149	NAN	
11,44	-0,00195	-0,148	NAN	
11,46	-0,00165	-0,147	NAN	
11,48	-0,00165	-0,1465	NAN	
11,5	-0,0018	-0,1455	NAN	
11,52	-0,00195	-0,1455	NAN	
11,54	-0,0018	-0,144	NAN	
11,56	-0,0018	-0,1425	NAN	
11,58	-0,00165	-0,143	NAN	
11,6	-0,0015	-0,141	NAN	
11,62	-0,0015	-0,1405	NAN	
11,64	-0,00135	-0,14	NAN	
11,66	-0,0015	-0,139	NAN	
11,68	-0,00135	-0,137	NAN	
11,7	-0,00135	-0,137	NAN	
11,72	-0,00135	-0,136	NAN	
11,74	-0,0012	-0,135	NAN	
11,76	-0,00105	-0,134	NAN	
11,78	-0,0012	-0,133	NAN	
11,8	-0,00135	-0,1325	NAN	
11,82	-0,00105	-0,1305	NAN	
11,84	-0,0009	-0,1295	NAN	
11,86	-0,00105	-0,1295	NAN	
11,88	-0,00075	-0,128	NAN	
11,9	-0,00075	-0,127	NAN	
11,92	-0,0009	-0,1265	NAN	
11,94	-0,0006	-0,126	NAN	
11,96	-0,0006	-0,124	NAN	
11,98	-0,0006	-0,1235	NAN	
12	-0,0006	-0,1225	NAN	
12,02	-0,0006	-0,122	NAN	
12,04	-0,0003	-0,12	NAN	
12,06	-0,0003	-0,1195	NAN	
12,08	-0,0003	-0,1185	NAN	
12,1	-0,0003	-0,117	NAN	
12,12	-0,0003	-0,1165	NAN	
12,14	-0,00015	-0,115	NAN	
12,16	0	-0,114	NAN	
12,18	0	-0,113	NAN	
12,2	0	-0,1115	NAN	
12,22	-0,00015	-0,1115	NAN	
12,24	0,00015	-0,11	NAN	
12,26	0	-0,109	NAN	
12,28	0,00015	-0,108	NAN	
12,3	0,0003	-0,1065	NAN	
12,32	0,0003	-0,1055	NAN	
12,34	0,00015	-0,105	NAN	
12,36	0,0003	-0,1035	NAN	
12,38	0,0003	-0,102	NAN	
12,4	0,0003	-0,1015	NAN	
12,42	0,0003	-0,1	NAN	
12,44	0,00075	-0,099	NAN	
12,46	0,00075	-0,098	NAN	
12,48	0,0006	-0,0965	NAN	
12,5	0,00045	-0,0955	NAN	
12,52	0,0006	-0,0945	NAN	
12,54	0,0006	-0,093	NAN	
12,56	0,00075	-0,0925	NAN	
12,58	0,0009	-0,091	NAN	
12,6	0,00075	-0,09	NAN	
12,62	0,00075	-0,089	NAN	
12,64	0,00105	-0,088	NAN	
12,66	0,0012	-0,086	NAN	
12,68	0,0009	-0,0855	NAN	
12,7	0,00075	-0,0845	NAN	
12,72	0,00105	-0,0825	NAN	
12,74	0,00105	-0,082	NAN	
12,76	0,00105	-0,081	NAN	
12,78	0,0012	-0,0795	NAN	
12,8	0,0012	-0,0785	NAN	
12,82	0,00105	-0,0775	NAN	
12,84	0,00135	-0,077	NAN	
12,86	0,00135	-0,0745	NAN	
12,88	0,0015	-0,0735	NAN	
12,9	0,00135	-0,073	NAN	
12,92	0,00135	-0,071	NAN	
12,94	0,00165	-0,0695	NAN	
12,96	0,00165	-0,0695	NAN	
12,98	0,00165	-0,068	NAN	
13	0,0018	-0,0665	NAN	
13,02	0,00165	-0,065	NAN	
13,04	0,0018	-0,0645	NAN	
13,06	0,00165	-0,0635	NAN	
13,08	0,0021	-0,0615	NAN	
13,1	0,00195	-0,061	NAN	
13,12	0,0018	-0,0595	NAN	
13,14	0,00195	-0,0575	NAN	
13,16	0,0021	-0,057	NAN	
13,18	0,00195	-0,0555	NAN	
13,2	0,0021	-0,055	NAN	
13,22	0,00225	-0,0535	NAN	
13,24	0,00225	-0,052	NAN	
13,26	0,0021	-0,05	NAN	
13,28	0,0024	-0,0495	NAN	
13,3	0,00225	-0,0485	NAN	
13,32	0,00225	-0,0475	NAN	
13,34	0,00225	-0,046	NAN	
13,36	0,00255	-0,0445	NAN	
13,38	0,0024	-0,044	NAN	
13,4	0,0024	-0,043	NAN	
13,42	0,0024	-0,041	NAN	
13,44	0,00255	-0,04	NAN	
13,46	0,00255	-0,0385	NAN	
13,48	0,00255	-0,038	NAN	
13,5	0,0027	-0,0365	NAN	
13,52	0,0027	-0,035	NAN	
13,54	0,00255	-0,034	NAN	
13,56	0,003	-0,0325	NAN	
13,58	0,0027	-0,0315	NAN	
13,6	0,0027	-0,0305	NAN	
13,62	0,00285	-0,0295	NAN	
13,64	0,003	-0,028	NAN	
13,66	0,00285	-0,027	NAN	
13,68	0,003	-0,025	NAN	
13,7	0,003	-0,024	NAN	
13,72	0,003	-0,023	NAN	
13,74	0,003	-0,0215	NAN	
13,76	0,00315	-0,021	NAN	
13,78	0,0033	-0,0195	NAN	
13,8	0,00315	-0,0185	NAN	
13,82	0,0033	-0,0165	NAN	
13,84	0,0036	-0,0155	NAN	
13,86	0,0033	-0,0145	NAN	
13,88	0,0033	-0,0135	NAN	
13,9	0,0033	-0,012	NAN	
13,92	0,0033	-0,011	NAN	
13,94	0,0033	-0,0095	NAN	
13,96	0,0033	-0,0085	NAN	
13,98	0,0033	-0,007	NAN	
14	0,00345	-0,006	NAN	
14,02	0,00345	-0,005	NAN	
14,04	0,00375	-0,0035	NAN	
14,06	0,0036	-0,002	NAN	
14,08	0,0036	-0,001	NAN	
14,1	0,0036	0	NAN	
14,12	0,0036	0,0015	NAN	
14,14	0,00375	0,002	NAN	
14,16	0,00375	0,0035	NAN	
14,18	0,00375	0,005	NAN	
14,2	0,00375	0,006	NAN	
14,22	0,00375	0,007	NAN	
14,24	0,00375	0,008	NAN	
14,26	0,0039	0,0095	NAN	
14,28	0,00405	0,0105	NAN	
14,3	0,00375	0,012	NAN	
14,32	0,0039	0,0135	NAN	
14,34	0,00405	0,0145	NAN	
14,36	0,00405	0,015	NAN	
14,38	0,0042	0,017	NAN	
14,4	0,0042	0,0185	NAN	
14,42	0,00405	0,019	NAN	
14,44	0,0042	0,0205	NAN	
14,46	0,0042	0,022	NAN	
14,48	0,00435	0,023	NAN	
14,5	0,00435	0,024	NAN	
14,52	0,00435	0,025	NAN	
14,54	0,0045	0,027	NAN	
14,56	0,0045	0,028	NAN	
14,58	0,00435	0,029	NAN	
14,6	0,00435	0,0305	NAN	
14,62	0,0045	0,0315	NAN	
14,64	0,0045	0,0325	NAN	
14,66	0,0045	0,0335	NAN	
14,68	0,00465	0,035	NAN	
14,7	0,0045	0,0365	NAN	
14,72	0,0045	0,0375	NAN	
14,74	0,00465	0,039	NAN	
14,76	0,0048	0,04	NAN	
14,78	0,00465	0,041	NAN	
14,8	0,0048	0,042	NAN	
14,82	0,0048	0,044	NAN	
14,84	0,0048	0,0445	NAN	
14,86	0,00465	0,046	NAN	
14,88	0,00495	0,0475	NAN	
14,9	0,00495	0,048	NAN	
14,92	0,0048	0,05	NAN	
14,94	0,0048	0,0505	NAN	
14,96	0,00495	0,052	NAN	
14,98	0,00495	0,0535	NAN	
15	0,0051	0,054	NAN	
15,02	0,00495	0,0555	NAN	
15,04	0,00525	0,0565	NAN	
15,06	0,0051	0,0575	NAN	
15,08	0,0051	0,0595	NAN	
15,1	0,00525	0,0605	NAN	
15,12	0,0051	0,0615	NAN	
15,14	0,00525	0,063	NAN	
15,16	0,00555	0,064	NAN	
15,18	0,00555	0,065	NAN	
15,2	0,00525	0,066	NAN	
15,22	0,00525	0,067	NAN	
15,24	0,00555	0,069	NAN	
15,26	0,00525	0,07	NAN	
15,28	0,0054	0,0705	NAN	
15,3	0,0054	0,0725	NAN	
15,32	0,00525	0,0735	NAN	
15,34	0,0054	0,0745	NAN	
15,36	0,00555	0,0755	NAN	
15,38	0,00555	0,077	NAN	
15,4	0,00555	0,078	NAN	
15,42	0,00555	0,079	NAN	
15,44	0,00585	0,081	NAN	
15,46	0,00555	0,082	NAN	
15,48	0,0057	0,083	NAN	
15,5	0,0057	0,0835	NAN	
15,52	0,0057	0,0855	NAN	
15,54	0,00555	0,086	NAN	
15,56	0,0057	0,087	NAN	
15,58	0,0057	0,089	NAN	
15,6	0,00585	0,09	NAN	
15,62	0,0057	0,091	NAN	
15,64	0,00585	0,092	NAN	
15,66	0,00585	0,0935	NAN	
15,68	0,00585	0,0945	NAN	
15,7	0,0057	0,095	NAN	
15,72	0,0057	0,097	NAN	
15,74	0,00585	0,0975	NAN	
15,76	0,006	0,0985	NAN	
15,78	0,00585	0,0995	NAN	
15,8	0,006	0,101	NAN	
15,82	0,00585	0,102	NAN	
15,84	0,00615	0,103	NAN	
15,86	0,006	0,1045	NAN	
15,88	0,00615	0,106	NAN	
15,9	0,006	0,1065	NAN	
15,92	0,006	0,1075	NAN	
15,94	0,00615	0,109	NAN	
15,96	0,00615	0,11	NAN	
15,98	0,0063	0,111	NAN	
16	0,0063	0,1125	NAN	
16,02	0,00615	0,113	NAN	
16,04	0,00645	0,114	NAN	
16,06	0,00615	0,115	NAN	
16,08	0,00645	0,1165	NAN	
16,1	0,0063	0,1175	NAN	
16,12	0,00615	0,118	NAN	
16,14	0,0063	0,1195	NAN	
16,16	0,0063	0,121	NAN	
16,18	0,00615	0,1215	NAN	
16,2	0,0063	0,1225	NAN	
16,22	0,00645	0,124	NAN	
16,24	0,00645	0,1245	NAN	
16,26	0,00645	0,1255	NAN	
16,28	0,0066	0,127	NAN	
16,3	0,00645	0,1275	NAN	
16,32	0,0063	0,1285	NAN	
16,34	0,0063	0,1295	NAN	
16,36	0,0066	0,1305	NAN	
16,38	0,00645	0,131	NAN	
16,4	0,00645	0,1325	NAN	
16,42	0,0066	0,1335	NAN	
16,44	0,0066	0,1345	NAN	
16,46	0,00645	0,135	NAN	
16,48	0,00645	0,1365	NAN	
16,5	0,0066	0,1375	NAN	
16,52	0,00645	0,138	NAN	
16,54	0,00645	0,139	NAN	
16,56	0,0066	0,14	NAN	
16,58	0,0066	0,141	NAN	
16,6	0,00645	0,1415	NAN	
16,62	0,00645	0,143	NAN	
16,64	0,0066	0,144	NAN	
16,66	0,0066	0,144	NAN	
16,68	0,00675	0,1455	NAN	
16,7	0,0066	0,1465	NAN	
16,72	0,00645	0,147	NAN	
16,74	0,0066	0,148	NAN	
16,76	0,00675	0,149	NAN	
16,78	0,00675	0,15	NAN	
16,8	0,0066	0,1505	NAN	
16,82	0,00645	0,1515	NAN	
16,84	0,0069	0,1525	NAN	
16,86	0,00675	0,153	NAN	
16,88	0,00675	0,154	NAN	
16,9	0,0066	0,155	NAN	
16,92	0,00675	0,156	NAN	
16,94	0,00675	0,1565	NAN	
16,96	0,00675	0,1575	NAN	
16,98	0,00675	0,158	NAN	
17	0,00675	0,159	NAN	
17,02	0,0066	0,159	NAN	
17,04	0,0066	0,16	NAN	
17,06	0,0069	0,161	NAN	
17,08	0,00675	0,1615	NAN	
17,1	0,0066	0,162	NAN	
17,12	0,0069	0,1635	NAN	
17,14	0,00675	0,164	NAN	
17,16	0,00675	0,1645	NAN	
17,18	0,00675	0,165	NAN	
17,2	0,0069	0,166	NAN	
17,22	0,00675	0,1665	NAN	
17,24	0,00675	0,167	NAN	
17,26	0,00705	0,168	NAN	
17,28	0,0069	0,169	NAN	
17,3	0,0066	0,169	NAN	
17,32	0,0066	0,17	NAN	
17,34	0,00675	0,1705	NAN	
17,36	0,0069	0,171	NAN	
17,38	0,00675	0,1715	NAN	
17,4	0,0069	0,1725	NAN	
17,42	0,00675	0,173	NAN	
17,44	0,00675	0,1735	NAN	
17,46	0,00675	0,174	NAN	
17,48	0,0069	0,1755	NAN	
17,5	0,00675	0,1755	NAN	
17,52	0,00645	0,1755	NAN	
17,54	0,0066	0,1765	NAN	
17,56	0,00675	0,177	NAN	
17,58	0,0066	0,1775	NAN	
17,6	0,00645	0,178	NAN	
17,62	0,00675	0,179	NAN	
17,64	0,0069	0,1795	NAN	
17,66	0,0066	0,1795	NAN	
17,68	0,0069	0,1805	NAN	
17,7	0,00675	0,1805	NAN	
17,72	0,0066	0,181	NAN	
17,74	0,00645	0,182	NAN	
17,76	0,0069	0,1825	NAN	
17,78	0,0066	0,1825	NAN	
17,8	0,0066	0,183	NAN	
17,82	0,00675	0,1835	NAN	
17,84	0,00675	0,184	NAN	
17,86	0,00675	0,1845	NAN	
17,88	0,0069	0,185	NAN	
17,9	0,00675	0,1855	NAN	
17,92	0,0066	0,1855	NAN	
17,94	0,00675	0,186	NAN	
17,96	0,00675	0,1875	NAN	
17,98	0,0066	0,187	NAN	
18	0,00645	0,187	NAN	
18,02	0,0066	0,188	NAN	
18,04	0,00675	0,1885	NAN	
18,06	0,0066	0,1885	NAN	
18,08	0,00675	0,1885	NAN	
18,1	0,0066	0,19	NAN	
18,12	0,00645	0,19	NAN	
18,14	0,00645	0,19	NAN	
18,16	0,0066	0,191	NAN	
18,18	0,0066	0,191	NAN	
18,2	0,00645	0,191	NAN	
18,22	0,00645	0,1915	NAN	
18,24	0,00675	0,1915	NAN	
18,26	0,00645	0,192	NAN	
18,28	0,00645	0,192	NAN	
18,3	0,00645	0,1925	NAN	
18,32	0,00645	0,193	NAN	
18,34	0,00645	0,193	NAN	
18,36	0,0063	0,193	NAN	
18,38	0,0063	0,194	NAN	
18,4	0,00615	0,1935	NAN	
18,42	0,0063	0,1935	NAN	
18,44	0,00645	0,194	NAN	
18,46	0,00645	0,1945	NAN	
18,48	0,0063	0,1945	NAN	
18,5	0,0063	0,1945	NAN	
18,52	0,0063	0,1955	NAN	
18,54	0,0063	0,1955	NAN	
18,56	0,0063	0,1955	NAN	
18,58	0,0063	0,196	NAN	
18,6	0,00615	0,196	NAN	
18,62	0,00615	0,196	NAN	
18,64	0,0063	0,196	NAN	
18,66	0,0063	0,1965	NAN	
18,68	0,0063	0,197	NAN	
18,7	0,006	0,1965	NAN	
18,72	0,006	0,197	NAN	
18,74	0,00615	0,197	NAN	
18,76	0,006	0,197	NAN	
18,78	0,00585	0,197	NAN	
18,8	0,00615	0,1975	NAN	
18,82	0,00585	0,197	NAN	
18,84	0,006	0,197	NAN	
18,86	0,006	0,198	NAN	
18,88	0,0063	0,198	NAN	
18,9	0,006	0,198	NAN	
18,92	0,00585	0,198	NAN	
18,94	0,006	0,1985	NAN	
18,96	0,006	0,1975	NAN	
18,98	0,0057	0,198	NAN	
19	0,00585	0,198	NAN	
19,02	0,0057	0,198	NAN	
19,04	0,00585	0,198	NAN	
19,06	0,0057	0,198	NAN	
19,08	0,00585	0,1985	NAN	
19,1	0,00585	0,198	NAN	
19,12	0,0057	0,1975	NAN	
19,14	0,0057	0,198	NAN	
19,16	0,00585	0,198	NAN	
19,18	0,00555	0,1975	NAN	
19,2	0,00555	0,198	NAN	
19,22	0,00555	0,198	NAN	
19,24	0,00555	0,1975	NAN	
19,26	0,0057	0,197	NAN	
19,28	0,0057	0,198	NAN	
19,3	0,0054	0,1975	NAN	
19,32	0,0054	0,197	NAN	
19,34	0,00555	0,1975	NAN	
19,36	0,0057	0,1975	NAN	
19,38	0,00525	0,1965	NAN	
19,4	0,0051	0,1975	NAN	
19,42	0,00525	0,197	NAN	
19,44	0,0054	0,1965	NAN	
19,46	0,00525	0,1965	NAN	
19,48	0,00525	0,197	NAN	
19,5	0,00525	0,1965	NAN	
19,52	0,00525	0,196	NAN	
19,54	0,00495	0,1955	NAN	
19,56	0,00525	0,1965	NAN	
19,58	0,0051	0,196	NAN	
19,6	0,0048	0,195	NAN	
19,62	0,00465	0,195	NAN	
19,64	0,00525	0,1955	NAN	
19,66	0,00495	0,1945	NAN	
19,68	0,0048	0,194	NAN	
19,7	0,00465	0,195	NAN	
19,72	0,0048	0,195	NAN	
19,74	0,00465	0,194	NAN	
19,76	0,00465	0,193	NAN	
19,78	0,0048	0,194	NAN	
19,8	0,00465	0,193	NAN	
19,82	0,0045	0,193	NAN	
19,84	0,00495	0,1935	NAN	
19,86	0,00465	0,1925	NAN	
19,88	0,00435	0,192	NAN	
19,9	0,00435	0,1915	NAN	
19,92	0,0045	0,1925	NAN	
19,94	0,0045	0,192	NAN	
19,96	0,00435	0,191	NAN	
19,98	0,0045	0,191	NAN	
20	0,0042	0,1905	NAN	
